voltage_trace: voltage_traces/voltage_trace1.txt
Fixed time simulation start ######################################
hazard_threshold_val;time;shtdwn_counter;clk_counter;trace_rom_addr;executed_batches;I_layer1_pwr_apprx_values_idle_state;I_layer1_pwr_apprx_compute_state;I_layer1_pwr_apprx_values_save_state;I_layer1_pwr_apprx_values_rec_state;nv_reg1_pwr_apprx_values_poweron_state;nv_reg1_pwr_apprx_values_rec_state;nv_reg1_pwr_apprx_values_save_state;I_layer2_pwr_apprx_values_idle_state;I_layer2_pwr_apprx_compute_state;I_layer2_pwr_apprx_values_save_state;I_layer2_pwr_apprx_values_rec_state;nv_reg2_pwr_apprx_values_poweron_state;nv_reg2_pwr_apprx_values_rec_state;nv_reg2_pwr_apprx_values_save_state;I_layer3_pwr_apprx_values_idle_state;I_layer3_pwr_apprx_compute_state;I_layer3_pwr_apprx_values_save_state;I_layer3_pwr_apprx_values_rec_state;nv_reg3_pwr_apprx_values_poweron_state;nv_reg3_pwr_apprx_values_rec_state;nv_reg3_pwr_apprx_values_save_state;I_layer4_pwr_apprx_values_idle_state;I_layer4_pwr_apprx_compute_state;I_layer4_pwr_apprx_values_save_state;I_layer4_pwr_apprx_values_rec_state;nv_reg4_pwr_apprx_values_poweron_state;nv_reg4_pwr_apprx_values_rec_state;nv_reg4_pwr_apprx_values_save_state;
2450;3 ms;8;21260;0;23;2324;18274;494;161;21253;526;384;19839;759;494;161;21253;42;24;19954;644;494;161;21253;42;24;20184;414;494;161;21253;42;24;
2455;3 ms;8;21260;0;23;2324;18262;506;161;21253;534;392;19827;759;506;161;21253;42;24;19942;644;506;161;21253;42;24;20172;414;506;161;21253;42;24;
2460;3 ms;8;21260;0;23;2324;18258;510;161;21253;534;392;19823;759;510;161;21253;42;24;19938;644;510;161;21253;42;24;20168;414;510;161;21253;42;24;
2465;3 ms;8;21260;0;23;2322;18307;446;178;21253;470;328;19870;759;446;178;21253;38;20;19985;644;446;178;21253;38;20;20215;414;446;178;21253;38;20;
2470;3 ms;8;21260;0;23;2326;18263;490;174;21253;478;336;19830;759;490;174;21253;38;20;19945;644;490;174;21253;38;20;20175;414;490;174;21253;38;20;
2475;3 ms;8;21260;0;23;2330;18243;502;178;21253;482;340;19814;759;502;178;21253;38;20;19929;644;502;178;21253;38;20;20159;414;502;178;21253;38;20;
2480;3 ms;8;21260;0;23;2325;18144;610;174;21253;486;344;19710;759;610;174;21253;42;24;19825;644;610;174;21253;42;24;20055;414;610;174;21253;52;34;
2485;3 ms;8;21260;0;23;2336;18105;634;178;21253;486;344;19682;759;634;178;21253;42;24;19797;644;634;178;21253;72;54;20027;414;634;178;21253;66;48;
2490;3 ms;8;21260;0;23;2335;18120;620;178;21253;490;348;19696;759;620;178;21253;46;28;19811;644;620;178;21253;76;58;20041;414;620;178;21253;70;52;
2495;3 ms;8;21260;0;23;2330;18101;644;178;21253;426;284;19672;759;644;178;21253;96;78;19787;644;644;178;21253;110;92;20017;414;644;178;21253;70;52;
2500;3 ms;8;21260;0;22;2314;18101;660;178;21253;426;284;19656;759;660;178;21253;146;128;19771;644;660;178;21253;144;126;20013;402;660;178;21253;70;52;
2505;3 ms;8;21260;0;22;2312;18101;662;178;21253;426;284;19654;759;662;178;21253;146;128;19769;644;662;178;21253;144;126;20013;400;662;178;21253;70;52;
2510;3 ms;8;21260;0;22;2247;18072;756;178;21253;618;476;19593;726;756;178;21253;46;28;19703;616;756;178;21253;46;28;19923;396;756;178;21253;46;28;
2515;3 ms;8;21260;0;22;2253;18069;682;249;21253;550;408;19596;726;682;249;21253;42;24;19706;616;682;249;21253;42;24;19926;396;682;249;21253;42;24;
2520;3 ms;8;21260;0;22;2253;18053;698;249;21253;550;408;19580;726;698;249;21253;42;24;19690;616;698;249;21253;42;24;19910;396;698;249;21253;42;24;
2525;3 ms;8;21260;0;22;2341;18040;702;170;21253;550;408;19655;726;702;170;21253;42;24;19765;616;702;170;21253;42;24;19985;396;702;170;21253;42;24;
2530;3 ms;8;21260;0;22;2339;18028;716;170;21253;482;340;19641;726;716;170;21253;38;20;19751;616;716;170;21253;38;20;19971;396;716;170;21253;38;20;
2535;3 ms;8;21260;0;22;2341;17942;796;174;21253;550;408;19557;726;796;174;21253;42;24;19667;616;796;174;21253;42;24;19887;396;796;174;21253;42;24;
2540;3 ms;8;21260;0;22;2347;17894;834;178;21253;618;476;19515;726;834;178;21253;46;28;19625;616;834;178;21253;46;28;19845;396;834;178;21253;46;28;
2545;3 ms;8;21260;0;22;2347;17882;846;178;21253;618;476;19503;726;846;178;21253;46;28;19613;616;846;178;21253;46;28;19833;396;846;178;21253;46;28;
2550;3 ms;8;21260;0;22;2347;17874;854;178;21253;618;476;19495;726;854;178;21253;46;28;19605;616;854;178;21253;46;28;19825;396;854;178;21253;46;28;
2555;3 ms;8;21260;0;22;2347;17862;866;178;21253;618;476;19483;726;866;178;21253;46;28;19593;616;866;178;21253;46;28;19813;396;866;178;21253;46;28;
2560;3 ms;8;21260;0;22;2347;17862;866;178;21253;618;476;19483;726;866;178;21253;46;28;19593;616;866;178;21253;46;28;19813;396;866;178;21253;46;28;
2565;3 ms;8;21260;0;22;2429;17840;806;178;21253;550;408;19543;726;806;178;21253;42;24;19653;616;806;178;21253;42;24;19873;396;806;178;21253;42;24;
2570;3 ms;8;21260;0;22;2433;17832;814;174;21253;550;408;19539;726;814;174;21253;42;24;19649;616;814;174;21253;42;24;19869;396;814;174;21253;42;24;
2575;3 ms;8;21260;0;22;2433;17824;822;174;21253;550;408;19531;726;822;174;21253;42;24;19641;616;822;174;21253;42;24;19861;396;822;174;21253;42;24;
2580;3 ms;8;21260;0;22;2437;17814;802;200;21253;488;408;19525;726;802;200;21253;42;24;19635;616;802;200;21253;42;24;19855;396;802;200;21253;42;24;
2585;3 ms;8;21260;0;22;2439;17686;928;200;21253;556;476;19399;726;928;200;21253;46;28;19509;616;928;200;21253;46;28;19729;396;928;200;21253;46;28;
2590;3 ms;8;21260;0;22;2546;17678;938;91;21253;482;408;19498;726;938;91;21253;36;24;19608;616;938;91;21253;36;24;19828;396;938;91;21253;36;24;
2595;3 ms;8;21260;0;22;2544;17671;868;170;21253;414;340;19489;726;868;170;21253;32;20;19599;616;868;170;21253;32;20;19819;396;868;170;21253;32;20;
2600;3 ms;8;21260;0;22;2548;17667;868;170;21253;414;340;19489;726;868;170;21253;32;20;19599;616;868;170;21253;32;20;19819;396;868;170;21253;32;20;
2605;3 ms;8;21260;0;22;2548;17659;876;170;21253;414;340;19481;726;876;170;21253;32;20;19591;616;876;170;21253;32;20;19811;396;876;170;21253;32;20;
2610;3 ms;8;21260;0;22;2550;17623;910;170;21253;482;408;19447;726;910;170;21253;36;24;19557;616;910;170;21253;36;24;19777;396;910;170;21253;36;24;
2615;3 ms;8;21260;0;22;2550;17607;926;170;21253;482;408;19431;726;926;170;21253;36;24;19541;616;926;170;21253;36;24;19761;396;926;170;21253;36;24;
2620;3 ms;8;21260;0;22;2638;17594;930;91;21253;482;408;19506;726;930;91;21253;36;24;19616;616;930;91;21253;36;24;19836;396;930;91;21253;36;24;
2625;3 ms;8;21260;0;22;2638;17586;938;91;21253;482;408;19498;726;938;91;21253;36;24;19608;616;938;91;21253;36;24;19828;396;938;91;21253;36;24;
2630;3 ms;8;21260;0;22;2642;17578;942;91;21253;482;408;19494;726;942;91;21253;36;24;19604;616;942;91;21253;36;24;19824;396;942;91;21253;36;24;
2635;3 ms;8;21260;0;22;2642;17570;950;91;21253;482;408;19486;726;950;91;21253;36;24;19596;616;950;91;21253;36;24;19816;396;950;91;21253;36;24;
2640;3 ms;8;21260;0;22;2646;17410;1106;91;21253;618;544;19330;726;1106;91;21253;44;32;19440;616;1106;91;21253;44;32;19660;396;1106;91;21253;44;32;
2645;3 ms;8;21260;0;22;2646;17410;1106;91;21253;618;544;19330;726;1106;91;21253;44;32;19440;616;1106;91;21253;44;32;19660;396;1106;91;21253;44;32;
2650;3 ms;8;21260;0;22;2650;17404;1112;87;21253;618;544;19328;726;1112;87;21253;44;32;19438;616;1112;87;21253;44;32;19658;396;1112;87;21253;44;32;
2655;3 ms;8;21260;0;22;2650;17396;1120;87;21253;618;544;19320;726;1120;87;21253;44;32;19430;616;1120;87;21253;44;32;19650;396;1120;87;21253;44;32;
2660;3 ms;8;21260;0;22;2646;17389;1052;166;21253;482;408;19309;726;1052;166;21253;36;24;19419;616;1052;166;21253;36;24;19639;396;1052;166;21253;36;24;
2665;3 ms;8;21260;0;22;2646;17381;1060;166;21253;482;408;19301;726;1060;166;21253;36;24;19411;616;1060;166;21253;36;24;19631;396;1060;166;21253;36;24;
2670;3 ms;8;21260;0;22;2646;17377;1060;170;21253;482;408;19297;726;1060;170;21253;36;24;19407;616;1060;170;21253;36;24;19627;396;1060;170;21253;36;24;
2750;3 ms;8;21260;0;21;2829;17021;1312;91;21253;550;476;19157;693;1312;91;21253;40;28;19262;588;1312;91;21253;40;28;19472;378;1312;91;21253;40;28;
2755;3 ms;8;21260;0;21;2831;16973;1358;91;21253;618;544;19111;693;1358;91;21253;44;32;19216;588;1358;91;21253;44;32;19426;378;1358;91;21253;44;32;
2760;3 ms;8;21260;0;21;2831;16973;1358;91;21253;618;544;19111;693;1358;91;21253;44;32;19216;588;1358;91;21253;44;32;19426;378;1358;91;21253;44;32;
2765;3 ms;8;21260;0;21;2831;16963;1368;91;21253;618;544;19101;693;1368;91;21253;44;32;19206;588;1368;91;21253;44;32;19416;378;1368;91;21253;44;32;
2770;3 ms;8;21260;0;21;2831;16955;1376;91;21253;618;544;19093;693;1376;91;21253;44;32;19198;588;1376;91;21253;44;32;19408;378;1376;91;21253;44;32;
2775;3 ms;8;21260;0;21;2833;16873;1456;91;21253;686;612;19013;693;1456;91;21253;48;36;19118;588;1456;91;21253;48;36;19328;378;1456;91;21253;48;36;
2780;3 ms;8;21260;0;21;2833;16792;1458;170;21253;686;612;18932;693;1458;170;21253;48;36;19037;588;1458;170;21253;48;36;19247;378;1458;170;21253;48;36;
2785;3 ms;8;21260;0;21;2833;16732;1518;170;21253;686;612;18872;693;1518;170;21253;48;36;18977;588;1518;170;21253;48;36;19187;378;1518;170;21253;48;36;
2790;3 ms;8;21260;0;21;2925;16715;1526;87;21253;686;612;18947;693;1526;87;21253;48;36;19052;588;1526;87;21253;48;36;19262;378;1526;87;21253;48;36;
2795;3 ms;8;21260;0;21;2929;16707;1530;87;21253;686;612;18943;693;1530;87;21253;48;36;19048;588;1530;87;21253;48;36;19258;378;1530;87;21253;48;36;
2800;3 ms;8;21260;0;21;2929;16699;1538;87;21253;686;612;18935;693;1538;87;21253;48;36;19040;588;1538;87;21253;48;36;19250;378;1538;87;21253;48;36;
2805;3 ms;8;21260;0;21;2931;16625;1610;87;21253;754;680;18863;693;1610;87;21253;52;40;18968;588;1610;87;21253;52;40;19178;378;1610;87;21253;52;40;
2810;3 ms;8;21260;0;21;2929;16613;1620;91;21253;686;612;18849;693;1620;91;21253;48;36;18954;588;1620;91;21253;48;36;19164;378;1620;91;21253;48;36;
2815;3 ms;8;21260;0;21;2929;16609;1624;91;21253;686;612;18845;693;1624;91;21253;48;36;18950;588;1624;91;21253;48;36;19160;378;1624;91;21253;48;36;
2820;3 ms;8;21260;0;21;2929;16603;1630;91;21253;686;612;18839;693;1630;91;21253;48;36;18944;588;1630;91;21253;48;36;19154;378;1630;91;21253;48;36;
2825;3 ms;8;21260;0;21;2929;16599;1634;91;21253;686;612;18835;693;1634;91;21253;48;36;18940;588;1634;91;21253;48;36;19150;378;1634;91;21253;48;36;
2830;3 ms;8;21260;0;21;2929;16552;1602;170;21253;686;612;18788;693;1602;170;21253;48;36;18893;588;1602;170;21253;48;36;19103;378;1602;170;21253;48;36;
2835;3 ms;8;21260;0;21;2925;16580;1578;170;21253;622;548;18812;693;1578;170;21253;48;36;18917;588;1578;170;21253;48;36;19127;378;1578;170;21253;48;36;
2840;3 ms;8;21260;0;21;2921;16582;1580;170;21253;622;548;18810;693;1580;170;21253;48;36;18915;588;1580;170;21253;48;36;19125;378;1580;170;21253;49;37;
2845;3 ms;8;21260;0;21;3018;16542;1602;91;21253;626;552;18867;693;1602;91;21253;52;40;18972;588;1602;91;21253;82;70;19182;378;1602;91;21253;52;40;
2850;3 ms;8;21260;0;21;3013;16527;1622;91;21253;562;488;18847;693;1622;91;21253;102;90;18952;588;1622;91;21253;116;104;19162;378;1622;91;21253;84;72;
2855;3 ms;8;21260;0;20;3069;16527;1566;91;21253;494;420;18903;693;1566;91;21253;198;186;19014;582;1566;91;21253;150;138;19236;360;1566;91;21253;48;36;
2860;3 ms;8;21260;0;20;3014;16504;1644;91;21253;686;612;18858;660;1644;91;21253;48;36;18958;560;1644;91;21253;48;36;19158;360;1644;91;21253;48;36;
2865;3 ms;8;21260;0;20;3014;16496;1652;91;21253;686;612;18850;660;1652;91;21253;48;36;18950;560;1652;91;21253;48;36;19150;360;1652;91;21253;48;36;
2870;3 ms;8;21260;0;20;3014;16482;1666;91;21253;686;612;18836;660;1666;91;21253;48;36;18936;560;1666;91;21253;48;36;19136;360;1666;91;21253;48;36;
2875;3 ms;8;21260;0;20;3014;16474;1670;95;21253;686;612;18828;660;1670;95;21253;48;36;18928;560;1670;95;21253;48;36;19128;360;1670;95;21253;48;36;
2880;3 ms;8;21260;0;20;3020;16406;1736;91;21253;754;680;18766;660;1736;91;21253;52;40;18866;560;1736;91;21253;52;40;19066;360;1736;91;21253;52;40;
2885;3 ms;8;21260;0;20;3016;16395;1672;170;21253;618;544;18751;660;1672;170;21253;44;32;18851;560;1672;170;21253;44;32;19051;360;1672;170;21253;44;32;
2890;3 ms;8;21260;0;20;3018;16391;1678;166;21253;550;476;18749;660;1678;166;21253;40;28;18849;560;1678;166;21253;40;28;19049;360;1678;166;21253;40;28;
2895;3 ms;8;21260;0;20;3018;16383;1682;170;21253;550;476;18741;660;1682;170;21253;40;28;18841;560;1682;170;21253;40;28;19041;360;1682;170;21253;40;28;
2900;3 ms;8;21260;0;20;3106;16366;1690;91;21253;550;476;18812;660;1690;91;21253;40;28;18912;560;1690;91;21253;40;28;19112;360;1690;91;21253;40;28;
2905;3 ms;8;21260;0;20;3106;16362;1694;91;21253;550;476;18808;660;1694;91;21253;40;28;18908;560;1694;91;21253;40;28;19108;360;1694;91;21253;40;28;
2910;3 ms;8;21260;0;20;3108;16284;1770;91;21253;618;544;18732;660;1770;91;21253;44;32;18832;560;1770;91;21253;44;32;19032;360;1770;91;21253;44;32;
2915;3 ms;8;21260;0;20;3108;16276;1778;91;21253;618;544;18724;660;1778;91;21253;44;32;18824;560;1778;91;21253;44;32;19024;360;1778;91;21253;44;32;
2920;3 ms;8;21260;0;20;3110;16198;1854;91;21253;686;612;18648;660;1854;91;21253;48;36;18748;560;1854;91;21253;48;36;18948;360;1854;91;21253;48;36;
2925;3 ms;8;21260;0;20;3110;16188;1864;91;21253;686;612;18638;660;1864;91;21253;48;36;18738;560;1864;91;21253;48;36;18938;360;1864;91;21253;48;36;
2930;3 ms;8;21260;0;20;3110;16180;1872;91;21253;686;612;18630;660;1872;91;21253;48;36;18730;560;1872;91;21253;48;36;18930;360;1872;91;21253;48;36;
2935;3 ms;8;21260;0;20;3110;16176;1876;91;21253;686;612;18626;660;1876;91;21253;48;36;18726;560;1876;91;21253;48;36;18926;360;1876;91;21253;48;36;
2940;3 ms;8;21260;0;20;3116;16161;1810;166;21253;618;544;18617;660;1810;166;21253;44;32;18717;560;1810;166;21253;44;32;18917;360;1810;166;21253;44;32;
2945;3 ms;8;21260;0;20;3118;16113;1856;166;21253;686;612;18571;660;1856;166;21253;48;36;18671;560;1856;166;21253;48;36;18871;360;1856;166;21253;48;36;
2950;3 ms;8;21260;0;20;3120;16013;1954;166;21253;742;672;18473;660;1954;166;21253;212;148;18573;560;1954;166;21253;52;40;18773;360;1954;166;21253;52;40;
2955;3 ms;8;21260;0;20;3197;16057;1908;91;21253;678;608;18594;660;1908;91;21253;212;148;18694;560;1908;91;21253;52;40;18894;360;1908;91;21253;62;50;
2960;3 ms;8;21260;0;20;3208;16026;1928;91;21253;678;608;18574;660;1928;91;21253;212;148;18674;560;1928;91;21253;82;70;18874;360;1928;91;21253;76;64;
2965;3 ms;8;21260;0;20;3208;16014;1940;91;21253;678;608;18562;660;1940;91;21253;212;148;18662;560;1940;91;21253;82;70;18862;360;1940;91;21253;76;64;
2970;3 ms;8;21260;0;20;3197;16057;1908;91;21253;682;612;18594;660;1908;91;21253;158;94;18694;560;1908;91;21253;52;40;18894;360;1908;91;21253;62;50;
2975;3 ms;8;21260;0;20;3208;16018;1936;91;21253;682;612;18566;660;1936;91;21253;158;94;18666;560;1936;91;21253;82;70;18866;360;1936;91;21253;76;64;
2980;3 ms;8;21260;0;20;3210;15979;1898;166;21253;622;548;18529;660;1898;166;21253;98;86;18629;560;1898;166;21253;82;70;18829;360;1898;166;21253;48;36;
2985;3 ms;8;21260;0;20;3210;15965;1908;170;21253;622;548;18515;660;1908;170;21253;98;86;18615;560;1908;170;21253;82;70;18815;360;1908;170;21253;48;36;
2990;3 ms;8;21260;0;20;3210;15949;1924;170;21253;682;608;18499;660;1924;170;21253;102;90;18599;560;1924;170;21253;48;36;18799;360;1924;170;21253;48;36;
2995;3 ms;8;21260;0;20;3212;15871;2000;170;21253;754;680;18423;660;2000;170;21253;52;40;18523;560;2000;170;21253;52;40;18723;360;2000;170;21253;52;40;
3000;3 ms;8;21260;0;20;3214;15787;2082;170;21253;822;748;18341;660;2082;170;21253;56;44;18441;560;2082;170;21253;56;44;18641;360;2082;170;21253;56;44;
3005;3 ms;8;21260;0;20;3382;15760;2020;91;21253;686;612;18482;660;2020;91;21253;48;36;18582;560;2020;91;21253;48;36;18782;360;2020;91;21253;48;36;
3010;3 ms;8;21260;0;20;3384;15754;2024;91;21253;754;680;18478;660;2024;91;21253;52;40;18578;560;2024;91;21253;52;40;18778;360;2024;91;21253;52;40;
3015;3 ms;8;21260;0;20;3382;15752;2028;91;21253;686;612;18474;660;2028;91;21253;48;36;18574;560;2028;91;21253;48;36;18774;360;2028;91;21253;48;36;
3020;3 ms;8;21260;0;20;3382;15740;2036;95;21253;690;616;18462;660;2036;95;21253;52;40;18562;560;2036;95;21253;52;40;18762;360;2036;95;21253;52;40;
3025;3 ms;8;21260;0;20;3381;15740;1898;234;21253;622;548;18461;660;1898;234;21253;48;36;18561;560;1898;234;21253;48;36;18761;360;1898;234;21253;49;37;
3030;3 ms;8;21260;0;19;3369;15740;1906;238;21253;554;480;18449;660;1906;238;21253;44;32;18549;560;1906;238;21253;74;62;18756;353;1906;238;21253;68;56;
3035;3 ms;8;21260;0;19;3365;15740;1910;238;21253;622;548;18445;660;1910;238;21253;48;36;18545;560;1910;238;21253;78;66;18758;347;1910;238;21253;72;60;
3040;3 ms;8;21260;0;19;3299;15728;1900;326;21253;686;612;18400;627;1900;326;21253;48;36;18495;532;1900;326;21253;48;36;18685;342;1900;326;21253;48;36;
3045;3 ms;8;21260;0;19;3299;15660;1968;326;21253;686;612;18332;627;1968;326;21253;48;36;18427;532;1968;326;21253;48;36;18617;342;1968;326;21253;48;36;
3050;3 ms;8;21260;0;19;3299;15656;1972;326;21253;686;612;18328;627;1972;326;21253;48;36;18423;532;1972;326;21253;48;36;18613;342;1972;326;21253;48;36;
3055;3 ms;8;21260;0;19;3545;15573;2044;91;21253;754;680;18491;627;2044;91;21253;52;40;18586;532;2044;91;21253;52;40;18776;342;2044;91;21253;52;40;
3060;3 ms;8;21260;0;19;3545;15565;2052;91;21253;754;680;18483;627;2052;91;21253;52;40;18578;532;2052;91;21253;52;40;18768;342;2052;91;21253;52;40;
3065;3 ms;8;21260;0;19;3545;15563;2054;91;21253;754;680;18481;627;2054;91;21253;52;40;18576;532;2054;91;21253;52;40;18766;342;2054;91;21253;52;40;
3070;3 ms;8;21260;0;19;3545;15559;2058;91;21253;754;680;18477;627;2058;91;21253;52;40;18572;532;2058;91;21253;52;40;18762;342;2058;91;21253;52;40;
3075;3 ms;8;21260;0;19;3545;15555;2062;91;21253;754;680;18473;627;2062;91;21253;52;40;18568;532;2062;91;21253;52;40;18758;342;2062;91;21253;52;40;
3080;3 ms;8;21260;0;19;3547;15548;1988;170;21253;686;612;18468;627;1988;170;21253;48;36;18563;532;1988;170;21253;48;36;18753;342;1988;170;21253;48;36;
3085;3 ms;8;21260;0;19;3549;15470;2064;170;21253;754;680;18392;627;2064;170;21253;52;40;18487;532;2064;170;21253;52;40;18677;342;2064;170;21253;52;40;
3090;3 ms;8;21260;0;19;3553;15466;2068;166;21253;754;680;18392;627;2068;166;21253;52;40;18487;532;2068;166;21253;52;40;18677;342;2068;166;21253;52;40;
3095;3 ms;8;21260;0;19;3641;15451;2074;87;21253;754;680;18465;627;2074;87;21253;52;40;18560;532;2074;87;21253;52;40;18750;342;2074;87;21253;52;40;
3100;3 ms;8;21260;0;19;3641;15451;2074;87;21253;754;680;18465;627;2074;87;21253;52;40;18560;532;2074;87;21253;52;40;18750;342;2074;87;21253;52;40;
3105;3 ms;8;21260;0;19;3639;15439;2084;91;21253;686;612;18451;627;2084;91;21253;48;36;18546;532;2084;91;21253;48;36;18736;342;2084;91;21253;48;36;
3110;3 ms;8;21260;0;19;3641;15361;2160;91;21253;754;680;18375;627;2160;91;21253;52;40;18470;532;2160;91;21253;52;40;18660;342;2160;91;21253;52;40;
3115;3 ms;8;21260;0;19;3641;15355;2166;91;21253;754;680;18369;627;2166;91;21253;52;40;18464;532;2166;91;21253;52;40;18654;342;2166;91;21253;52;40;
3120;3 ms;8;21260;0;19;3641;15347;2174;91;21253;754;680;18361;627;2174;91;21253;52;40;18456;532;2174;91;21253;52;40;18646;342;2174;91;21253;52;40;
3125;3 ms;8;21260;0;19;3643;15344;2096;170;21253;686;612;18360;627;2096;170;21253;48;36;18455;532;2096;170;21253;48;36;18645;342;2096;170;21253;48;36;
3130;3 ms;8;21260;0;19;3645;15266;2172;170;21253;754;680;18284;627;2172;170;21253;52;40;18379;532;2172;170;21253;52;40;18569;342;2172;170;21253;52;40;
3135;3 ms;8;21260;0;19;3647;15226;2210;170;21253;822;748;18246;627;2210;170;21253;56;44;18341;532;2210;170;21253;56;44;18531;342;2210;170;21253;56;44;
3140;3 ms;8;21260;0;19;3647;15222;2214;170;21253;822;748;18242;627;2214;170;21253;56;44;18337;532;2214;170;21253;56;44;18527;342;2214;170;21253;56;44;
3145;3 ms;8;21260;0;19;3647;15214;2222;170;21253;822;748;18234;627;2222;170;21253;56;44;18329;532;2222;170;21253;56;44;18519;342;2222;170;21253;56;44;
3150;3 ms;8;21260;0;19;3735;15201;2226;91;21253;822;748;18309;627;2226;91;21253;56;44;18404;532;2226;91;21253;56;44;18594;342;2226;91;21253;56;44;
3155;3 ms;8;21260;0;19;3735;15197;2230;91;21253;822;748;18305;627;2230;91;21253;56;44;18400;532;2230;91;21253;56;44;18590;342;2230;91;21253;56;44;
3160;3 ms;8;21260;0;19;3817;15177;2164;95;21253;754;680;18367;627;2164;95;21253;52;40;18462;532;2164;95;21253;52;40;18652;342;2164;95;21253;52;40;
3165;3 ms;8;21260;0;19;3817;15169;2172;95;21253;754;680;18359;627;2172;95;21253;52;40;18454;532;2172;95;21253;52;40;18644;342;2172;95;21253;52;40;
3170;3 ms;8;21260;0;19;3819;15158;2102;174;21253;686;612;18350;627;2102;174;21253;48;36;18445;532;2102;174;21253;48;36;18635;342;2102;174;21253;48;36;
3175;3 ms;8;21260;0;19;3819;15154;2106;174;21253;686;612;18346;627;2106;174;21253;48;36;18441;532;2106;174;21253;48;36;18631;342;2106;174;21253;48;36;
3180;3 ms;8;21260;0;19;3827;15006;2250;170;21253;822;748;18206;627;2250;170;21253;56;44;18301;532;2250;170;21253;56;44;18491;342;2250;170;21253;56;44;
3185;3 ms;8;21260;0;19;3827;14994;2262;170;21253;822;748;18194;627;2262;170;21253;56;44;18289;532;2262;170;21253;56;44;18479;342;2262;170;21253;56;44;
3190;3 ms;8;21260;0;19;3827;14994;2262;170;21253;822;748;18194;627;2262;170;21253;56;44;18289;532;2262;170;21253;56;44;18479;342;2262;170;21253;56;44;
3195;3 ms;8;21260;0;19;3913;14973;2276;91;21253;754;680;18259;627;2276;91;21253;52;40;18354;532;2276;91;21253;52;40;18544;342;2276;91;21253;52;40;
3200;3 ms;8;21260;0;18;3867;14953;2342;91;21253;762;688;18193;627;2342;91;21253;160;148;18309;511;2342;91;21253;94;82;18496;324;2342;91;21253;60;48;
3205;3 ms;8;21260;0;18;3855;14953;2354;91;21253;818;744;18187;621;2354;91;21253;110;98;18304;504;2354;91;21253;56;44;18484;324;2354;91;21253;56;44;
3210;3 ms;8;21260;0;18;3844;14953;2286;170;21253;750;676;18185;612;2286;170;21253;106;94;18293;504;2286;170;21253;52;40;18473;324;2286;170;21253;52;40;
3215;3 ms;8;21260;0;18;3840;14953;2290;170;21253;750;676;18185;608;2290;170;21253;106;94;18289;504;2290;170;21253;52;40;18469;324;2290;170;21253;52;40;
3220;3 ms;8;21260;0;18;3832;14953;2298;170;21253;750;676;18185;600;2298;170;21253;106;94;18281;504;2298;170;21253;52;40;18461;324;2298;170;21253;52;40;
3225;3 ms;8;21260;0;18;3830;14845;2408;170;21253;764;752;18081;594;2408;170;21253;60;48;18171;504;2408;170;21253;118;78;18351;324;2408;170;21253;106;72;
3230;3 ms;8;21260;0;18;3830;14841;2412;170;21253;764;752;18077;594;2412;170;21253;60;48;18167;504;2412;170;21253;118;78;18347;324;2412;170;21253;106;72;
3235;3 ms;8;21260;0;18;3830;14837;2416;170;21253;764;752;18073;594;2416;170;21253;60;48;18163;504;2416;170;21253;118;78;18343;324;2416;170;21253;106;72;
3240;3 ms;8;21260;0;18;3830;14825;2428;170;21253;764;752;18061;594;2428;170;21253;158;98;18151;504;2428;170;21253;126;82;18331;324;2428;170;21253;60;48;
3245;3 ms;8;21260;0;18;3918;14816;2428;91;21253;764;752;18140;594;2428;91;21253;158;98;18230;504;2428;91;21253;126;82;18410;324;2428;91;21253;60;48;
3250;3 ms;8;21260;0;18;3926;14794;2442;91;21253;764;752;18126;594;2442;91;21253;158;98;18216;504;2442;91;21253;126;82;18396;324;2442;91;21253;60;48;
3255;3 ms;8;21260;0;18;3926;14756;2480;91;21253;826;752;18088;594;2480;91;21253;110;98;18178;504;2480;91;21253;94;82;18358;324;2480;91;21253;60;48;
3260;3 ms;8;21260;0;18;3924;14749;2410;170;21253;758;684;18079;594;2410;170;21253;106;94;18169;504;2410;170;21253;90;78;18349;324;2410;170;21253;56;44;
3265;3 ms;8;21260;0;18;3924;14741;2418;170;21253;758;684;18071;594;2418;170;21253;106;94;18161;504;2418;170;21253;90;78;18341;324;2418;170;21253;56;44;
3270;3 ms;8;21260;0;18;3926;14649;2508;170;21253;886;812;17981;594;2508;170;21253;114;102;18071;504;2508;170;21253;60;48;18251;324;2508;170;21253;60;48;
3275;3 ms;8;21260;0;18;3926;14649;2508;170;21253;886;812;17981;594;2508;170;21253;114;102;18071;504;2508;170;21253;60;48;18251;324;2508;170;21253;60;48;
3280;3 ms;8;21260;0;18;3926;14645;2512;170;21253;886;812;17977;594;2512;170;21253;114;102;18067;504;2512;170;21253;60;48;18247;324;2512;170;21253;60;48;
3285;3 ms;8;21260;0;18;3928;14555;2600;170;21253;958;884;17889;594;2600;170;21253;64;52;17979;504;2600;170;21253;64;52;18159;324;2600;170;21253;64;52;
3290;3 ms;8;21260;0;18;3926;14551;2606;170;21253;890;816;17883;594;2606;170;21253;60;48;17973;504;2606;170;21253;60;48;18153;324;2606;170;21253;60;48;
3295;3 ms;8;21260;0;18;4018;14524;2620;91;21253;890;816;17948;594;2620;91;21253;60;48;18038;504;2620;91;21253;60;48;18218;324;2620;91;21253;60;48;
3300;3 ms;8;21260;0;18;4018;14524;2620;91;21253;890;816;17948;594;2620;91;21253;60;48;18038;504;2620;91;21253;60;48;18218;324;2620;91;21253;60;48;
3305;3 ms;8;21260;0;18;4018;14520;2624;91;21253;890;816;17944;594;2624;91;21253;60;48;18034;504;2624;91;21253;60;48;18214;324;2624;91;21253;60;48;
3310;3 ms;8;21260;0;18;4016;14509;2558;170;21253;822;748;17931;594;2558;170;21253;56;44;18021;504;2558;170;21253;56;44;18201;324;2558;170;21253;56;44;
3315;3 ms;8;21260;0;18;4018;14431;2634;170;21253;890;816;17855;594;2634;170;21253;60;48;17945;504;2634;170;21253;60;48;18125;324;2634;170;21253;60;48;
3320;3 ms;8;21260;0;18;4102;14377;2600;174;21253;890;816;17885;594;2600;174;21253;60;48;17975;504;2600;174;21253;60;48;18155;324;2600;174;21253;60;48;
3325;3 ms;8;21260;0;18;4102;14369;2608;174;21253;890;816;17877;594;2608;174;21253;60;48;17967;504;2608;174;21253;60;48;18147;324;2608;174;21253;60;48;
3330;3 ms;8;21260;0;18;4106;14363;2614;170;21253;890;816;17875;594;2614;170;21253;60;48;17965;504;2614;170;21253;60;48;18145;324;2614;170;21253;60;48;
3335;3 ms;8;21260;0;18;4106;14355;2622;170;21253;890;816;17867;594;2622;170;21253;60;48;17957;504;2622;170;21253;60;48;18137;324;2622;170;21253;60;48;
3340;3 ms;8;21260;0;18;4106;14347;2626;174;21253;890;816;17859;594;2626;174;21253;60;48;17949;504;2626;174;21253;60;48;18129;324;2626;174;21253;60;48;
3345;3 ms;8;21260;0;18;4198;14332;2632;91;21253;890;816;17936;594;2632;91;21253;60;48;18026;504;2632;91;21253;60;48;18206;324;2632;91;21253;60;48;
3350;3 ms;8;21260;0;18;4198;14316;2648;91;21253;890;816;17920;594;2648;91;21253;60;48;18010;504;2648;91;21253;60;48;18190;324;2648;91;21253;60;48;
3355;3 ms;8;21260;0;18;4198;14312;2652;91;21253;890;816;17916;594;2652;91;21253;60;48;18006;504;2652;91;21253;60;48;18186;324;2652;91;21253;60;48;
3360;3 ms;8;21260;0;18;4198;14231;2654;170;21253;890;816;17835;594;2654;170;21253;60;48;17925;504;2654;170;21253;60;48;18105;324;2654;170;21253;60;48;
3365;3 ms;8;21260;0;18;4198;14219;2666;170;21253;890;816;17823;594;2666;170;21253;60;48;17913;504;2666;170;21253;60;48;18093;324;2666;170;21253;60;48;
3370;3 ms;8;21260;0;18;4198;14215;2670;170;21253;890;816;17819;594;2670;170;21253;60;48;17909;504;2670;170;21253;60;48;18089;324;2670;170;21253;60;48;
3375;3 ms;8;21260;0;17;4167;14166;2750;170;21253;766;692;17739;594;2750;170;21253;214;202;17832;501;2750;170;21253;166;154;18027;306;2750;170;21253;64;52;
3380;3 ms;8;21260;0;17;4167;14166;2750;170;21253;766;692;17739;594;2750;170;21253;214;202;17832;501;2750;170;21253;166;154;18027;306;2750;170;21253;64;52;
3385;3 ms;8;21260;0;17;4145;14166;2768;174;21253;762;688;17717;594;2768;174;21253;160;148;17830;481;2768;174;21253;128;116;18005;306;2768;174;21253;60;48;
3390;3 ms;8;21260;0;17;4135;14166;2778;174;21253;818;744;17710;591;2778;174;21253;110;98;17825;476;2778;174;21253;56;44;17995;306;2778;174;21253;56;44;
3395;3 ms;8;21260;0;17;4107;14114;2858;174;21253;890;816;17660;561;2858;174;21253;60;48;17745;476;2858;174;21253;60;48;17915;306;2858;174;21253;60;48;
3400;3 ms;8;21260;0;17;4205;14027;2930;91;21253;958;884;17671;561;2930;91;21253;64;52;17756;476;2930;91;21253;64;52;17926;306;2930;91;21253;64;52;
3405;3 ms;8;21260;0;17;4205;14021;2936;91;21253;958;884;17665;561;2936;91;21253;64;52;17750;476;2936;91;21253;64;52;17920;306;2936;91;21253;64;52;
3410;3 ms;8;21260;0;17;4203;14014;2718;318;21253;890;816;17656;561;2718;318;21253;60;48;17741;476;2718;318;21253;60;48;17911;306;2718;318;21253;60;48;
3415;3 ms;8;21260;0;17;4203;14014;2718;318;21253;890;816;17656;561;2718;318;21253;60;48;17741;476;2718;318;21253;60;48;17911;306;2718;318;21253;60;48;
3420;3 ms;8;21260;0;17;4205;13972;2758;318;21253;958;884;17616;561;2758;318;21253;64;52;17701;476;2758;318;21253;64;52;17871;306;2758;318;21253;64;52;
3425;3 ms;8;21260;0;17;4205;13916;2814;318;21253;958;884;17560;561;2814;318;21253;64;52;17645;476;2814;318;21253;64;52;17815;306;2814;318;21253;64;52;
3430;3 ms;8;21260;0;17;4207;13834;2894;318;21253;1026;952;17480;561;2894;318;21253;68;56;17565;476;2894;318;21253;68;56;17735;306;2894;318;21253;68;56;
3435;3 ms;8;21260;0;17;4207;13814;2910;322;21253;1026;952;17460;561;2910;322;21253;68;56;17545;476;2910;322;21253;68;56;17715;306;2910;322;21253;68;56;
3440;3 ms;8;21260;0;17;4445;13810;2828;170;21253;958;884;17694;561;2828;170;21253;64;52;17779;476;2828;170;21253;64;52;17949;306;2828;170;21253;64;52;
3445;3 ms;8;21260;0;17;4445;13806;2832;170;21253;958;884;17690;561;2832;170;21253;64;52;17775;476;2832;170;21253;64;52;17945;306;2832;170;21253;64;52;
3450;3 ms;8;21260;0;17;4533;13789;2840;91;21253;958;884;17761;561;2840;91;21253;64;52;17846;476;2840;91;21253;64;52;18016;306;2840;91;21253;64;52;
3455;3 ms;8;21260;0;17;4533;13785;2844;91;21253;958;884;17757;561;2844;91;21253;64;52;17842;476;2844;91;21253;64;52;18012;306;2844;91;21253;64;52;
3460;3 ms;8;21260;0;17;4533;13777;2852;91;21253;958;884;17749;561;2852;91;21253;64;52;17834;476;2852;91;21253;64;52;18004;306;2852;91;21253;64;52;
3465;3 ms;8;21260;0;17;4533;13771;2858;91;21253;958;884;17743;561;2858;91;21253;64;52;17828;476;2858;91;21253;64;52;17998;306;2858;91;21253;64;52;
3470;3 ms;8;21260;0;17;4533;13763;2866;91;21253;958;884;17735;561;2866;91;21253;64;52;17820;476;2866;91;21253;64;52;17990;306;2866;91;21253;64;52;
3475;3 ms;8;21260;0;17;4619;13707;2780;147;21253;890;816;17765;561;2780;147;21253;60;48;17850;476;2780;147;21253;60;48;18020;306;2780;147;21253;60;48;
3480;3 ms;8;21260;0;17;4619;13712;2692;230;21253;826;752;17770;561;2692;230;21253;60;48;17855;476;2692;230;21253;60;48;18025;306;2692;230;21253;60;48;
3485;3 ms;8;21260;0;17;4623;13708;2696;226;21253;826;752;17770;561;2696;226;21253;60;48;17855;476;2696;226;21253;60;48;18025;306;2696;226;21253;60;48;
3490;3 ms;8;21260;0;17;4621;13696;2710;226;21253;758;684;17756;561;2710;226;21253;56;44;17841;476;2710;226;21253;56;44;18011;306;2710;226;21253;56;44;
3495;3 ms;8;21260;0;17;4617;13688;2722;226;21253;758;684;17744;561;2722;226;21253;56;44;17829;476;2722;226;21253;56;44;17999;306;2722;226;21253;56;44;
3500;3 ms;8;21260;0;17;4702;13715;2820;16;21253;700;688;17856;561;2820;16;21253;60;48;17941;476;2820;16;21253;90;78;18111;306;2820;16;21253;92;80;
3505;3 ms;8;21260;0;17;4702;13711;2824;16;21253;700;688;17852;561;2824;16;21253;60;48;17937;476;2824;16;21253;90;78;18107;306;2824;16;21253;92;80;
3510;3 ms;8;21260;0;17;4709;13664;2836;44;21253;632;620;17812;561;2836;44;21253;56;44;17897;476;2836;44;21253;144;104;18067;306;2836;44;21253;126;92;
3515;3 ms;8;21260;0;17;4707;13655;2744;147;21253;628;616;17801;561;2744;147;21253;52;40;17886;476;2744;147;21253;110;70;18056;306;2744;147;21253;98;64;
3520;3 ms;8;21260;0;17;4707;13651;2748;147;21253;628;616;17797;561;2748;147;21253;52;40;17882;476;2748;147;21253;110;70;18052;306;2748;147;21253;98;64;
3525;3 ms;8;21260;0;17;4709;13607;2790;147;21253;696;684;17755;561;2790;147;21253;154;94;17840;476;2790;147;21253;122;78;18010;306;2790;147;21253;56;44;
3530;3 ms;8;21260;0;17;4707;13630;2682;234;21253;564;552;17776;561;2682;234;21253;150;90;17861;476;2682;234;21253;118;74;18031;306;2682;234;21253;52;40;
3535;3 ms;8;21260;0;17;4707;13622;2694;230;21253;564;552;17768;561;2694;230;21253;150;90;17853;476;2694;230;21253;118;74;18023;306;2694;230;21253;52;40;
3540;3 ms;8;21260;0;17;4711;13602;2710;230;21253;564;552;17752;561;2710;230;21253;150;90;17837;476;2710;230;21253;148;104;18007;306;2710;230;21253;76;64;
3545;3 ms;8;21260;0;17;4711;13602;2710;230;21253;564;552;17752;561;2710;230;21253;150;90;17837;476;2710;230;21253;148;104;18007;306;2710;230;21253;76;64;
3555;3 ms;8;21260;0;17;4799;13569;2734;151;21253;682;612;17807;561;2734;151;21253;208;144;17892;476;2734;151;21253;86;74;18062;306;2734;151;21253;52;40;
3560;3 ms;8;21260;0;17;4803;13567;2736;147;21253;682;612;17809;561;2736;147;21253;208;144;17894;476;2736;147;21253;86;74;18064;306;2736;147;21253;52;40;
3565;3 ms;8;21260;0;17;4803;13555;2748;147;21253;682;612;17797;561;2748;147;21253;208;144;17882;476;2748;147;21253;86;74;18052;306;2748;147;21253;52;40;
3570;3 ms;8;21260;0;17;4805;13477;2824;147;21253;750;680;17721;561;2824;147;21253;212;148;17806;476;2824;147;21253;90;78;17976;306;2824;147;21253;56;44;
3575;3 ms;8;21260;0;17;4805;13465;2836;147;21253;750;680;17709;561;2836;147;21253;212;148;17794;476;2836;147;21253;90;78;17964;306;2836;147;21253;56;44;
3580;3 ms;8;21260;0;17;4803;13450;2770;230;21253;682;612;17692;561;2770;230;21253;212;148;17777;476;2770;230;21253;52;40;17947;306;2770;230;21253;52;40;
3585;3 ms;8;21260;0;17;4807;13450;2770;226;21253;682;612;17696;561;2770;226;21253;212;148;17781;476;2770;226;21253;52;40;17951;306;2770;226;21253;52;40;
3590;3 ms;8;21260;0;17;4807;13402;2818;226;21253;690;616;17648;561;2818;226;21253;102;90;17733;476;2818;226;21253;86;74;17903;306;2818;226;21253;52;40;
3595;3 ms;8;21260;0;17;4888;13418;2800;147;21253;686;612;17745;561;2800;147;21253;106;94;17830;476;2800;147;21253;52;40;18000;306;2800;147;21253;52;40;
3600;3 ms;8;21260;0;17;4884;13418;2804;147;21253;686;612;17741;561;2804;147;21253;106;94;17826;476;2804;147;21253;52;40;17996;306;2804;147;21253;62;50;
3605;3 ms;8;21260;0;17;4895;13391;2816;151;21253;686;612;17725;561;2816;151;21253;106;94;17810;476;2816;151;21253;82;70;17980;306;2816;151;21253;76;64;
3610;3 ms;8;21260;0;17;4893;13379;2830;151;21253;622;548;17711;561;2830;151;21253;106;94;17796;476;2830;151;21253;82;70;17966;306;2830;151;21253;76;64;
3615;3 ms;8;21260;0;17;4893;13379;2830;151;21253;622;548;17711;561;2830;151;21253;106;94;17796;476;2830;151;21253;82;70;17966;306;2830;151;21253;52;40;
3620;3 ms;8;21260;0;16;4865;13379;2858;151;21253;626;552;17683;561;2858;151;21253;102;90;17768;476;2858;151;21253;116;104;17956;288;2858;151;21253;52;40;
3625;3 ms;8;21260;0;16;4856;13379;2788;230;21253;558;484;17674;561;2788;230;21253;148;136;17770;465;2788;230;21253;116;104;17947;288;2788;230;21253;48;36;
3630;3 ms;8;21260;0;16;4860;13379;2788;226;21253;558;484;17678;561;2788;226;21253;148;136;17774;465;2788;226;21253;116;104;17951;288;2788;226;21253;48;36;
3635;3 ms;8;21260;0;16;4810;13371;2846;226;21253;686;612;17653;528;2846;226;21253;48;36;17733;448;2846;226;21253;48;36;17893;288;2846;226;21253;48;36;
3640;3 ms;8;21260;0;16;4810;13371;2846;226;21253;686;612;17653;528;2846;226;21253;48;36;17733;448;2846;226;21253;48;36;17893;288;2846;226;21253;48;36;
3645;3 ms;8;21260;0;16;4948;13355;2780;170;21253;618;544;17775;528;2780;170;21253;44;32;17855;448;2780;170;21253;44;32;18015;288;2780;170;21253;44;32;
3650;3 ms;8;21260;0;16;5036;13336;2790;91;21253;618;544;17844;528;2790;91;21253;44;32;17924;448;2790;91;21253;44;32;18084;288;2790;91;21253;44;32;
3655;3 ms;8;21260;0;16;5036;13326;2800;91;21253;618;544;17834;528;2800;91;21253;44;32;17914;448;2800;91;21253;44;32;18074;288;2800;91;21253;44;32;
3660;3 ms;8;21260;0;16;5036;13322;2804;91;21253;618;544;17830;528;2804;91;21253;44;32;17910;448;2804;91;21253;44;32;18070;288;2804;91;21253;44;32;
3665;3 ms;8;21260;0;16;5038;13315;2730;170;21253;550;476;17825;528;2730;170;21253;40;28;17905;448;2730;170;21253;40;28;18065;288;2730;170;21253;40;28;
3670;3 ms;8;21260;0;16;5120;13297;2666;170;21253;482;408;17889;528;2666;170;21253;36;24;17969;448;2666;170;21253;36;24;18129;288;2666;170;21253;36;24;
3675;3 ms;8;21260;0;16;5120;13289;2674;170;21253;482;408;17881;528;2674;170;21253;36;24;17961;448;2674;170;21253;36;24;18121;288;2674;170;21253;36;24;
3680;3 ms;8;21260;0;16;5120;13275;2688;170;21253;482;408;17867;528;2688;170;21253;36;24;17947;448;2688;170;21253;36;24;18107;288;2688;170;21253;36;24;
3685;3 ms;8;21260;0;16;5120;13271;2692;170;21253;482;408;17863;528;2692;170;21253;36;24;17943;448;2692;170;21253;36;24;18103;288;2692;170;21253;36;24;
3690;3 ms;8;21260;0;16;5208;13254;2700;91;21253;482;408;17934;528;2700;91;21253;36;24;18014;448;2700;91;21253;36;24;18174;288;2700;91;21253;36;24;
3695;3 ms;8;21260;0;16;5206;13242;2714;91;21253;414;340;17920;528;2714;91;21253;32;20;18000;448;2714;91;21253;32;20;18160;288;2714;91;21253;32;20;
3700;3 ms;8;21260;0;16;5208;13235;2640;170;21253;346;272;17915;528;2640;170;21253;28;16;17995;448;2640;170;21253;28;16;18155;288;2640;170;21253;28;16;
3705;3 ms;8;21260;0;16;5208;13231;2644;170;21253;346;272;17911;528;2644;170;21253;28;16;17991;448;2644;170;21253;28;16;18151;288;2644;170;21253;28;16;
3710;3 ms;8;21260;0;16;5206;13215;2658;174;21253;278;204;17893;528;2658;174;21253;24;12;17973;448;2658;174;21253;24;12;18133;288;2658;174;21253;24;12;
3715;3 ms;8;21260;0;16;5206;13215;2658;174;21253;278;204;17893;528;2658;174;21253;24;12;17973;448;2658;174;21253;24;12;18133;288;2658;174;21253;24;12;
3720;3 ms;8;21260;0;16;5206;13211;2662;174;21253;278;204;17889;528;2662;174;21253;24;12;17969;448;2662;174;21253;24;12;18129;288;2662;174;21253;24;12;
3725;3 ms;8;21260;0;16;5206;13207;2666;174;21253;278;204;17885;528;2666;174;21253;24;12;17965;448;2666;174;21253;24;12;18125;288;2666;174;21253;24;12;
3730;3 ms;8;21260;0;16;5298;13190;2674;91;21253;278;204;17960;528;2674;91;21253;24;12;18040;448;2674;91;21253;24;12;18200;288;2674;91;21253;24;12;
3735;3 ms;8;21260;0;16;5300;13183;2448;322;21253;210;136;17955;528;2448;322;21253;20;8;18035;448;2448;322;21253;20;8;18195;288;2448;322;21253;20;8;
3740;3 ms;8;21260;0;16;5300;13183;2448;322;21253;210;136;17955;528;2448;322;21253;20;8;18035;448;2448;322;21253;20;8;18195;288;2448;322;21253;20;8;
3745;3 ms;8;21260;0;16;5300;13179;2452;322;21253;210;136;17951;528;2452;322;21253;20;8;18031;448;2452;322;21253;20;8;18191;288;2452;322;21253;20;8;
3750;3 ms;8;21260;0;16;5302;13105;2524;322;21253;278;204;17879;528;2524;322;21253;24;12;17959;448;2524;322;21253;24;12;18119;288;2524;322;21253;24;12;
3755;3 ms;8;21260;0;16;5304;13013;2614;322;21253;346;272;17789;528;2614;322;21253;28;16;17869;448;2614;322;21253;28;16;18029;288;2614;322;21253;28;16;
3760;3 ms;8;21260;0;16;5304;13001;2626;322;21253;346;272;17777;528;2626;322;21253;28;16;17857;448;2626;322;21253;28;16;18017;288;2626;322;21253;28;16;
3765;3 ms;8;21260;0;16;5304;13001;2626;322;21253;346;272;17777;528;2626;322;21253;28;16;17857;448;2626;322;21253;28;16;18017;288;2626;322;21253;28;16;
3770;3 ms;8;21260;0;16;5544;12992;2626;91;21253;346;272;18008;528;2626;91;21253;28;16;18088;448;2626;91;21253;28;16;18248;288;2626;91;21253;28;16;
3775;3 ms;8;21260;0;16;5544;12980;2638;91;21253;346;272;17996;528;2638;91;21253;28;16;18076;448;2638;91;21253;28;16;18236;288;2638;91;21253;28;16;
3780;3 ms;8;21260;0;16;5544;12980;2638;91;21253;346;272;17996;528;2638;91;21253;28;16;18076;448;2638;91;21253;28;16;18236;288;2638;91;21253;28;16;
3785;3 ms;8;21260;0;16;5548;12976;2638;91;21253;346;272;17996;528;2638;91;21253;28;16;18076;448;2638;91;21253;28;16;18236;288;2638;91;21253;28;16;
3790;3 ms;8;21260;0;16;5548;12972;2642;91;21253;346;272;17992;528;2642;91;21253;28;16;18072;448;2642;91;21253;28;16;18232;288;2642;91;21253;28;16;
3795;3 ms;8;21260;0;16;5548;12960;2654;91;21253;346;272;17980;528;2654;91;21253;28;16;18060;448;2654;91;21253;28;16;18220;288;2654;91;21253;28;16;
3800;3 ms;8;21260;0;16;5548;12960;2654;91;21253;346;272;17980;528;2654;91;21253;28;16;18060;448;2654;91;21253;28;16;18220;288;2654;91;21253;28;16;
3805;3 ms;8;21260;0;16;5552;12956;2658;87;21253;346;272;17980;528;2658;87;21253;28;16;18060;448;2658;87;21253;28;16;18220;288;2658;87;21253;28;16;
3810;3 ms;8;21260;0;16;5552;12952;2662;87;21253;346;272;17976;528;2662;87;21253;28;16;18056;448;2662;87;21253;28;16;18216;288;2662;87;21253;28;16;
3815;3 ms;8;21260;0;16;5552;12944;2666;91;21253;346;272;17968;528;2666;91;21253;28;16;18048;448;2666;91;21253;28;16;18208;288;2666;91;21253;28;16;
3820;3 ms;8;21260;0;16;5552;12944;2666;91;21253;346;272;17968;528;2666;91;21253;28;16;18048;448;2666;91;21253;28;16;18208;288;2666;91;21253;28;16;
3825;3 ms;8;21260;0;16;5552;12940;2670;91;21253;346;272;17964;528;2670;91;21253;28;16;18044;448;2670;91;21253;28;16;18204;288;2670;91;21253;28;16;
3830;3 ms;8;21260;0;16;5550;12932;2680;91;21253;278;204;17954;528;2680;91;21253;24;12;18034;448;2680;91;21253;24;12;18194;288;2680;91;21253;24;12;
3835;3 ms;8;21260;0;16;5550;12932;2680;91;21253;278;204;17954;528;2680;91;21253;24;12;18034;448;2680;91;21253;24;12;18194;288;2680;91;21253;24;12;
3840;3 ms;8;21260;0;16;5554;12924;2684;91;21253;278;204;17950;528;2684;91;21253;24;12;18030;448;2684;91;21253;24;12;18190;288;2684;91;21253;24;12;
3845;3 ms;8;21260;0;16;5554;12920;2688;91;21253;278;204;17946;528;2688;91;21253;24;12;18026;448;2688;91;21253;24;12;18186;288;2688;91;21253;24;12;
3850;3 ms;8;21260;0;16;5554;12920;2688;91;21253;278;204;17946;528;2688;91;21253;24;12;18026;448;2688;91;21253;24;12;18186;288;2688;91;21253;24;12;
3855;3 ms;8;21260;0;16;5554;12920;2688;91;21253;278;204;17946;528;2688;91;21253;24;12;18026;448;2688;91;21253;24;12;18186;288;2688;91;21253;24;12;
3860;3 ms;8;21260;0;16;5554;12916;2692;91;21253;278;204;17942;528;2692;91;21253;24;12;18022;448;2692;91;21253;24;12;18182;288;2692;91;21253;24;12;
3865;3 ms;8;21260;0;16;5554;12912;2696;91;21253;278;204;17938;528;2696;91;21253;24;12;18018;448;2696;91;21253;24;12;18178;288;2696;91;21253;24;12;
3870;3 ms;8;21260;0;16;5554;12912;2696;91;21253;278;204;17938;528;2696;91;21253;24;12;18018;448;2696;91;21253;24;12;18178;288;2696;91;21253;24;12;
3875;3 ms;8;21260;0;16;5554;12912;2696;91;21253;278;204;17938;528;2696;91;21253;24;12;18018;448;2696;91;21253;24;12;18178;288;2696;91;21253;24;12;
3880;3 ms;8;21260;0;16;5556;12864;2742;91;21253;346;272;17892;528;2742;91;21253;28;16;17972;448;2742;91;21253;28;16;18132;288;2742;91;21253;28;16;
3885;3 ms;8;21260;0;16;5556;12860;2746;91;21253;346;272;17888;528;2746;91;21253;28;16;17968;448;2746;91;21253;28;16;18128;288;2746;91;21253;28;16;
3890;3 ms;8;21260;0;16;5556;12860;2746;91;21253;346;272;17888;528;2746;91;21253;28;16;17968;448;2746;91;21253;28;16;18128;288;2746;91;21253;28;16;
3895;3 ms;8;21260;0;16;5642;12838;2678;95;21253;278;204;17952;528;2678;95;21253;24;12;18032;448;2678;95;21253;24;12;18192;288;2678;95;21253;24;12;
3900;3 ms;8;21260;0;16;5642;12830;2686;95;21253;278;204;17944;528;2686;95;21253;24;12;18024;448;2686;95;21253;24;12;18184;288;2686;95;21253;24;12;
3905;3 ms;8;21260;0;16;5642;12830;2686;95;21253;278;204;17944;528;2686;95;21253;24;12;18024;448;2686;95;21253;24;12;18184;288;2686;95;21253;24;12;
3910;3 ms;8;21260;0;16;5642;12830;2686;95;21253;278;204;17944;528;2686;95;21253;24;12;18024;448;2686;95;21253;24;12;18184;288;2686;95;21253;24;12;
3915;3 ms;8;21260;0;16;5646;12822;2694;91;21253;278;204;17940;528;2694;91;21253;24;12;18020;448;2694;91;21253;24;12;18180;288;2694;91;21253;24;12;
3920;3 ms;8;21260;0;16;5648;12684;2830;91;21253;346;272;17804;528;2830;91;21253;28;16;17884;448;2830;91;21253;28;16;18044;288;2830;91;21253;28;16;
3925;3 ms;8;21260;0;16;5648;12684;2830;91;21253;346;272;17804;528;2830;91;21253;28;16;17884;448;2830;91;21253;28;16;18044;288;2830;91;21253;28;16;
3930;3 ms;8;21260;0;16;5648;12684;2830;91;21253;346;272;17804;528;2830;91;21253;28;16;17884;448;2830;91;21253;28;16;18044;288;2830;91;21253;28;16;
3935;3 ms;8;21260;0;16;5648;12680;2834;91;21253;346;272;17800;528;2834;91;21253;28;16;17880;448;2834;91;21253;28;16;18040;288;2834;91;21253;28;16;
3940;3 ms;8;21260;0;16;5648;12672;2842;91;21253;346;272;17792;528;2842;91;21253;28;16;17872;448;2842;91;21253;28;16;18032;288;2842;91;21253;28;16;
3945;3 ms;8;21260;0;16;5648;12672;2842;91;21253;346;272;17792;528;2842;91;21253;28;16;17872;448;2842;91;21253;28;16;18032;288;2842;91;21253;28;16;
3950;3 ms;8;21260;0;16;5652;12668;2842;91;21253;346;272;17792;528;2842;91;21253;28;16;17872;448;2842;91;21253;28;16;18032;288;2842;91;21253;28;16;
3955;3 ms;8;21260;0;16;5650;12656;2856;91;21253;278;204;17778;528;2856;91;21253;24;12;17858;448;2856;91;21253;24;12;18018;288;2856;91;21253;24;12;
3960;3 ms;8;21260;0;16;5650;12656;2856;91;21253;278;204;17778;528;2856;91;21253;24;12;17858;448;2856;91;21253;24;12;18018;288;2856;91;21253;24;12;
3965;3 ms;8;21260;0;16;5650;12656;2856;91;21253;278;204;17778;528;2856;91;21253;24;12;17858;448;2856;91;21253;24;12;18018;288;2856;91;21253;24;12;
3970;3 ms;8;21260;0;16;5650;12652;2860;91;21253;278;204;17774;528;2860;91;21253;24;12;17854;448;2860;91;21253;24;12;18014;288;2860;91;21253;24;12;
3975;3 ms;8;21260;0;16;5650;12648;2864;91;21253;278;204;17770;528;2864;91;21253;24;12;17850;448;2864;91;21253;24;12;18010;288;2864;91;21253;24;12;
3980;3 ms;8;21260;0;16;5650;12648;2864;91;21253;278;204;17770;528;2864;91;21253;24;12;17850;448;2864;91;21253;24;12;18010;288;2864;91;21253;24;12;
3985;3 ms;8;21260;0;16;5650;12648;2864;91;21253;278;204;17770;528;2864;91;21253;24;12;17850;448;2864;91;21253;24;12;18010;288;2864;91;21253;24;12;
3990;3 ms;8;21260;0;16;5654;12598;2910;91;21253;350;276;17724;528;2910;91;21253;32;20;17804;448;2910;91;21253;62;50;17964;288;2910;91;21253;56;44;
3995;3 ms;8;21260;0;16;5656;12592;2914;91;21253;286;212;17720;528;2914;91;21253;32;20;17800;448;2914;91;21253;62;50;17960;288;2914;91;21253;32;20;
4000;3 ms;8;21260;0;16;5656;12592;2914;91;21253;286;212;17720;528;2914;91;21253;32;20;17800;448;2914;91;21253;62;50;17960;288;2914;91;21253;32;20;
4005;3 ms;8;21260;0;16;5652;12592;2918;91;21253;286;212;17716;528;2918;91;21253;32;20;17796;448;2918;91;21253;62;50;17956;288;2918;91;21253;32;20;
4010;3 ms;8;21260;0;15;5628;12592;2942;91;21253;286;212;17692;528;2942;91;21253;132;120;17776;444;2942;91;21253;100;88;17950;270;2942;91;21253;32;20;
4015;3 ms;8;21260;0;15;5628;12592;2942;91;21253;286;212;17692;528;2942;91;21253;132;120;17776;444;2942;91;21253;100;88;17950;270;2942;91;21253;32;20;
4020;3 ms;8;21260;0;15;5628;12592;2942;91;21253;286;212;17692;528;2942;91;21253;132;120;17776;444;2942;91;21253;100;88;17950;270;2942;91;21253;32;20;
4025;3 ms;8;21260;0;15;5624;12592;2946;91;21253;286;212;17688;528;2946;91;21253;132;120;17776;440;2946;91;21253;100;88;17946;270;2946;91;21253;32;20;
4030;3 ms;8;21260;0;15;5620;12592;2950;91;21253;286;212;17684;528;2950;91;21253;132;120;17776;436;2950;91;21253;100;88;17942;270;2950;91;21253;32;20;
4035;3 ms;8;21260;0;15;5620;12592;2950;91;21253;286;212;17684;528;2950;91;21253;132;120;17776;436;2950;91;21253;100;88;17942;270;2950;91;21253;32;20;
4040;3 ms;8;21260;0;15;5620;12592;2950;91;21253;286;212;17684;528;2950;91;21253;132;120;17776;436;2950;91;21253;100;88;17942;270;2950;91;21253;32;20;
4045;3 ms;8;21260;0;15;5616;12592;2954;91;21253;286;212;17680;528;2954;91;21253;132;120;17776;432;2954;91;21253;100;88;17938;270;2954;91;21253;32;20;
4050;3 ms;8;21260;0;15;5612;12592;2958;91;21253;286;212;17676;528;2958;91;21253;132;120;17777;427;2958;91;21253;66;54;17934;270;2958;91;21253;32;20;
4055;3 ms;8;21260;0;15;5612;12592;2958;91;21253;286;212;17676;528;2958;91;21253;132;120;17777;427;2958;91;21253;66;54;17934;270;2958;91;21253;32;20;
4060;3 ms;8;21260;0;15;5602;12592;2968;91;21253;342;268;17670;524;2968;91;21253;82;70;17774;420;2968;91;21253;28;16;17924;270;2968;91;21253;28;16;
4065;3 ms;8;21260;0;15;5598;12592;2972;91;21253;342;268;17670;520;2972;91;21253;82;70;17770;420;2972;91;21253;28;16;17920;270;2972;91;21253;28;16;
4070;3 ms;8;21260;0;15;5594;12592;2976;91;21253;342;268;17670;516;2976;91;21253;82;70;17766;420;2976;91;21253;28;16;17916;270;2976;91;21253;28;16;
4075;3 ms;8;21260;0;15;5575;12557;3030;91;21253;414;340;17637;495;3030;91;21253;32;20;17712;420;3030;91;21253;32;20;17862;270;3030;91;21253;32;20;
4080;3 ms;8;21260;0;15;5573;12553;3036;91;21253;346;272;17631;495;3036;91;21253;28;16;17706;420;3036;91;21253;28;16;17856;270;3036;91;21253;28;16;
4085;3 ms;8;21260;0;15;5573;12549;3040;91;21253;346;272;17627;495;3040;91;21253;28;16;17702;420;3040;91;21253;28;16;17852;270;3040;91;21253;28;16;
4090;3 ms;8;21260;0;15;5655;12535;2968;95;21253;278;204;17695;495;2968;95;21253;24;12;17770;420;2968;95;21253;24;12;17920;270;2968;95;21253;24;12;
4095;3 ms;8;21260;0;15;5655;12531;2972;95;21253;278;204;17691;495;2972;95;21253;24;12;17766;420;2972;95;21253;24;12;17916;270;2972;95;21253;24;12;
4100;3 ms;8;21260;0;15;5659;12531;2972;91;21253;278;204;17695;495;2972;91;21253;24;12;17770;420;2972;91;21253;24;12;17920;270;2972;91;21253;24;12;
4105;3 ms;8;21260;0;15;5661;12453;3048;91;21253;346;272;17619;495;3048;91;21253;28;16;17694;420;3048;91;21253;28;16;17844;270;3048;91;21253;28;16;
4110;3 ms;8;21260;0;15;5661;12453;3048;91;21253;346;272;17619;495;3048;91;21253;28;16;17694;420;3048;91;21253;28;16;17844;270;3048;91;21253;28;16;
4115;3 ms;8;21260;0;15;5665;12445;3052;91;21253;346;272;17615;495;3052;91;21253;28;16;17690;420;3052;91;21253;28;16;17840;270;3052;91;21253;28;16;
4120;3 ms;8;21260;0;15;5665;12441;3056;91;21253;346;272;17611;495;3056;91;21253;28;16;17686;420;3056;91;21253;28;16;17836;270;3056;91;21253;28;16;
4125;3 ms;8;21260;0;15;5665;12441;3056;91;21253;346;272;17611;495;3056;91;21253;28;16;17686;420;3056;91;21253;28;16;17836;270;3056;91;21253;28;16;
4130;3 ms;8;21260;0;15;5665;12441;3056;91;21253;346;272;17611;495;3056;91;21253;28;16;17686;420;3056;91;21253;28;16;17836;270;3056;91;21253;28;16;
4135;3 ms;8;21260;0;15;5665;12437;3060;91;21253;346;272;17607;495;3060;91;21253;28;16;17682;420;3060;91;21253;28;16;17832;270;3060;91;21253;28;16;
4140;3 ms;8;21260;0;15;5665;12433;3064;91;21253;346;272;17603;495;3064;91;21253;28;16;17678;420;3064;91;21253;28;16;17828;270;3064;91;21253;28;16;
4145;3 ms;8;21260;0;15;5665;12433;3064;91;21253;346;272;17603;495;3064;91;21253;28;16;17678;420;3064;91;21253;28;16;17828;270;3064;91;21253;28;16;
4150;3 ms;8;21260;0;15;5665;12433;3064;91;21253;346;272;17603;495;3064;91;21253;28;16;17678;420;3064;91;21253;28;16;17828;270;3064;91;21253;28;16;
4155;3 ms;8;21260;0;15;5665;12429;3068;91;21253;346;272;17599;495;3068;91;21253;28;16;17674;420;3068;91;21253;28;16;17824;270;3068;91;21253;28;16;
4160;3 ms;8;21260;0;15;5665;12429;3068;91;21253;346;272;17599;495;3068;91;21253;28;16;17674;420;3068;91;21253;28;16;17824;270;3068;91;21253;28;16;
4165;3 ms;8;21260;0;15;5669;12421;3072;91;21253;346;272;17595;495;3072;91;21253;28;16;17670;420;3072;91;21253;28;16;17820;270;3072;91;21253;28;16;
4170;3 ms;8;21260;0;15;5669;12421;3072;91;21253;346;272;17595;495;3072;91;21253;28;16;17670;420;3072;91;21253;28;16;17820;270;3072;91;21253;28;16;
4175;3 ms;8;21260;0;15;5671;12343;3148;91;21253;414;340;17519;495;3148;91;21253;32;20;17594;420;3148;91;21253;32;20;17744;270;3148;91;21253;32;20;
4180;3 ms;8;21260;0;15;5673;12265;3224;91;21253;482;408;17443;495;3224;91;21253;36;24;17518;420;3224;91;21253;36;24;17668;270;3224;91;21253;36;24;
4185;3 ms;8;21260;0;15;5673;12261;3224;95;21253;482;408;17439;495;3224;95;21253;36;24;17514;420;3224;95;21253;36;24;17664;270;3224;95;21253;36;24;
4190;3 ms;8;21260;0;15;5677;12261;3224;91;21253;482;408;17443;495;3224;91;21253;36;24;17518;420;3224;91;21253;36;24;17668;270;3224;91;21253;36;24;
4195;3 ms;8;21260;0;15;5677;12257;3228;91;21253;482;408;17439;495;3228;91;21253;36;24;17514;420;3228;91;21253;36;24;17664;270;3228;91;21253;36;24;
4200;3 ms;8;21260;0;15;5677;12257;3228;91;21253;482;408;17439;495;3228;91;21253;36;24;17514;420;3228;91;21253;36;24;17664;270;3228;91;21253;36;24;
4205;3 ms;8;21260;0;15;5677;12253;3232;91;21253;482;408;17435;495;3232;91;21253;36;24;17510;420;3232;91;21253;36;24;17660;270;3232;91;21253;36;24;
4210;3 ms;8;21260;0;15;5677;12249;3236;91;21253;482;408;17431;495;3236;91;21253;36;24;17506;420;3236;91;21253;36;24;17656;270;3236;91;21253;36;24;
4215;3 ms;8;21260;0;15;5677;12249;3236;91;21253;482;408;17431;495;3236;91;21253;36;24;17506;420;3236;91;21253;36;24;17656;270;3236;91;21253;36;24;
4220;3 ms;8;21260;0;15;5683;12193;3286;91;21253;550;476;17381;495;3286;91;21253;40;28;17456;420;3286;91;21253;40;28;17606;270;3286;91;21253;40;28;
4225;3 ms;8;21260;0;15;5685;12119;3358;91;21253;618;544;17309;495;3358;91;21253;44;32;17384;420;3358;91;21253;44;32;17534;270;3358;91;21253;44;32;
4230;3 ms;8;21260;0;15;5685;12115;3362;91;21253;618;544;17305;495;3362;91;21253;44;32;17380;420;3362;91;21253;44;32;17530;270;3362;91;21253;44;32;
4235;3 ms;8;21260;0;15;5685;12115;3362;91;21253;618;544;17305;495;3362;91;21253;44;32;17380;420;3362;91;21253;44;32;17530;270;3362;91;21253;44;32;
4240;3 ms;8;21260;0;15;5685;12105;3372;91;21253;618;544;17295;495;3372;91;21253;44;32;17370;420;3372;91;21253;44;32;17520;270;3372;91;21253;44;32;
4245;3 ms;8;21260;0;15;5685;12105;3372;91;21253;618;544;17295;495;3372;91;21253;44;32;17370;420;3372;91;21253;44;32;17520;270;3372;91;21253;44;32;
4250;3 ms;8;21260;0;15;5687;12047;3428;91;21253;618;544;17239;495;3428;91;21253;102;90;17314;420;3428;91;21253;78;66;17464;270;3428;91;21253;72;60;
4255;3 ms;8;21260;0;15;5687;12047;3428;91;21253;618;544;17239;495;3428;91;21253;102;90;17314;420;3428;91;21253;78;66;17464;270;3428;91;21253;72;60;
4260;3 ms;8;21260;0;15;5688;12048;3426;91;21253;622;548;17241;495;3426;91;21253;106;94;17316;420;3426;91;21253;82;70;17466;270;3426;91;21253;76;64;
4265;3 ms;8;21260;0;15;5684;12048;3430;91;21253;622;548;17237;495;3430;91;21253;106;94;17312;420;3430;91;21253;82;70;17462;270;3430;91;21253;52;40;
4270;3 ms;8;21260;0;15;5691;11933;3538;91;21253;682;608;17129;495;3538;91;21253;102;90;17204;420;3538;91;21253;48;36;17354;270;3538;91;21253;48;36;
4275;3 ms;8;21260;0;15;5693;11859;3610;91;21253;750;676;17057;495;3610;91;21253;106;94;17132;420;3610;91;21253;52;40;17282;270;3610;91;21253;52;40;
4280;3 ms;8;21260;0;15;5686;11850;3626;91;21253;754;680;17041;495;3626;91;21253;110;98;17116;420;3626;91;21253;56;44;17266;270;3626;91;21253;64;52;
4285;3 ms;8;21260;0;15;5778;11820;3560;95;21253;562;488;17103;495;3560;95;21253;152;140;17178;420;3560;95;21253;150;138;17328;270;3560;95;21253;52;40;
4290;3 ms;8;21260;0;15;5772;11852;3538;91;21253;498;424;17129;495;3538;91;21253;202;190;17204;420;3538;91;21253;154;142;17354;270;3538;91;21253;60;48;
4295;3 ms;8;21260;0;15;5772;11848;3542;91;21253;498;424;17125;495;3542;91;21253;202;190;17200;420;3542;91;21253;120;108;17350;270;3542;91;21253;60;48;
4300;3 ms;8;21260;0;15;5782;11830;3550;91;21253;498;424;17117;495;3550;91;21253;202;190;17192;420;3550;91;21253;150;138;17342;270;3550;91;21253;76;64;
4305;3 ms;8;21260;0;15;5769;11805;3588;91;21253;494;420;17079;495;3588;91;21253;256;244;17154;420;3588;91;21253;154;142;17304;270;3588;91;21253;62;50;
4310;3 ms;8;21260;0;15;5769;11805;3588;91;21253;494;420;17079;495;3588;91;21253;256;244;17154;420;3588;91;21253;154;142;17304;270;3588;91;21253;62;50;
4315;3 ms;8;21260;0;14;5694;11686;3782;91;21253;890;816;16918;462;3782;91;21253;60;48;16988;392;3782;91;21253;60;48;17128;252;3782;91;21253;60;48;
4320;3 ms;8;21260;0;14;5694;11682;3786;91;21253;890;816;16914;462;3786;91;21253;60;48;16984;392;3786;91;21253;60;48;17124;252;3786;91;21253;60;48;
4325;3 ms;8;21260;0;14;5698;11670;3794;91;21253;890;816;16906;462;3794;91;21253;60;48;16976;392;3794;91;21253;60;48;17116;252;3794;91;21253;60;48;
4330;3 ms;8;21260;0;14;5698;11670;3794;91;21253;890;816;16906;462;3794;91;21253;60;48;16976;392;3794;91;21253;60;48;17116;252;3794;91;21253;60;48;
4335;3 ms;8;21260;0;14;5700;11596;3866;91;21253;958;884;16834;462;3866;91;21253;64;52;16904;392;3866;91;21253;64;52;17044;252;3866;91;21253;64;52;
4340;3 ms;8;21260;0;14;5700;11592;3870;91;21253;958;884;16830;462;3870;91;21253;64;52;16900;392;3870;91;21253;64;52;17040;252;3870;91;21253;64;52;
4345;3 ms;8;21260;0;14;5702;11548;3912;91;21253;1026;952;16788;462;3912;91;21253;68;56;16858;392;3912;91;21253;68;56;16998;252;3912;91;21253;68;56;
4350;3 ms;8;21260;0;14;5702;11540;3920;91;21253;1026;952;16780;462;3920;91;21253;68;56;16850;392;3920;91;21253;68;56;16990;252;3920;91;21253;68;56;
4355;3 ms;8;21260;0;14;5704;11466;3992;91;21253;1094;1020;16708;462;3992;91;21253;72;60;16778;392;3992;91;21253;72;60;16918;252;3992;91;21253;72;60;
4360;3 ms;8;21260;0;14;5704;11466;3992;91;21253;1094;1020;16708;462;3992;91;21253;72;60;16778;392;3992;91;21253;72;60;16918;252;3992;91;21253;72;60;
4365;3 ms;8;21260;0;14;5704;11462;3996;91;21253;1094;1020;16704;462;3996;91;21253;72;60;16774;392;3996;91;21253;72;60;16914;252;3996;91;21253;72;60;
4370;3 ms;8;21260;0;14;5704;11458;4000;91;21253;1094;1020;16700;462;4000;91;21253;72;60;16770;392;4000;91;21253;72;60;16910;252;4000;91;21253;72;60;
4375;3 ms;8;21260;0;14;5710;11372;4076;95;21253;1162;1088;16620;462;4076;95;21253;76;64;16690;392;4076;95;21253;76;64;16830;252;4076;95;21253;76;64;
4380;3 ms;8;21260;0;14;5714;11220;4224;95;21253;1298;1224;16472;462;4224;95;21253;84;72;16542;392;4224;95;21253;84;72;16682;252;4224;95;21253;84;72;
4385;3 ms;8;21260;0;14;5714;11220;4224;95;21253;1298;1224;16472;462;4224;95;21253;84;72;16542;392;4224;95;21253;84;72;16682;252;4224;95;21253;84;72;
4390;3 ms;8;21260;0;14;5718;11212;4232;91;21253;1298;1224;16468;462;4232;91;21253;84;72;16538;392;4232;91;21253;84;72;16678;252;4232;91;21253;84;72;
4395;3 ms;8;21260;0;14;5720;11130;4312;91;21253;1366;1292;16388;462;4312;91;21253;88;76;16458;392;4312;91;21253;88;76;16598;252;4312;91;21253;88;76;
4400;3 ms;8;21260;0;14;5720;11122;4320;91;21253;1366;1292;16380;462;4320;91;21253;88;76;16450;392;4320;91;21253;88;76;16590;252;4320;91;21253;88;76;
4405;3 ms;8;21260;0;14;5720;11122;4320;91;21253;1366;1292;16380;462;4320;91;21253;88;76;16450;392;4320;91;21253;88;76;16590;252;4320;91;21253;88;76;
4410;3 ms;8;21260;0;14;5720;11114;4328;91;21253;1366;1292;16372;462;4328;91;21253;88;76;16442;392;4328;91;21253;88;76;16582;252;4328;91;21253;88;76;
4415;3 ms;8;21260;0;14;5720;11114;4328;91;21253;1366;1292;16372;462;4328;91;21253;88;76;16442;392;4328;91;21253;88;76;16582;252;4328;91;21253;88;76;
4420;3 ms;8;21260;0;14;5722;11080;4360;91;21253;1306;1232;16340;462;4360;91;21253;142;130;16410;392;4360;91;21253;156;144;16550;252;4360;91;21253;116;104;
4425;3 ms;8;21260;0;14;5722;11076;4364;91;21253;1306;1232;16336;462;4364;91;21253;142;130;16406;392;4364;91;21253;156;144;16546;252;4364;91;21253;116;104;
4430;3 ms;8;21260;0;14;5726;11072;4364;91;21253;1306;1232;16336;462;4364;91;21253;142;130;16406;392;4364;91;21253;156;144;16546;252;4364;91;21253;116;104;
4435;3 ms;8;21260;0;13;5660;11018;4484;91;21253;1490;1416;16226;452;4484;91;21253;258;246;16314;364;4484;91;21253;96;84;16444;234;4484;91;21253;96;84;
4440;3 ms;8;21260;0;13;5660;11018;4484;91;21253;1490;1416;16226;452;4484;91;21253;258;246;16314;364;4484;91;21253;96;84;16444;234;4484;91;21253;96;84;
4445;3 ms;8;21260;0;13;5652;11018;4492;91;21253;1494;1420;16226;444;4492;91;21253;204;192;16306;364;4492;91;21253;96;84;16436;234;4492;91;21253;96;84;
4450;3 ms;8;21260;0;13;5637;10951;4574;91;21253;1502;1428;16159;429;4574;91;21253;96;84;16224;364;4574;91;21253;96;84;16354;234;4574;91;21253;96;84;
4455;3 ms;8;21260;0;13;5637;10951;4574;91;21253;1502;1428;16159;429;4574;91;21253;96;84;16224;364;4574;91;21253;96;84;16354;234;4574;91;21253;96;84;
4460;3 ms;8;21260;0;13;5637;10947;4578;91;21253;1502;1428;16155;429;4578;91;21253;96;84;16220;364;4578;91;21253;96;84;16350;234;4578;91;21253;96;84;
4465;3 ms;8;21260;0;13;5639;10863;4660;91;21253;1570;1496;16073;429;4660;91;21253;100;88;16138;364;4660;91;21253;100;88;16268;234;4660;91;21253;100;88;
4470;3 ms;8;21260;0;13;5639;10863;4660;91;21253;1570;1496;16073;429;4660;91;21253;100;88;16138;364;4660;91;21253;100;88;16268;234;4660;91;21253;100;88;
4475;3 ms;8;21260;0;13;5639;10863;4660;91;21253;1570;1496;16073;429;4660;91;21253;100;88;16138;364;4660;91;21253;100;88;16268;234;4660;91;21253;100;88;
4480;3 ms;8;21260;0;13;5643;10855;4664;91;21253;1570;1496;16069;429;4664;91;21253;100;88;16134;364;4664;91;21253;100;88;16264;234;4664;91;21253;100;88;
4485;3 ms;8;21260;0;13;5643;10847;4668;95;21253;1570;1496;16061;429;4668;95;21253;100;88;16126;364;4668;95;21253;100;88;16256;234;4668;95;21253;100;88;
4490;3 ms;8;21260;0;13;5726;10804;4632;91;21253;1438;1364;16101;429;4632;91;21253;96;84;16166;364;4632;91;21253;96;84;16296;234;4632;91;21253;96;84;
4495;3 ms;8;21260;0;13;5726;10804;4632;91;21253;1438;1364;16101;429;4632;91;21253;96;84;16166;364;4632;91;21253;96;84;16296;234;4632;91;21253;96;84;
4500;3 ms;8;21260;0;13;5731;10715;4716;91;21253;1502;1428;16017;429;4716;91;21253;154;142;16082;364;4716;91;21253;130;118;16212;234;4716;91;21253;124;112;
4505;3 ms;8;21260;0;13;5731;10715;4716;91;21253;1502;1428;16017;429;4716;91;21253;154;142;16082;364;4716;91;21253;130;118;16212;234;4716;91;21253;124;112;
4510;3 ms;8;21260;0;13;5733;10637;4792;91;21253;1570;1496;15941;429;4792;91;21253;158;146;16006;364;4792;91;21253;134;122;16136;234;4792;91;21253;128;116;
4515;3 ms;8;21260;0;13;5728;10590;4844;91;21253;1634;1564;15889;429;4844;91;21253;214;150;15954;364;4844;91;21253;108;96;16084;234;4844;91;21253;108;96;
4520;3 ms;8;21260;0;13;5726;10580;4856;91;21253;1634;1564;15877;429;4856;91;21253;214;150;15942;364;4856;91;21253;108;96;16072;234;4856;91;21253;116;104;
4525;3 ms;8;21260;0;13;5726;10580;4856;91;21253;1634;1564;15877;429;4856;91;21253;214;150;15942;364;4856;91;21253;108;96;16072;234;4856;91;21253;116;104;
4530;3 ms;8;21260;0;13;5739;10543;4880;91;21253;1634;1564;15853;429;4880;91;21253;214;150;15918;364;4880;91;21253;138;126;16048;234;4880;91;21253;132;120;
4535;3 ms;8;21260;0;13;5739;10539;4884;91;21253;1642;1568;15849;429;4884;91;21253;108;96;15914;364;4884;91;21253;138;126;16044;234;4884;91;21253;132;120;
4540;3 ms;8;21260;0;13;5739;10535;4888;91;21253;1642;1568;15845;429;4888;91;21253;108;96;15910;364;4888;91;21253;138;126;16040;234;4888;91;21253;132;120;
4545;3 ms;8;21260;0;13;5741;10433;4988;91;21253;1710;1636;15745;429;4988;91;21253;162;150;15810;364;4988;91;21253;146;134;15940;234;4988;91;21253;112;100;
4550;3 ms;8;21260;0;13;5741;10429;4992;91;21253;1710;1636;15741;429;4992;91;21253;162;150;15806;364;4992;91;21253;146;134;15936;234;4992;91;21253;112;100;
4555;3 ms;8;21260;0;13;5741;10425;4996;91;21253;1710;1636;15737;429;4996;91;21253;162;150;15802;364;4996;91;21253;146;134;15932;234;4996;91;21253;112;100;
4560;3 ms;8;21260;0;13;5743;10329;5090;91;21253;1842;1768;15643;429;5090;91;21253;116;104;15708;364;5090;91;21253;116;104;15838;234;5090;91;21253;116;104;
4565;3 ms;8;21260;0;13;5743;10321;5094;95;21253;1842;1768;15635;429;5094;95;21253;116;104;15700;364;5094;95;21253;116;104;15830;234;5094;95;21253;116;104;
4570;3 ms;8;21260;0;13;5740;10374;5044;95;21253;1642;1568;15685;429;5044;95;21253;108;96;15750;364;5044;95;21253;108;96;15880;234;5044;95;21253;108;96;
4575;3 ms;8;21260;0;13;5740;10370;5048;95;21253;1642;1568;15681;429;5048;95;21253;108;96;15746;364;5048;95;21253;108;96;15876;234;5048;95;21253;108;96;
4580;3 ms;8;21260;0;13;5736;10366;5056;95;21253;1642;1568;15673;429;5056;95;21253;108;96;15738;364;5056;95;21253;108;96;15868;234;5056;95;21253;108;96;
4585;3 ms;8;21260;0;13;5732;10366;5060;95;21253;1642;1568;15669;429;5060;95;21253;108;96;15734;364;5060;95;21253;108;96;15864;234;5060;95;21253;118;106;
4590;3 ms;8;21260;0;13;5747;10329;5086;91;21253;1642;1568;15647;429;5086;91;21253;108;96;15712;364;5086;91;21253;138;126;15842;234;5086;91;21253;132;120;
4595;3 ms;8;21260;0;13;5747;10327;5088;91;21253;1642;1568;15645;429;5088;91;21253;108;96;15710;364;5088;91;21253;138;126;15840;234;5088;91;21253;132;120;
4600;3 ms;8;21260;0;13;5747;10327;5088;91;21253;1642;1568;15645;429;5088;91;21253;108;96;15710;364;5088;91;21253;138;126;15840;234;5088;91;21253;132;120;
4605;3 ms;8;21260;0;13;5747;10317;5098;91;21253;1642;1568;15635;429;5098;91;21253;108;96;15700;364;5098;91;21253;138;126;15830;234;5098;91;21253;132;120;
4610;3 ms;8;21260;0;13;5748;10334;5080;91;21253;1578;1504;15653;429;5080;91;21253;158;146;15718;364;5080;91;21253;142;130;15848;234;5080;91;21253;108;96;
4615;3 ms;8;21260;0;12;5664;10074;5424;91;21253;1974;1900;15342;396;5424;91;21253;178;166;15402;336;5424;91;21253;124;112;15522;216;5424;91;21253;124;112;
4620;3 ms;8;21260;0;12;5670;9840;5652;91;21253;2182;2108;15114;396;5652;91;21253;136;124;15174;336;5652;91;21253;136;124;15294;216;5652;91;21253;136;124;
4625;3 ms;8;21260;0;12;5680;9528;5954;91;21253;2386;2312;14812;396;5954;91;21253;148;136;14872;336;5954;91;21253;148;136;14992;216;5954;91;21253;148;136;
4630;3 ms;8;21260;0;12;5680;9528;5954;91;21253;2322;2248;14812;396;5954;91;21253;148;136;14872;336;5954;91;21253;178;166;14992;216;5954;91;21253;172;160;
4635;3 ms;8;21260;0;12;5679;9519;5964;91;21253;2254;2180;14802;396;5964;91;21253;144;132;14862;336;5964;91;21253;174;162;14982;216;5964;91;21253;144;132;
4640;3 ms;8;21260;0;12;5679;9539;5944;91;21253;2190;2116;14822;396;5944;91;21253;194;182;14882;336;5944;91;21253;178;166;15002;216;5944;91;21253;144;132;
4645;3 ms;8;21260;0;12;5679;9539;5944;91;21253;2190;2116;14822;396;5944;91;21253;194;182;14882;336;5944;91;21253;178;166;15002;216;5944;91;21253;144;132;
4650;3 ms;8;21260;0;12;5681;9487;5994;91;21253;2190;2116;14772;396;5994;91;21253;252;240;14832;336;5994;91;21253;242;230;14952;216;5994;91;21253;172;160;
4655;3 ms;8;21260;0;11;5589;9427;6146;91;21253;2318;2244;14653;363;6146;91;21253;252;240;14708;308;6146;91;21253;182;170;14818;198;6146;91;21253;148;136;
4660;3 ms;8;21260;0;11;5589;9403;6170;91;21253;2382;2308;14629;363;6170;91;21253;202;190;14684;308;6170;91;21253;148;136;14794;198;6170;91;21253;148;136;
4665;3 ms;8;21260;0;11;5589;9399;6174;91;21253;2382;2308;14625;363;6174;91;21253;202;190;14680;308;6174;91;21253;148;136;14790;198;6174;91;21253;148;136;
4670;3 ms;8;21260;0;12;5679;9465;6018;91;21253;2058;1984;14748;396;6018;91;21253;306;294;14808;336;6018;91;21253;272;260;14928;216;6018;91;21253;220;208;
4675;3 ms;8;21260;0;11;5646;9444;6072;91;21253;1990;1916;14694;396;6072;91;21253;460;448;14754;336;6072;91;21253;310;298;14889;201;6072;91;21253;206;194;
4680;3 ms;8;21260;0;11;5593;9403;6162;95;21253;2318;2244;14633;363;6162;95;21253;202;190;14688;308;6162;95;21253;178;166;14798;198;6162;95;21253;172;160;
4685;3 ms;8;21260;0;11;5591;9375;6192;95;21253;2250;2176;14603;363;6192;95;21253;248;236;14658;308;6192;95;21253;178;166;14768;198;6192;95;21253;144;132;
4690;3 ms;8;21260;0;11;5590;9358;6210;95;21253;2122;2048;14585;363;6210;95;21253;190;178;14640;308;6210;95;21253;174;162;14750;198;6210;95;21253;140;128;
4695;3 ms;8;21260;0;11;5586;9356;6216;95;21253;2122;2048;14579;363;6216;95;21253;190;178;14634;308;6216;95;21253;174;162;14744;198;6216;95;21253;140;128;
Fixed time simulation end ########################################

