voltage_trace: voltage_traces/voltage_trace2.txt
Fixed time simulation start ######################################
hazard_threshold_val;time;shtdwn_counter;clk_counter;trace_rom_addr;executed_batches;I_layer1_pwr_apprx_values_idle_state;I_layer1_pwr_apprx_compute_state;I_layer1_pwr_apprx_values_save_state;I_layer1_pwr_apprx_values_rec_state;nv_reg1_pwr_apprx_values_poweron_state;nv_reg1_pwr_apprx_values_rec_state;nv_reg1_pwr_apprx_values_save_state;I_layer2_pwr_apprx_values_idle_state;I_layer2_pwr_apprx_compute_state;I_layer2_pwr_apprx_values_save_state;I_layer2_pwr_apprx_values_rec_state;nv_reg2_pwr_apprx_values_poweron_state;nv_reg2_pwr_apprx_values_rec_state;nv_reg2_pwr_apprx_values_save_state;I_layer3_pwr_apprx_values_idle_state;I_layer3_pwr_apprx_compute_state;I_layer3_pwr_apprx_values_save_state;I_layer3_pwr_apprx_values_rec_state;nv_reg3_pwr_apprx_values_poweron_state;nv_reg3_pwr_apprx_values_rec_state;nv_reg3_pwr_apprx_values_save_state;I_layer4_pwr_apprx_values_idle_state;I_layer4_pwr_apprx_compute_state;I_layer4_pwr_apprx_values_save_state;I_layer4_pwr_apprx_values_rec_state;nv_reg4_pwr_apprx_values_poweron_state;nv_reg4_pwr_apprx_values_rec_state;nv_reg4_pwr_apprx_values_save_state;I_layer5_pwr_apprx_values_idle_state;I_layer5_pwr_apprx_compute_state;I_layer5_pwr_apprx_values_save_state;I_layer5_pwr_apprx_values_rec_state;nv_reg5_pwr_apprx_values_poweron_state;nv_reg5_pwr_apprx_values_rec_state;nv_reg5_pwr_apprx_values_save_state;I_layer6_pwr_apprx_values_idle_state;I_layer6_pwr_apprx_compute_state;I_layer6_pwr_apprx_values_save_state;I_layer6_pwr_apprx_values_rec_state;nv_reg6_pwr_apprx_values_poweron_state;nv_reg6_pwr_apprx_values_rec_state;nv_reg6_pwr_apprx_values_save_state;I_layer7_pwr_apprx_values_idle_state;I_layer7_pwr_apprx_compute_state;I_layer7_pwr_apprx_values_save_state;I_layer7_pwr_apprx_values_rec_state;nv_reg7_pwr_apprx_values_poweron_state;nv_reg7_pwr_apprx_values_rec_state;nv_reg7_pwr_apprx_values_save_state;I_layer8_pwr_apprx_values_idle_state;I_layer8_pwr_apprx_compute_state;I_layer8_pwr_apprx_values_save_state;I_layer8_pwr_apprx_values_rec_state;nv_reg8_pwr_apprx_values_poweron_state;nv_reg8_pwr_apprx_values_rec_state;nv_reg8_pwr_apprx_values_save_state;
2650;3 ms;97;48271;0;25;14037;20462;11282;2393;48174;7902;5840;32081;2418;11282;2393;48174;1554;1086;32731;1768;11282;2393;48174;736;664;33126;1373;11282;2393;48174;440;368;33799;700;11282;2393;48174;312;240;33924;575;11282;2393;48174;262;190;34049;450;11282;2393;48174;228;156;34049;450;11282;2393;48174;228;156;
2680;3 ms;97;48271;0;25;14099;20029;11952;2094;48174;8124;6420;31803;2325;11952;2094;48174;360;294;32428;1700;11952;2094;48174;334;268;32803;1325;11952;2094;48174;330;264;33428;700;11952;2094;48174;398;332;33553;575;11952;2094;48174;328;262;33678;450;11952;2094;48174;264;198;33678;450;11952;2094;48174;248;164;
2710;3 ms;97;48271;0;24;14564;19675;11866;2069;48174;7548;6032;31914;2325;11866;2069;48174;748;688;32570;1669;11866;2069;48174;420;360;32967;1272;11866;2069;48174;320;260;33567;672;11866;2069;48174;300;240;33687;552;11866;2069;48174;280;220;33807;432;11866;2069;48174;250;190;33807;432;11866;2069;48174;225;165;
2740;3 ms;97;48271;0;25;14488;19201;13072;1413;48174;6828;5676;31457;2232;13072;1413;48174;216;156;32057;1632;13072;1413;48174;714;556;32417;1272;13072;1413;48174;584;472;33017;672;13072;1413;48174;382;284;33137;552;13072;1413;48174;282;190;33257;432;13072;1413;48174;246;186;33257;432;13072;1413;48174;259;181;
2770;3 ms;97;48271;0;23;14411;18166;13446;2151;48174;7328;5816;30438;2139;13446;2151;48174;2194;1874;31013;1564;13446;2151;48174;826;664;31358;1219;13446;2151;48174;312;252;31933;644;13446;2151;48174;252;192;32048;529;13446;2151;48174;208;148;32163;414;13446;2151;48174;208;148;32163;414;13446;2151;48174;208;148;
2800;3 ms;97;48271;0;22;14308;17885;13982;1999;48174;6972;5460;30147;2046;13982;1999;48174;592;400;30697;1496;13982;1999;48174;192;132;31027;1166;13982;1999;48174;192;132;31577;616;13982;1999;48174;232;172;31687;506;13982;1999;48174;284;196;31797;396;13982;1999;48174;288;196;31797;396;13982;1999;48174;224;164;
2830;3 ms;97;48271;0;21;14335;17186;14002;2651;48174;5828;4328;29568;1953;14002;2651;48174;1220;632;30093;1428;14002;2651;48174;570;412;30408;1113;14002;2651;48174;270;158;30933;588;14002;2651;48174;164;104;31038;483;14002;2651;48174;164;104;31143;378;14002;2651;48174;164;104;31143;378;14002;2651;48174;164;104;
2860;3 ms;97;48271;0;20;14381;16527;14696;2570;48174;4552;3040;28955;1953;14696;2570;48174;814;494;29480;1428;14696;2570;48174;570;408;29809;1099;14696;2570;48174;264;204;30348;560;14696;2570;48174;204;144;30448;460;14696;2570;48174;220;160;30548;360;14696;2570;48174;254;194;30548;360;14696;2570;48174;208;148;
2890;3 ms;97;48271;0;20;14926;16420;14901;1927;48174;3632;2304;29486;1860;14901;1927;48174;540;486;29986;1360;14901;1927;48174;960;808;30286;1060;14901;1927;48174;518;412;30786;560;14901;1927;48174;238;184;30886;460;14901;1927;48174;180;126;30986;360;14901;1927;48174;184;130;30986;360;14901;1927;48174;150;96;
2920;3 ms;97;48271;0;20;15066;15820;11848;5440;48174;4728;3400;29026;1860;11848;5440;48174;418;364;29526;1360;11848;5440;48174;150;96;29826;1060;11848;5440;48174;200;146;30326;560;11848;5440;48174;312;220;30426;460;11848;5440;48174;280;194;30526;360;11848;5440;48174;214;160;30526;360;11848;5440;48174;182;128;
2950;3 ms;97;48271;0;19;15557;15669;12172;4776;48174;4528;3388;29459;1767;12172;4776;48174;530;482;29934;1292;12172;4776;48174;534;388;30219;1007;12172;4776;48174;292;192;30694;532;12172;4776;48174;132;84;30789;437;12172;4776;48174;132;84;30884;342;12172;4776;48174;132;84;30884;342;12172;4776;48174;132;84;
2980;3 ms;97;48271;0;19;19291;14965;12797;1121;48174;4241;3291;32489;1767;12797;1121;48174;810;498;32964;1292;12797;1121;48174;342;196;33249;1007;12797;1121;48174;300;200;33724;532;12797;1121;48174;268;220;33819;437;12797;1121;48174;270;194;33914;342;12797;1121;48174;240;160;33914;342;12797;1121;48174;168;120;
3010;3 ms;97;48271;0;18;19011;14559;13430;1174;48174;4349;3216;31896;1674;13430;1174;48174;136;88;32346;1224;13430;1174;48174;136;88;32616;954;13430;1174;48174;136;88;33066;504;13430;1174;48174;136;88;33156;414;13430;1174;48174;196;148;33246;324;13430;1174;48174;292;216;33246;324;13430;1174;48174;216;146;
3040;3 ms;97;48271;0;18;19065;14439;13624;1046;48174;3239;2292;31830;1674;13624;1046;48174;262;214;32280;1224;13624;1046;48174;236;188;32550;954;13624;1046;48174;380;284;33000;504;13624;1046;48174;548;420;33090;414;13624;1046;48174;266;186;33180;324;13624;1046;48174;132;84;33180;324;13624;1046;48174;132;84;
3070;3 ms;97;48271;0;17;18792;14102;14022;1258;48174;4129;3012;31313;1581;14022;1258;48174;782;474;31738;1156;14022;1258;48174;330;180;31993;901;14022;1258;48174;124;76;32418;476;14022;1258;48174;124;76;32503;391;14022;1258;48174;154;106;32588;306;14022;1258;48174;158;110;32588;306;14022;1258;48174;124;76;
3100;3 ms;97;48271;0;17;18977;13507;14432;1258;48174;3753;2636;30903;1581;14432;1258;48174;634;458;31328;1156;14432;1258;48174;422;272;31583;901;14432;1258;48174;112;64;32008;476;14432;1258;48174;112;64;32093;391;14432;1258;48174;112;64;32178;306;14432;1258;48174;112;64;32178;306;14432;1258;48174;112;64;
3130;3 ms;97;48271;0;16;18726;13364;14906;1178;48174;3383;2460;30602;1488;14906;1178;48174;782;474;31002;1088;14906;1178;48174;928;680;31242;848;14906;1178;48174;446;346;31642;448;14906;1178;48174;124;76;31722;368;14906;1178;48174;124;76;31802;288;14906;1178;48174;124;76;31802;288;14906;1178;48174;124;76;
3160;3 ms;97;48271;0;16;18778;12654;15446;1296;48174;3935;2652;29944;1488;15446;1296;48174;532;352;30344;1088;15446;1296;48174;332;284;30584;848;15446;1296;48174;490;442;30984;448;15446;1296;48174;352;304;31064;368;15446;1296;48174;132;84;31144;288;15446;1296;48174;132;84;31144;288;15446;1296;48174;132;84;
3190;3 ms;97;48271;0;15;18741;12221;16032;1180;48174;4731;3564;29567;1395;16032;1180;48174;392;344;29942;1020;16032;1180;48174;124;76;30167;795;16032;1180;48174;124;76;30542;420;16032;1180;48174;124;76;30617;345;16032;1180;48174;124;76;30692;270;16032;1180;48174;124;76;30692;270;16032;1180;48174;124;76;
3220;3 ms;97;48271;0;14;18682;11805;16640;1047;48174;4174;3216;29092;1395;16640;1047;48174;136;88;29467;1020;16640;1047;48174;259;188;29706;781;16640;1047;48174;263;192;30095;392;16640;1047;48174;220;172;30165;322;16640;1047;48174;228;152;30235;252;16640;1047;48174;232;152;30235;252;16640;1047;48174;160;112;
3400;3 ms;97;48271;0;11;18666;9444;17628;2436;48174;3982;2848;26994;1116;17628;2436;48174;260;218;27294;816;17628;2436;48174;434;392;27504;606;17628;2436;48174;288;246;27802;308;17628;2436;48174;170;128;27857;253;17628;2436;48174;164;122;27912;198;17628;2436;48174;160;118;27912;198;17628;2436;48174;162;120;
3430;3 ms;97;48271;0;11;18547;9295;17900;2432;48174;4338;3204;26819;1023;17900;2432;48174;516;474;27094;748;17900;2432;48174;330;288;27259;583;17900;2432;48174;122;80;27534;308;17900;2432;48174;162;120;27589;253;17900;2432;48174;156;114;27644;198;17900;2432;48174;122;80;27644;198;17900;2432;48174;122;80;
3460;3 ms;97;48271;0;11;18593;9075;18380;2126;48174;3790;3020;26645;1023;18380;2126;48174;394;352;26920;748;18380;2126;48174;226;184;27085;583;18380;2126;48174;180;138;27360;308;18380;2126;48174;284;204;27415;253;18380;2126;48174;318;216;27470;198;18380;2126;48174;192;118;27470;198;18380;2126;48174;126;84;
3490;3 ms;97;48271;0;11;18643;8909;18402;2220;48174;3414;2644;26529;1023;18402;2220;48174;506;336;26804;748;18402;2220;48174;420;276;26969;583;18402;2220;48174;266;176;27244;308;18402;2220;48174;200;116;27299;253;18402;2220;48174;114;72;27354;198;18402;2220;48174;144;102;27354;198;18402;2220;48174;138;96;
3520;3 ms;97;48271;0;10;19084;8657;18500;1933;48174;2674;1904;26718;1023;18500;1933;48174;908;738;26993;748;18500;1933;48174;1026;784;27192;549;18500;1933;48174;540;446;27461;280;18500;1933;48174;206;164;27511;230;18500;1933;48174;118;76;27561;180;18500;1933;48174;118;76;27561;180;18500;1933;48174;118;76;
3550;3 ms;97;48271;0;10;20059;7949;19208;958;48174;4154;3208;27078;930;19208;958;48174;246;210;27328;680;19208;958;48174;320;284;27478;530;19208;958;48174;170;134;27728;280;19208;958;48174;116;80;27778;230;19208;958;48174;116;80;27828;180;19208;958;48174;146;110;27828;180;19208;958;48174;140;104;
3580;3 ms;97;48271;0;9;19920;7870;19514;870;48174;3408;2648;26860;930;19514;870;48174;906;738;27141;649;19514;870;48174;626;492;27313;477;19514;870;48174;222;134;27538;252;19514;870;48174;156;120;27583;207;19514;870;48174;180;144;27628;162;19514;870;48174;150;114;27628;162;19514;870;48174;116;80;
3610;3 ms;97;48271;0;9;20102;7450;18530;2092;48174;3778;2832;26715;837;18530;2092;48174;368;332;26940;612;18530;2092;48174;316;280;27075;477;18530;2092;48174;108;72;27300;252;18530;2092;48174;108;72;27345;207;18530;2092;48174;108;72;27390;162;18530;2092;48174;138;102;27390;162;18530;2092;48174;132;96;
3640;3 ms;97;48271;0;8;19833;7049;20457;835;48174;3794;3212;26138;744;20457;835;48174;516;352;26338;544;20457;835;48174;844;604;26458;424;20457;835;48174;178;142;26658;224;20457;835;48174;124;88;26698;184;20457;835;48174;124;88;26738;144;20457;835;48174;124;88;26738;144;20457;835;48174;124;88;
3670;3 ms;97;48271;0;8;20013;6687;16560;4914;48174;3958;3012;25956;744;16560;4914;48174;242;206;26156;544;16560;4914;48174;208;172;26276;424;16560;4914;48174;162;126;26476;224;16560;4914;48174;108;72;26516;184;16560;4914;48174;108;72;26556;144;16560;4914;48174;108;72;26556;144;16560;4914;48174;108;72;
3700;3 ms;97;48271;0;8;20067;6467;16734;4906;48174;3954;3008;25790;744;16734;4906;48174;238;202;25990;544;16734;4906;48174;204;168;26110;424;16734;4906;48174;158;122;26310;224;16734;4906;48174;104;68;26350;184;16734;4906;48174;104;68;26390;144;16734;4906;48174;104;68;26390;144;16734;4906;48174;104;68;
3730;3 ms;97;48271;0;7;19940;6296;17040;4898;48174;3774;2828;25492;744;17040;4898;48174;502;466;25709;527;17040;4898;48174;316;280;25865;371;17040;4898;48174;158;122;26040;196;17040;4898;48174;152;116;26075;161;17040;4898;48174;108;72;26110;126;17040;4898;48174;108;72;26110;126;17040;4898;48174;108;72;
3760;3 ms;97;48271;0;7;19919;6296;15526;6433;48174;3214;2268;25487;728;15526;6433;48174;632;596;25739;476;15526;6433;48174;412;376;25844;371;15526;6433;48174;158;122;26019;196;15526;6433;48174;104;68;26054;161;15526;6433;48174;134;98;26089;126;15526;6433;48174;168;132;26089;126;15526;6433;48174;128;92;
3790;3 ms;97;48271;0;7;19988;6075;15794;6317;48174;2670;2088;25412;651;15794;6317;48174;1152;860;25587;476;15794;6317;48174;828;588;25692;371;15794;6317;48174;262;226;25867;196;15794;6317;48174;196;160;25902;161;15794;6317;48174;108;72;25937;126;15794;6317;48174;108;72;25937;126;15794;6317;48174;108;72;
3820;3 ms;97;48271;0;7;21293;5987;16202;4692;48174;2474;2080;26629;651;16202;4692;48174;748;462;26804;476;16202;4692;48174;702;468;26909;371;16202;4692;48174;306;276;27084;196;16202;4692;48174;138;108;27119;161;16202;4692;48174;94;64;27154;126;16202;4692;48174;94;64;27154;126;16202;4692;48174;94;64;
3850;3 ms;97;48271;0;6;21249;5509;16728;4688;48174;3770;3012;26107;651;16728;4688;48174;228;198;26340;418;16728;4688;48174;202;172;26440;318;16728;4688;48174;98;68;26590;168;16728;4688;48174;98;68;26620;138;16728;4688;48174;98;68;26650;108;16728;4688;48174;98;68;26650;108;16728;4688;48174;98;68;
3880;3 ms;97;48271;0;6;24568;5149;17034;1423;48174;3958;3388;29159;558;17034;1423;48174;100;76;29309;408;17034;1423;48174;100;76;29399;318;17034;1423;48174;100;76;29549;168;17034;1423;48174;100;76;29579;138;17034;1423;48174;100;76;29609;108;17034;1423;48174;100;76;29609;108;17034;1423;48174;100;76;
3910;3 ms;97;48271;0;6;24589;4848;17310;1427;48174;3394;2828;28879;558;17310;1427;48174;492;336;29029;408;17310;1427;48174;200;176;29119;318;17310;1427;48174;96;72;29269;168;17310;1427;48174;136;112;29299;138;17310;1427;48174;130;106;29329;108;17310;1427;48174;126;102;29329;108;17310;1427;48174;120;96;
3940;3 ms;97;48271;0;6;27240;4887;15710;337;48174;2836;2636;31569;558;15710;337;48174;336;190;31719;408;15710;337;48174;284;164;31809;318;15710;337;48174;78;60;31959;168;15710;337;48174;78;60;31989;138;15710;337;48174;78;60;32019;108;15710;337;48174;78;60;32019;108;15710;337;48174;78;60;
3970;3 ms;97;48271;0;5;27107;4722;15812;533;48174;1910;1528;31271;558;15812;533;48174;862;844;31422;407;15812;533;48174;798;780;31564;265;15812;533;48174;186;168;31689;140;15812;533;48174;78;60;31714;115;15812;533;48174;78;60;31739;90;15812;533;48174;78;60;31739;90;15812;533;48174;78;60;
Fixed time simulation end ########################################

