voltage_trace: voltage_traces/voltage_trace2.txt
Fixed time simulation start ######################################
hazard_threshold_val;time;shtdwn_counter;clk_counter;trace_rom_addr;executed_batches;I_layer1_pwr_apprx_values_idle_state;I_layer1_pwr_apprx_compute_state;I_layer1_pwr_apprx_values_save_state;I_layer1_pwr_apprx_values_rec_state;nv_reg1_pwr_apprx_values_poweron_state;nv_reg1_pwr_apprx_values_rec_state;nv_reg1_pwr_apprx_values_save_state;I_layer2_pwr_apprx_values_idle_state;I_layer2_pwr_apprx_compute_state;I_layer2_pwr_apprx_values_save_state;I_layer2_pwr_apprx_values_rec_state;nv_reg2_pwr_apprx_values_poweron_state;nv_reg2_pwr_apprx_values_rec_state;nv_reg2_pwr_apprx_values_save_state;I_layer3_pwr_apprx_values_idle_state;I_layer3_pwr_apprx_compute_state;I_layer3_pwr_apprx_values_save_state;I_layer3_pwr_apprx_values_rec_state;nv_reg3_pwr_apprx_values_poweron_state;nv_reg3_pwr_apprx_values_rec_state;nv_reg3_pwr_apprx_values_save_state;I_layer4_pwr_apprx_values_idle_state;I_layer4_pwr_apprx_compute_state;I_layer4_pwr_apprx_values_save_state;I_layer4_pwr_apprx_values_rec_state;nv_reg4_pwr_apprx_values_poweron_state;nv_reg4_pwr_apprx_values_rec_state;nv_reg4_pwr_apprx_values_save_state;
3700;3 ms;97;48271;0;11;18564;8920;20394;296;48174;1332;1172;27121;363;20394;296;48174;374;242;27176;308;20394;296;48174;314;186;27286;198;20394;296;48174;171;113;
3705;3 ms;97;48271;0;11;18578;8780;20500;316;48174;1572;1296;26995;363;20500;316;48174;386;246;27050;308;20500;316;48174;246;182;27160;198;20500;316;48174;194;136;
3710;3 ms;97;48271;0;11;18580;8696;20574;324;48174;1652;1368;26913;363;20574;324;48174;182;146;26968;308;20574;324;48174;216;152;27078;198;20574;324;48174;198;140;
3715;3 ms;97;48271;0;11;18600;8676;20554;344;48174;1520;1236;26913;363;20554;344;48174;268;184;26968;308;20554;344;48174;250;182;27078;198;20554;344;48174;144;108;
3720;3 ms;97;48271;0;10;18554;8658;20618;344;48174;1384;1100;26849;363;20618;344;48174;368;284;26918;294;20618;344;48174;280;212;27032;180;20618;344;48174;140;104;
3725;3 ms;97;48271;0;10;18519;8631;20680;344;48174;1512;1228;26820;330;20680;344;48174;318;234;26870;280;20680;344;48174;216;148;26970;180;20680;344;48174;116;80;
3730;3 ms;97;48271;0;10;18527;8597;20706;344;48174;1572;1288;26794;330;20706;344;48174;322;238;26844;280;20706;344;48174;182;114;26944;180;20706;344;48174;116;80;
3735;3 ms;97;48271;0;10;18536;8566;20718;354;48174;1622;1280;26772;330;20718;354;48174;272;184;26822;280;20718;354;48174;112;76;26922;180;20718;354;48174;112;76;
3740;3 ms;97;48271;0;10;18539;8543;20738;354;48174;1630;1288;26752;330;20738;354;48174;218;130;26802;280;20738;354;48174;112;76;26902;180;20738;354;48174;112;76;
3745;3 ms;97;48271;0;10;18555;8507;20758;354;48174;1630;1288;26732;330;20758;354;48174;218;130;26782;280;20758;354;48174;112;76;26882;180;20758;354;48174;112;76;
3750;3 ms;97;48271;0;10;18551;8501;20768;354;48174;1634;1292;26722;330;20768;354;48174;222;134;26772;280;20768;354;48174;116;80;26872;180;20768;354;48174;124;88;
3755;3 ms;97;48271;0;10;18563;8473;20784;354;48174;1570;1228;26706;330;20784;354;48174;222;134;26756;280;20784;354;48174;146;110;26856;180;20784;354;48174;140;104;
3760;3 ms;97;48271;0;10;18575;8411;20830;358;48174;1510;1164;26656;330;20830;358;48174;212;176;26706;280;20830;358;48174;180;144;26806;180;20830;358;48174;112;76;
3765;3 ms;97;48271;0;10;18583;8395;20838;358;48174;1510;1164;26648;330;20838;358;48174;212;176;26698;280;20838;358;48174;180;144;26798;180;20838;358;48174;112;76;
3770;3 ms;97;48271;0;10;18591;8371;20854;358;48174;1570;1224;26632;330;20854;358;48174;216;180;26682;280;20854;358;48174;146;110;26782;180;20854;358;48174;112;76;
Fixed time simulation end ########################################

