voltage_trace: voltage_traces/voltage_trace2.txt
Fixed time simulation start ######################################
hazard_threshold_val;time;shtdwn_counter;clk_counter;trace_rom_addr;executed_batches;I_layer1_pwr_apprx_values_idle_state;I_layer1_pwr_apprx_compute_state;I_layer1_pwr_apprx_values_save_state;I_layer1_pwr_apprx_values_rec_state;nv_reg1_pwr_apprx_values_poweron_state;nv_reg1_pwr_apprx_values_rec_state;nv_reg1_pwr_apprx_values_save_state;I_layer2_pwr_apprx_values_idle_state;I_layer2_pwr_apprx_compute_state;I_layer2_pwr_apprx_values_save_state;I_layer2_pwr_apprx_values_rec_state;nv_reg2_pwr_apprx_values_poweron_state;nv_reg2_pwr_apprx_values_rec_state;nv_reg2_pwr_apprx_values_save_state;I_layer3_pwr_apprx_values_idle_state;I_layer3_pwr_apprx_compute_state;I_layer3_pwr_apprx_values_save_state;I_layer3_pwr_apprx_values_rec_state;nv_reg3_pwr_apprx_values_poweron_state;nv_reg3_pwr_apprx_values_rec_state;nv_reg3_pwr_apprx_values_save_state;I_layer4_pwr_apprx_values_idle_state;I_layer4_pwr_apprx_compute_state;I_layer4_pwr_apprx_values_save_state;I_layer4_pwr_apprx_values_rec_state;nv_reg4_pwr_apprx_values_poweron_state;nv_reg4_pwr_apprx_values_rec_state;nv_reg4_pwr_apprx_values_save_state;
3250;3 ms;97;48271;0;19;16008;14988;16740;438;48174;1809;1432;30369;627;16740;438;48174;234;138;30464;532;16740;438;48174;136;88;30654;342;16740;438;48174;136;88;
3255;3 ms;97;48271;0;18;16097;14953;16680;444;48174;1980;1564;30423;627;16680;444;48174;315;200;30534;516;16680;444;48174;193;130;30726;324;16680;444;48174;144;96;
3260;3 ms;97;48271;0;18;16060;14944;16722;448;48174;1939;1504;30410;594;16722;448;48174;244;196;30500;504;16722;448;48174;212;164;30680;324;16722;448;48174;144;96;
3265;3 ms;97;48271;0;18;16065;14949;16712;448;48174;1875;1440;30420;594;16712;448;48174;244;196;30510;504;16712;448;48174;212;164;30690;324;16712;448;48174;144;96;
3270;3 ms;97;48271;0;18;16080;14862;16788;444;48174;1919;1488;30348;594;16788;444;48174;244;196;30438;504;16788;444;48174;136;88;30618;324;16788;444;48174;136;88;
3275;3 ms;97;48271;0;18;16088;14820;16822;444;48174;1863;1432;30314;594;16822;444;48174;186;138;30404;504;16822;444;48174;170;122;30584;324;16822;444;48174;136;88;
3280;3 ms;97;48271;0;18;16092;14792;16846;444;48174;1863;1432;30290;594;16846;444;48174;186;138;30380;504;16846;444;48174;170;122;30560;324;16846;444;48174;136;88;
3285;3 ms;97;48271;0;18;16096;14742;16892;444;48174;1923;1492;30244;594;16892;444;48174;190;142;30334;504;16892;444;48174;136;88;30514;324;16892;444;48174;136;88;
3290;3 ms;97;48271;0;18;16112;14594;17024;444;48174;1927;1496;30112;594;17024;444;48174;136;88;30202;504;17024;444;48174;136;88;30382;324;17024;444;48174;136;88;
3295;3 ms;97;48271;0;18;16120;14510;17104;440;48174;1923;1496;30036;594;17104;440;48174;136;88;30126;504;17104;440;48174;136;88;30306;324;17104;440;48174;136;88;
3300;3 ms;97;48271;0;18;16122;14400;17216;436;48174;1975;1552;29928;594;17216;436;48174;354;254;30018;504;17216;436;48174;140;92;30198;324;17216;436;48174;140;92;
3305;3 ms;97;48271;0;18;16143;14345;17246;440;48174;1931;1504;29894;594;17246;440;48174;144;96;29984;504;17246;440;48174;174;126;30164;324;17246;440;48174;168;120;
3310;3 ms;97;48271;0;18;16141;14281;17312;440;48174;1999;1572;29828;594;17312;440;48174;148;100;29918;504;17312;440;48174;178;130;30098;324;17312;440;48174;156;108;
3315;3 ms;97;48271;0;17;16068;14126;17544;436;48174;2131;1708;29633;561;17544;436;48174;156;108;29718;476;17544;436;48174;186;138;29888;306;17544;436;48174;180;132;
3320;3 ms;97;48271;0;17;16068;14064;17668;374;48174;2069;1708;29571;561;17668;374;48174;156;108;29656;476;17668;374;48174;186;138;29826;306;17668;374;48174;190;142;
Fixed time simulation end ########################################

