voltage_trace: voltage_traces/voltage_trace2.txt
Fixed time simulation start ######################################
hazard_threshold_val;time;shtdwn_counter;clk_counter;trace_rom_addr;executed_batches;I_layer1_pwr_apprx_values_idle_state;I_layer1_pwr_apprx_compute_state;I_layer1_pwr_apprx_values_save_state;I_layer1_pwr_apprx_values_rec_state;nv_reg1_pwr_apprx_values_poweron_state;nv_reg1_pwr_apprx_values_rec_state;nv_reg1_pwr_apprx_values_save_state;I_layer2_pwr_apprx_values_idle_state;I_layer2_pwr_apprx_compute_state;I_layer2_pwr_apprx_values_save_state;I_layer2_pwr_apprx_values_rec_state;nv_reg2_pwr_apprx_values_poweron_state;nv_reg2_pwr_apprx_values_rec_state;nv_reg2_pwr_apprx_values_save_state;I_layer3_pwr_apprx_values_idle_state;I_layer3_pwr_apprx_compute_state;I_layer3_pwr_apprx_values_save_state;I_layer3_pwr_apprx_values_rec_state;nv_reg3_pwr_apprx_values_poweron_state;nv_reg3_pwr_apprx_values_rec_state;nv_reg3_pwr_apprx_values_save_state;I_layer4_pwr_apprx_values_idle_state;I_layer4_pwr_apprx_compute_state;I_layer4_pwr_apprx_values_save_state;I_layer4_pwr_apprx_values_rec_state;nv_reg4_pwr_apprx_values_poweron_state;nv_reg4_pwr_apprx_values_rec_state;nv_reg4_pwr_apprx_values_save_state;
2500;3 ms;97;48271;0;42;7523;33307;6384;960;48174;4658;3824;39444;1386;6384;960;48174;792;606;39654;1176;6384;960;48174;602;448;40074;756;6384;960;48174;362;272;
2505;3 ms;97;48271;0;41;7455;33047;6712;960;48174;4794;3960;39149;1353;6712;960;48174;692;506;39354;1148;6712;960;48174;538;384;39764;738;6712;960;48174;366;276;
2510;3 ms;97;48271;0;41;7461;32975;6778;960;48174;4926;4092;39083;1353;6778;960;48174;696;510;39288;1148;6778;960;48174;512;358;39698;738;6778;960;48174;346;256;
2515;3 ms;97;48271;0;41;7554;32900;6736;984;48174;4898;3944;39101;1353;6736;984;48174;598;456;39306;1148;6736;984;48174;398;308;39716;738;6736;984;48174;358;268;
2520;3 ms;97;48271;0;41;7651;32721;6836;966;48174;4620;3732;39019;1353;6836;966;48174;960;718;39224;1148;6836;966;48174;490;368;39634;738;6836;966;48174;378;288;
2525;3 ms;97;48271;0;41;7760;32382;7116;916;48174;4722;3892;38789;1353;7116;916;48174;652;510;38994;1148;7116;916;48174;590;444;39404;738;7116;916;48174;458;324;
2530;3 ms;97;48271;0;40;7673;32253;7278;970;48174;4976;4084;38606;1320;7278;970;48174;700;510;38806;1120;7278;970;48174;476;354;39206;720;7278;970;48174;342;252;
2535;3 ms;97;48271;0;40;7775;32049;7370;980;48174;5286;4336;38504;1320;7370;980;48174;832;638;38704;1120;7370;980;48174;388;298;39104;720;7370;980;48174;354;264;
2540;3 ms;97;48271;0;40;7951;32009;7230;984;48174;4826;3872;38640;1320;7230;984;48174;482;340;38840;1120;7230;984;48174;352;262;39240;720;7230;984;48174;346;256;
2545;3 ms;97;48271;0;40;7968;31812;7424;970;48174;4840;3948;38460;1320;7424;970;48174;974;784;38660;1120;7424;970;48174;548;426;39060;720;7424;970;48174;382;292;
2550;3 ms;97;48271;0;40;8067;31531;7592;984;48174;5094;4140;38278;1320;7592;984;48174;602;460;38478;1120;7592;984;48174;372;282;38878;720;7592;984;48174;338;248;
2555;3 ms;97;48271;0;39;8076;31452;7662;984;48174;5298;4344;38241;1287;7662;984;48174;506;364;38436;1092;7662;984;48174;346;256;38826;702;7662;984;48174;346;256;
2560;3 ms;97;48271;0;39;8092;31176;7922;984;48174;5362;4408;37981;1287;7922;984;48174;672;530;38176;1092;7922;984;48174;388;298;38566;702;7922;984;48174;354;264;
2565;3 ms;97;48271;0;39;8194;31038;7972;970;48174;4976;4084;37945;1287;7972;970;48174;602;464;38140;1092;7972;970;48174;506;384;38530;702;7972;970;48174;394;304;
2570;3 ms;97;48271;0;39;8273;30915;7998;988;48174;4986;4028;37901;1287;7998;988;48174;666;576;38096;1092;7998;988;48174;516;426;38486;702;7998;988;48174;412;322;
2575;3 ms;97;48271;0;39;8292;30708;8186;988;48174;5178;4220;37713;1287;8186;988;48174;616;526;37908;1092;8186;988;48174;452;362;38298;702;8186;988;48174;378;288;
2580;3 ms;97;48271;0;38;8391;30537;8258;988;48174;5170;4212;37674;1254;8258;988;48174;666;576;37864;1064;8258;988;48174;418;328;38244;684;8258;988;48174;358;268;
2585;3 ms;97;48271;0;38;8417;30437;8346;974;48174;5244;4348;37600;1254;8346;974;48174;668;530;37790;1064;8346;974;48174;458;336;38170;684;8346;974;48174;358;268;
2590;3 ms;97;48271;0;38;8540;30174;8546;914;48174;5362;4476;37460;1254;8546;914;48174;836;700;37650;1064;8546;914;48174;458;374;38030;684;8546;914;48174;384;300;
2595;3 ms;97;48271;0;38;8624;29998;8634;918;48174;5250;4360;37368;1254;8634;918;48174;456;372;37558;1064;8634;918;48174;416;332;37938;684;8634;918;48174;376;292;
2600;3 ms;97;48271;0;37;8994;29834;8602;744;48174;5244;4552;37607;1221;8602;744;48174;668;596;37792;1036;8602;744;48174;478;378;38162;666;8602;744;48174;352;280;
2605;3 ms;97;48271;0;37;8999;29673;8724;778;48174;5314;4560;37451;1221;8724;778;48174;456;384;37636;1036;8724;778;48174;412;340;38006;666;8724;778;48174;400;328;
2610;3 ms;97;48271;0;37;8995;29439;8962;778;48174;5390;4636;37213;1221;8962;778;48174;514;442;37398;1036;8962;778;48174;458;386;37768;666;8962;778;48174;392;320;
2615;3 ms;97;48271;0;36;9051;28971;9402;750;48174;5478;4848;36834;1188;9402;750;48174;788;620;37014;1008;9402;750;48174;578;474;37374;648;9402;750;48174;432;360;
2620;3 ms;97;48271;0;36;9056;28356;9984;778;48174;6062;5308;36224;1188;9984;778;48174;496;424;36404;1008;9984;778;48174;426;354;36764;648;9984;778;48174;393;321;
2625;3 ms;97;48271;0;35;9067;28269;10094;744;48174;5596;4904;36181;1155;10094;744;48174;646;574;36356;980;10094;744;48174;570;470;36706;630;10094;744;48174;478;384;
2630;3 ms;97;48271;0;35;9083;27803;10510;778;48174;6058;5304;35731;1155;10510;778;48174;608;536;35906;980;10510;778;48174;490;418;36256;630;10510;778;48174;444;372;
2635;3 ms;97;48271;0;35;9160;27738;10498;778;48174;5734;4980;35743;1155;10498;778;48174;646;574;35918;980;10498;778;48174;520;448;36268;630;10498;778;48174;422;350;
2640;3 ms;97;48271;0;34;9089;27547;10774;764;48174;5736;5044;35508;1128;10774;764;48174;860;740;35684;952;10774;764;48174;594;490;36024;612;10774;764;48174;421;349;
2645;3 ms;97;48271;0;34;9094;27304;11044;732;48174;5604;5040;35276;1122;11044;732;48174;950;682;35445;953;11044;732;48174;654;486;35786;612;11044;732;48174;424;352;
2650;3 ms;97;48271;0;34;9194;27172;11092;716;48174;5408;4840;35244;1122;11092;716;48174;958;790;35413;953;11092;716;48174;740;576;35754;612;11092;716;48174;486;392;
2655;3 ms;97;48271;0;34;9192;26968;11244;770;48174;5846;5100;35037;1123;11244;770;48174;916;740;35208;952;11244;770;48174;494;422;35548;612;11244;770;48174;400;328;
2660;3 ms;97;48271;0;34;9417;26905;11152;700;48174;5914;5236;35199;1123;11152;700;48174;702;532;35370;952;11152;700;48174;450;384;35710;612;11152;700;48174;418;352;
2665;3 ms;97;48271;0;34;9433;26763;11282;696;48174;5898;5224;35073;1123;11282;696;48174;966;744;35244;952;11282;696;48174;454;388;35584;612;11282;696;48174;386;320;
2670;3 ms;97;48271;0;33;9369;26759;11342;704;48174;5918;5236;35027;1101;11342;704;48174;650;532;35204;924;11342;704;48174;480;414;35534;594;11342;704;48174;434;368;
2675;3 ms;97;48271;0;33;9359;26591;11516;708;48174;5810;5124;34861;1089;11516;708;48174;806;740;35026;924;11516;708;48174;632;566;35356;594;11516;708;48174;432;366;
2680;3 ms;97;48271;0;33;9369;26541;11556;708;48174;5854;5168;34821;1089;11556;708;48174;702;636;34986;924;11556;708;48174;454;388;35316;594;11556;708;48174;386;320;
2685;3 ms;97;48271;0;33;9368;26512;11586;708;48174;5794;5108;34791;1089;11586;708;48174;594;528;34956;924;11586;708;48174;514;448;35286;594;11586;708;48174;434;368;
2690;3 ms;97;48271;0;33;9386;26292;11788;708;48174;5998;5312;34589;1089;11788;708;48174;436;370;34754;924;11788;708;48174;450;384;35084;594;11788;708;48174;410;344;
2695;3 ms;97;48271;0;33;9397;26271;11798;708;48174;5670;4984;34579;1089;11798;708;48174;694;628;34744;924;11798;708;48174;582;516;35074;594;11798;708;48174;434;368;
2700;3 ms;97;48271;0;33;9496;26042;11928;708;48174;5854;5168;34449;1089;11928;708;48174;644;578;34614;924;11928;708;48174;480;414;34944;594;11928;708;48174;406;340;
2705;3 ms;97;48271;0;33;9578;26010;11878;708;48174;5582;4896;34499;1089;11878;708;48174;520;454;34664;924;11878;708;48174;426;360;34994;594;11878;708;48174;386;320;
2710;3 ms;97;48271;0;32;9936;25912;11688;638;48174;5722;5104;34792;1056;11688;638;48174;472;412;34952;896;11688;638;48174;432;372;35272;576;11688;638;48174;392;332;
2715;3 ms;97;48271;0;32;9932;25854;11750;638;48174;5586;4968;34730;1056;11750;638;48174;464;404;34890;896;11750;638;48174;424;364;35210;576;11750;638;48174;384;324;
2720;3 ms;97;48271;0;32;9949;25591;11996;638;48174;5394;4776;34484;1056;11996;638;48174;680;620;34644;896;11996;638;48174;560;500;34964;576;11996;638;48174;440;380;
2725;3 ms;97;48271;0;32;9945;25527;12064;638;48174;5322;4704;34416;1056;12064;638;48174;722;662;34576;896;12064;638;48174;526;466;34896;576;12064;638;48174;384;324;
2730;3 ms;97;48271;0;32;9962;25500;12092;620;48174;5376;4824;34406;1056;12092;620;48174;772;612;34566;896;12092;620;48174;486;394;34886;576;12092;620;48174;380;320;
2735;3 ms;97;48271;0;32;9956;25412;12182;624;48174;5064;4508;34312;1056;12182;624;48174;650;542;34472;896;12182;624;48174;546;454;34792;576;12182;624;48174;372;312;
2740;3 ms;97;48271;0;31;9904;25184;12448;638;48174;5650;5032;34046;1042;12448;638;48174;464;404;34220;868;12448;638;48174;394;334;34530;558;12448;638;48174;360;300;
2745;3 ms;97;48271;0;31;9895;24841;12800;638;48174;5714;5096;33713;1023;12800;638;48174;522;462;33868;868;12800;638;48174;398;338;34178;558;12800;638;48174;364;304;
2750;3 ms;97;48271;0;31;9907;24567;13066;634;48174;5502;4888;33451;1023;13066;634;48174;948;836;33606;868;13066;634;48174;530;470;33916;558;13066;634;48174;416;356;
2755;3 ms;97;48271;0;31;9999;24471;13066;638;48174;5454;4836;33447;1023;13066;638;48174;518;458;33602;868;13066;638;48174;484;424;33912;558;13066;638;48174;432;372;
2760;3 ms;97;48271;0;30;9915;24291;13344;624;48174;5652;5096;33216;990;13344;624;48174;736;628;33366;840;13344;624;48174;472;380;33666;540;13344;624;48174;382;322;
2765;3 ms;97;48271;0;30;10010;24174;13352;638;48174;5438;4820;33194;990;13352;638;48174;560;500;33344;840;13352;638;48174;382;322;33644;540;13352;638;48174;348;288;
2770;3 ms;97;48271;0;30;10021;24047;13468;638;48174;5118;4500;33078;990;13468;638;48174;444;384;33228;840;13468;638;48174;430;370;33528;540;13468;638;48174;412;352;
2775;3 ms;97;48271;0;30;10011;24025;13500;638;48174;4982;4364;33046;990;13500;638;48174;436;376;33196;840;13500;638;48174;396;336;33496;540;13500;638;48174;356;296;
2780;3 ms;97;48271;0;30;10025;23983;13528;638;48174;4786;4168;33018;990;13528;638;48174;482;422;33168;840;13528;638;48174;426;366;33468;540;13528;638;48174;352;292;
2785;3 ms;97;48271;0;30;10016;23898;13622;638;48174;4578;3960;32924;990;13622;638;48174;632;572;33074;840;13622;638;48174;482;422;33374;540;13622;638;48174;378;318;
2790;3 ms;97;48271;0;29;9940;23552;14044;638;48174;4902;4284;32535;957;14044;638;48174;478;418;32680;812;14044;638;48174;354;294;32970;522;14044;638;48174;320;260;
2795;3 ms;97;48271;0;29;10115;23395;14026;638;48174;4834;4216;32553;957;14026;638;48174;308;248;32698;812;14026;638;48174;308;248;32988;522;14026;638;48174;308;248;
2800;3 ms;97;48271;0;29;10137;23335;14064;638;48174;4766;4148;32515;957;14064;638;48174;304;244;32660;812;14064;638;48174;304;244;32950;522;14064;638;48174;304;244;
2805;3 ms;97;48271;0;29;10139;23235;14162;638;48174;4698;4080;32417;957;14162;638;48174;300;240;32562;812;14162;638;48174;300;240;32852;522;14162;638;48174;300;240;
2810;3 ms;97;48271;0;29;10253;22977;14344;600;48174;4180;3628;32273;957;14344;600;48174;606;494;32418;812;14344;600;48174;524;436;32708;522;14344;600;48174;370;288;
2815;3 ms;97;48271;0;29;10257;22869;14442;606;48174;4234;3744;32169;957;14442;606;48174;648;440;32313;813;14442;606;48174;454;330;32604;522;14442;606;48174;316;256;
2820;3 ms;97;48271;0;28;10251;22819;14466;638;48174;3970;3352;32146;924;14466;638;48174;534;474;32286;784;14466;638;48174;446;386;32566;504;14466;638;48174;305;245;
2825;3 ms;97;48271;0;28;10361;22639;14536;638;48174;3950;3332;32076;924;14536;638;48174;588;528;32216;784;14536;638;48174;370;310;32496;504;14536;638;48174;280;220;
2830;3 ms;97;48271;0;28;10360;22534;14642;638;48174;3874;3256;31970;924;14642;638;48174;526;466;32110;784;14642;638;48174;294;234;32390;504;14642;638;48174;260;200;
2835;3 ms;97;48271;0;28;10482;22286;14768;638;48174;3814;3196;31844;924;14768;638;48174;414;354;31984;784;14768;638;48174;290;230;32264;504;14768;638;48174;256;196;
2840;3 ms;97;48271;0;28;10486;22112;14942;634;48174;3738;3124;31674;924;14942;634;48174;408;296;31814;784;14942;634;48174;278;218;32094;504;14942;634;48174;272;212;
2845;3 ms;97;48271;0;28;10496;22118;14926;634;48174;3342;2728;31690;924;14926;634;48174;496;384;31830;784;14926;634;48174;364;304;32110;504;14926;634;48174;284;224;
2850;3 ms;97;48271;0;27;10409;22017;15110;638;48174;3266;2648;31535;891;15110;638;48174;378;318;31670;756;15110;638;48174;254;194;31940;486;15110;638;48174;220;160;
2855;3 ms;97;48271;0;27;10409;21909;15218;638;48174;3194;2576;31427;891;15218;638;48174;320;260;31562;756;15218;638;48174;212;152;31832;486;15218;638;48174;212;152;
2860;3 ms;97;48271;0;27;10415;21793;15328;638;48174;3214;2596;31317;891;15328;638;48174;274;214;31452;756;15328;638;48174;318;258;31722;486;15328;638;48174;272;212;
2865;3 ms;97;48271;0;27;10510;21704;15322;638;48174;3210;2592;31323;891;15322;638;48174;220;160;31458;756;15322;638;48174;280;220;31728;486;15322;638;48174;244;184;
2870;3 ms;97;48271;0;27;10519;21623;15398;634;48174;2926;2312;31251;891;15398;634;48174;522;410;31386;756;15398;634;48174;276;216;31656;486;15398;634;48174;208;148;
2875;3 ms;97;48271;0;27;10527;21533;15476;638;48174;3118;2500;31169;891;15476;638;48174;424;364;31304;756;15476;638;48174;208;148;31574;486;15476;638;48174;208;148;
2880;3 ms;97;48271;0;27;10539;21473;15524;638;48174;2998;2380;31121;891;15524;638;48174;200;140;31256;756;15524;638;48174;200;140;31526;486;15524;638;48174;200;140;
2885;3 ms;97;48271;0;27;10532;21432;15572;638;48174;2866;2248;31073;891;15572;638;48174;196;136;31208;756;15572;638;48174;196;136;31478;486;15572;638;48174;196;136;
2890;3 ms;97;48271;0;27;11149;21441;15078;506;48174;2744;2256;31699;891;15078;506;48174;248;194;31834;756;15078;506;48174;262;208;32104;486;15078;506;48174;232;178;
2895;3 ms;97;48271;0;27;11168;21276;15162;568;48174;2862;2312;31553;891;15162;568;48174;190;136;31688;756;15162;568;48174;190;136;31958;486;15162;568;48174;190;136;
2900;3 ms;97;48271;0;26;11170;21250;15186;568;48174;2862;2312;31529;891;15186;568;48174;190;136;31664;756;15186;568;48174;190;136;31934;486;15186;568;48174;190;136;
2905;3 ms;97;48271;0;26;11181;21157;15282;554;48174;2724;2236;31480;858;15282;554;48174;616;514;31610;728;15282;554;48174;328;242;31870;468;15282;554;48174;222;168;
2910;3 ms;97;48271;0;26;11174;21116;15334;550;48174;2592;2108;31432;858;15334;550;48174;660;506;31562;728;15334;550;48174;328;242;31822;468;15334;550;48174;202;148;
2915;3 ms;97;48271;0;26;11205;21003;15412;554;48174;2800;2312;31350;858;15412;554;48174;454;352;31480;728;15412;554;48174;298;212;31740;468;15412;554;48174;198;144;
2920;3 ms;97;48271;0;27;11201;20999;15454;520;48174;2792;2308;31342;858;15454;520;48174;462;356;31472;728;15454;520;48174;232;178;31732;468;15454;520;48174;217;145;
2925;3 ms;97;48271;0;26;11866;20936;14912;460;48174;2652;2236;31944;858;14912;460;48174;402;302;32074;728;14912;460;48174;246;170;32334;468;14912;460;48174;242;172;
2930;3 ms;97;48271;0;26;11877;20805;15012;480;48174;2732;2316;31824;858;15012;480;48174;504;356;31954;728;15012;480;48174;296;216;32214;468;15012;480;48174;196;148;
2935;3 ms;97;48271;0;26;11890;20668;15184;432;48174;2600;2184;31700;858;15184;432;48174;344;244;31830;728;15184;432;48174;252;204;32090;468;15184;432;48174;220;172;
2940;3 ms;97;48271;0;26;11984;20592;15142;456;48174;2524;2112;31718;858;15142;456;48174;496;344;31848;728;15142;456;48174;310;234;32108;468;15142;456;48174;230;160;
2945;3 ms;97;48271;0;25;11903;20357;15416;498;48174;2858;2376;31435;825;15416;498;48174;242;194;31560;700;15416;498;48174;188;140;31810;450;15416;498;48174;188;140;
2950;3 ms;97;48271;0;25;11911;20265;15500;498;48174;2726;2244;31351;825;15500;498;48174;180;132;31476;700;15500;498;48174;180;132;31726;450;15500;498;48174;180;132;
2955;3 ms;97;48271;0;25;11912;20194;15584;484;48174;2744;2324;31281;825;15584;484;48174;344;248;31406;700;15584;484;48174;296;216;31656;450;15584;484;48174;206;158;
2960;3 ms;97;48271;0;25;11914;20112;15650;498;48174;2662;2180;31201;825;15650;498;48174;180;132;31326;700;15650;498;48174;180;132;31576;450;15650;498;48174;180;132;
2965;3 ms;97;48271;0;25;11916;19990;15770;498;48174;2462;1980;31081;825;15770;498;48174;172;124;31206;700;15770;498;48174;202;154;31456;450;15770;498;48174;204;156;
2970;3 ms;97;48271;0;25;11934;19910;15832;498;48174;2338;1856;31019;825;15832;498;48174;326;278;31144;700;15832;498;48174;308;260;31394;450;15832;498;48174;200;152;
2975;3 ms;97;48271;0;25;15622;19786;12268;498;48174;2254;1772;34583;825;12268;498;48174;430;382;34708;700;12268;498;48174;266;218;34958;450;12268;498;48174;192;144;
2980;3 ms;97;48271;0;25;15636;19692;12352;494;48174;2190;1712;34503;825;12352;494;48174;486;386;34628;700;12352;494;48174;360;312;34878;450;12352;494;48174;244;196;
2985;3 ms;97;48271;0;24;15548;19538;12590;498;48174;2318;1836;34294;792;12590;498;48174;156;108;34414;672;12590;498;48174;156;108;34654;432;12590;498;48174;156;108;
2990;3 ms;97;48271;0;24;15537;19507;12632;498;48174;2058;1576;34252;792;12632;498;48174;202;154;34372;672;12632;498;48174;216;168;34612;432;12632;498;48174;184;136;
2995;3 ms;97;48271;0;24;15558;19414;12718;484;48174;1988;1568;34180;792;12718;484;48174;458;362;34300;672;12718;484;48174;286;206;34540;432;12718;484;48174;152;104;
3000;3 ms;97;48271;0;24;15563;19343;12774;494;48174;2174;1696;34114;792;12774;494;48174;420;320;34234;672;12774;494;48174;190;142;34474;432;12774;494;48174;164;116;
3005;3 ms;97;48271;0;24;15581;19103;13030;460;48174;2256;1840;33892;792;13030;460;48174;378;278;34012;672;13030;460;48174;290;214;34252;432;13030;460;48174;192;144;
3010;3 ms;97;48271;0;24;15581;19058;13051;484;48174;2196;1776;33847;792;13051;484;48174;312;216;33967;672;13051;484;48174;264;184;34207;432;13051;484;48174;165;117;
3015;3 ms;97;48271;0;24;15596;18952;13156;470;48174;2014;1656;33756;792;13156;470;48174;514;370;33876;672;13156;470;48174;368;256;34116;432;13156;470;48174;178;130;
3020;3 ms;97;48271;0;23;15515;18869;13306;484;48174;2332;1912;33625;759;13306;484;48174;316;220;33740;644;13306;484;48174;268;188;33970;414;13306;484;48174;168;120;
3025;3 ms;97;48271;0;23;15530;18854;13306;484;48174;2268;1848;33625;759;13306;484;48174;316;220;33740;644;13306;484;48174;264;184;33970;414;13306;484;48174;192;144;
3030;3 ms;97;48271;0;23;15535;18737;13418;484;48174;2120;1700;33513;759;13418;484;48174;304;208;33628;644;13418;484;48174;152;104;33858;414;13418;484;48174;152;104;
3035;3 ms;97;48271;0;23;15532;18726;13422;494;48174;2106;1628;33499;759;13422;494;48174;308;208;33614;644;13422;494;48174;148;100;33844;414;13422;494;48174;148;100;
3040;3 ms;97;48271;0;23;15537;18633;13510;494;48174;2166;1688;33411;759;13510;494;48174;362;262;33526;644;13510;494;48174;148;100;33756;414;13510;494;48174;148;100;
3045;3 ms;97;48271;0;23;15557;18565;13558;494;48174;1982;1504;33363;759;13558;494;48174;354;254;33478;644;13558;494;48174;246;198;33708;414;13558;494;48174;172;124;
3050;3 ms;97;48271;0;23;15568;18472;13640;494;48174;2182;1704;33281;759;13640;494;48174;262;162;33396;644;13640;494;48174;186;138;33626;414;13640;494;48174;156;108;
3055;3 ms;97;48271;0;23;15569;18435;13690;480;48174;1980;1564;33245;759;13690;480;48174;406;258;33360;644;13690;480;48174;244;164;33590;414;13690;480;48174;172;124;
3060;3 ms;97;48271;0;23;15570;18338;13772;494;48174;2038;1560;33149;759;13772;494;48174;304;204;33264;644;13772;494;48174;144;96;33494;414;13772;494;48174;152;104;
3065;3 ms;97;48271;0;23;15581;18329;13832;432;48174;1912;1496;33151;759;13832;432;48174;304;204;33266;644;13832;432;48174;144;96;33496;414;13832;432;48174;144;96;
3070;3 ms;97;48271;0;22;15577;18101;14006;490;48174;2214;1740;32919;759;14006;490;48174;634;482;33034;644;14006;490;48174;152;104;33266;412;14006;490;48174;152;104;
3075;3 ms;97;48271;0;22;15518;18084;14078;494;48174;2102;1624;32876;726;14078;494;48174;304;204;32986;616;14078;494;48174;144;96;33206;396;14078;494;48174;144;96;
3080;3 ms;97;48271;0;22;15522;17992;14166;494;48174;2042;1564;32788;726;14166;494;48174;250;150;32898;616;14166;494;48174;174;126;33118;396;14166;494;48174;168;120;
3085;3 ms;97;48271;0;22;15526;17910;14240;498;48174;1974;1492;32710;726;14240;498;48174;190;142;32820;616;14240;498;48174;136;88;33040;396;14240;498;48174;136;88;
3090;3 ms;97;48271;0;22;15541;17851;14284;498;48174;2114;1632;32666;726;14284;498;48174;202;154;32776;616;14284;498;48174;148;100;32996;396;14284;498;48174;148;100;
3095;3 ms;97;48271;0;22;15672;17754;14284;464;48174;1924;1504;32700;726;14284;464;48174;194;146;32810;616;14284;464;48174;236;160;33030;396;14284;464;48174;190;120;
3100;3 ms;97;48271;0;22;15680;17544;14452;498;48174;2110;1628;32498;726;14452;498;48174;198;150;32608;616;14452;498;48174;144;96;32828;396;14452;498;48174;144;96;
3105;3 ms;97;48271;0;22;15694;17426;14556;498;48174;2110;1628;32394;726;14556;498;48174;306;258;32504;616;14556;498;48174;182;134;32724;396;14556;498;48174;148;100;
3110;3 ms;97;48271;0;22;15705;17373;14612;484;48174;1936;1516;32352;726;14612;484;48174;412;316;32462;616;14612;484;48174;354;274;32682;396;14612;484;48174;208;160;
3115;3 ms;97;48271;0;21;15654;17314;14722;484;48174;2048;1628;32242;726;14722;484;48174;462;366;32380;588;14722;484;48174;252;172;32590;378;14722;484;48174;152;104;
3120;3 ms;97;48271;0;21;15633;17233;14814;494;48174;2238;1760;32173;693;14814;494;48174;312;212;32278;588;14814;494;48174;152;104;32488;378;14814;494;48174;152;104;
3125;3 ms;97;48271;0;21;15633;17151;14892;498;48174;2246;1764;32091;693;14892;498;48174;206;158;32196;588;14892;498;48174;152;104;32406;378;14892;498;48174;152;104;
3130;3 ms;97;48271;0;21;15647;17101;14928;498;48174;2118;1636;32055;693;14928;498;48174;148;100;32160;588;14928;498;48174;178;130;32370;378;14928;498;48174;172;124;
3135;3 ms;97;48271;0;21;15650;17078;14948;498;48174;1990;1508;32035;693;14948;498;48174;198;150;32140;588;14948;498;48174;212;164;32350;378;14948;498;48174;148;100;
3140;3 ms;97;48271;0;21;15665;16979;15032;498;48174;2114;1632;31951;693;15032;498;48174;144;96;32056;588;15032;498;48174;144;96;32266;378;15032;498;48174;144;96;
3145;3 ms;97;48271;0;21;15677;16853;15146;498;48174;2058;1576;31837;693;15146;498;48174;252;204;31942;588;15146;498;48174;250;202;32152;378;15146;498;48174;176;128;
3150;3 ms;97;48271;0;21;15684;16790;15202;498;48174;2126;1644;31781;693;15202;498;48174;306;258;31886;588;15202;498;48174;224;176;32096;378;15202;498;48174;156;108;
3155;3 ms;97;48271;0;21;15695;16623;15358;498;48174;2118;1636;31625;693;15358;498;48174;198;150;31730;588;15358;498;48174;182;134;31940;378;15358;498;48174;148;100;
3160;3 ms;97;48271;0;21;15695;16581;15400;498;48174;2178;1696;31583;693;15400;498;48174;202;154;31688;588;15400;498;48174;148;100;31898;378;15400;498;48174;148;100;
3165;3 ms;97;48271;0;20;15671;16527;15482;494;48174;2050;1572;31505;693;15482;494;48174;258;158;31610;588;15482;494;48174;212;164;31835;363;15482;494;48174;200;152;
3170;3 ms;97;48271;0;20;15645;16527;15538;464;48174;1800;1380;31501;671;15538;464;48174;348;300;31612;560;15538;464;48174;342;266;31812;360;15538;464;48174;194;124;
3175;3 ms;97;48271;0;20;15634;16412;15644;484;48174;1916;1496;31386;660;15644;484;48174;292;196;31486;560;15644;484;48174;206;126;31686;360;15644;484;48174;140;92;
3180;3 ms;97;48271;0;20;15646;16316;15736;476;48174;1780;1368;31302;660;15736;476;48174;662;462;31402;560;15736;476;48174;346;266;31602;360;15736;476;48174;172;124;
3185;3 ms;97;48271;0;20;15760;16202;15718;494;48174;1918;1440;31302;660;15718;494;48174;354;254;31402;560;15718;494;48174;276;228;31602;360;15718;494;48174;196;148;
3190;3 ms;97;48271;0;20;15877;16127;15714;456;48174;1955;1512;31344;660;15714;456;48174;362;262;31444;560;15714;456;48174;284;236;31644;360;15714;456;48174;212;164;
3195;3 ms;97;48271;0;20;15883;16053;15782;456;48174;2071;1628;31276;660;15782;456;48174;366;266;31376;560;15782;456;48174;182;134;31576;360;15782;456;48174;184;136;
3200;3 ms;97;48271;0;20;15896;15988;15830;460;48174;2015;1568;31224;660;15830;460;48174;194;146;31324;560;15830;460;48174;178;130;31524;360;15830;460;48174;144;96;
3205;3 ms;97;48271;0;20;15898;15858;15962;456;48174;2071;1628;31096;660;15962;456;48174;308;208;31196;560;15962;456;48174;148;100;31396;360;15962;456;48174;148;100;
3210;3 ms;97;48271;0;19;15862;15740;16120;452;48174;2056;1640;30942;660;16120;452;48174;443;320;31057;545;16120;452;48174;251;180;31260;342;16120;452;48174;168;120;
3215;3 ms;97;48271;0;19;15878;15740;16176;380;48174;1748;1452;30958;660;16176;380;48174;377;258;31079;539;16176;380;48174;277;206;31276;342;16176;380;48174;180;132;
3220;3 ms;97;48271;0;19;15848;15516;16358;452;48174;2339;1900;30737;627;16358;452;48174;324;224;30832;532;16358;452;48174;164;116;31022;342;16358;452;48174;164;116;
3225;3 ms;97;48271;0;19;15846;15460;16416;452;48174;2275;1836;30679;627;16416;452;48174;324;224;30774;532;16416;452;48174;194;146;30964;342;16416;452;48174;188;140;
3230;3 ms;97;48271;0;19;15977;15333;16412;452;48174;2075;1636;30683;627;16412;452;48174;198;150;30778;532;16412;452;48174;182;134;30968;342;16412;452;48174;148;100;
3235;3 ms;97;48271;0;19;15990;15310;16422;452;48174;2143;1704;30673;627;16422;452;48174;210;162;30768;532;16422;452;48174;186;138;30958;342;16422;452;48174;180;132;
3240;3 ms;97;48271;0;19;15986;15186;16550;452;48174;2007;1568;30545;627;16550;452;48174;252;204;30640;532;16550;452;48174;182;134;30830;342;16550;452;48174;156;108;
3245;3 ms;97;48271;0;19;15998;15038;16700;438;48174;1805;1428;30409;627;16700;438;48174;288;192;30504;532;16700;438;48174;202;122;30694;342;16700;438;48174;136;88;
3250;3 ms;97;48271;0;19;16008;14988;16740;438;48174;1809;1432;30369;627;16740;438;48174;234;138;30464;532;16740;438;48174;136;88;30654;342;16740;438;48174;136;88;
3255;3 ms;97;48271;0;18;16097;14953;16680;444;48174;1980;1564;30423;627;16680;444;48174;315;200;30534;516;16680;444;48174;193;130;30726;324;16680;444;48174;144;96;
3260;3 ms;97;48271;0;18;16060;14944;16722;448;48174;1939;1504;30410;594;16722;448;48174;244;196;30500;504;16722;448;48174;212;164;30680;324;16722;448;48174;144;96;
3265;3 ms;97;48271;0;18;16065;14949;16712;448;48174;1875;1440;30420;594;16712;448;48174;244;196;30510;504;16712;448;48174;212;164;30690;324;16712;448;48174;144;96;
3270;3 ms;97;48271;0;18;16080;14862;16788;444;48174;1919;1488;30348;594;16788;444;48174;244;196;30438;504;16788;444;48174;136;88;30618;324;16788;444;48174;136;88;
3275;3 ms;97;48271;0;18;16088;14820;16822;444;48174;1863;1432;30314;594;16822;444;48174;186;138;30404;504;16822;444;48174;170;122;30584;324;16822;444;48174;136;88;
3280;3 ms;97;48271;0;18;16092;14792;16846;444;48174;1863;1432;30290;594;16846;444;48174;186;138;30380;504;16846;444;48174;170;122;30560;324;16846;444;48174;136;88;
3285;3 ms;97;48271;0;18;16096;14742;16892;444;48174;1923;1492;30244;594;16892;444;48174;190;142;30334;504;16892;444;48174;136;88;30514;324;16892;444;48174;136;88;
3290;3 ms;97;48271;0;18;16112;14594;17024;444;48174;1927;1496;30112;594;17024;444;48174;136;88;30202;504;17024;444;48174;136;88;30382;324;17024;444;48174;136;88;
3295;3 ms;97;48271;0;18;16120;14510;17104;440;48174;1923;1496;30036;594;17104;440;48174;136;88;30126;504;17104;440;48174;136;88;30306;324;17104;440;48174;136;88;
3300;3 ms;97;48271;0;18;16122;14400;17216;436;48174;1975;1552;29928;594;17216;436;48174;354;254;30018;504;17216;436;48174;140;92;30198;324;17216;436;48174;140;92;
3305;3 ms;97;48271;0;18;16143;14345;17246;440;48174;1931;1504;29894;594;17246;440;48174;144;96;29984;504;17246;440;48174;174;126;30164;324;17246;440;48174;168;120;
3310;3 ms;97;48271;0;18;16141;14281;17312;440;48174;1999;1572;29828;594;17312;440;48174;148;100;29918;504;17312;440;48174;178;130;30098;324;17312;440;48174;156;108;
3315;3 ms;97;48271;0;17;16068;14126;17544;436;48174;2131;1708;29633;561;17544;436;48174;156;108;29718;476;17544;436;48174;186;138;29888;306;17544;436;48174;180;132;
3320;3 ms;97;48271;0;17;16068;14064;17668;374;48174;2069;1708;29571;561;17668;374;48174;156;108;29656;476;17668;374;48174;186;138;29826;306;17668;374;48174;190;142;
3325;3 ms;97;48271;0;17;16090;13866;17782;436;48174;2135;1712;29395;561;17782;436;48174;210;162;29480;476;17782;436;48174;224;176;29650;306;17782;436;48174;192;144;
3330;3 ms;97;48271;0;17;16224;13728;17790;432;48174;2183;1764;29391;561;17790;432;48174;371;324;29476;476;17790;432;48174;193;146;29646;306;17790;432;48174;159;112;
3335;3 ms;97;48271;0;17;16226;13696;17820;432;48174;2047;1628;29361;561;17820;432;48174;363;316;29446;476;17820;432;48174;151;104;29616;306;17820;432;48174;151;104;
3340;3 ms;97;48271;0;17;16220;13672;17850;432;48174;1995;1576;29331;561;17850;432;48174;201;154;29416;476;17850;432;48174;215;168;29586;306;17850;432;48174;159;112;
3345;3 ms;97;48271;0;17;16234;13660;17848;432;48174;1979;1560;29333;561;17848;432;48174;251;204;29418;476;17848;432;48174;143;96;29588;306;17848;432;48174;153;106;
3350;3 ms;97;48271;0;17;16393;13529;17824;428;48174;1979;1564;29361;561;17824;428;48174;135;92;29446;476;17824;428;48174;135;92;29616;306;17824;428;48174;135;92;
3355;3 ms;97;48271;0;17;16399;13495;17852;428;48174;2047;1632;29333;561;17852;428;48174;139;96;29418;476;17852;428;48174;139;96;29588;306;17852;428;48174;139;96;
3360;3 ms;97;48271;0;17;16402;13434;17944;394;48174;1993;1640;29275;561;17944;394;48174;147;104;29360;476;17944;394;48174;205;134;29530;306;17944;394;48174;193;128;
3365;3 ms;97;48271;0;16;16456;13298;17992;428;48174;2114;1700;29226;528;17992;428;48174;142;100;29306;448;17992;428;48174;142;100;29466;288;17992;428;48174;142;100;
3370;3 ms;97;48271;0;16;16469;13165;18174;366;48174;2060;1708;29106;528;18174;366;48174;150;108;29186;448;18174;366;48174;180;138;29346;288;18174;366;48174;174;132;
3375;3 ms;97;48271;0;16;16474;13002;18284;414;48174;2052;1700;28948;528;18284;414;48174;298;208;29028;448;18284;414;48174;212;138;29188;288;18284;414;48174;146;104;
3380;3 ms;97;48271;0;16;16479;13013;18268;414;48174;1928;1576;28964;528;18268;414;48174;294;204;29044;448;18268;414;48174;242;168;29204;288;18268;414;48174;170;128;
3385;3 ms;97;48271;0;16;16483;12897;18366;428;48174;2182;1768;28852;528;18366;428;48174;204;162;28932;448;18366;428;48174;150;108;29092;288;18366;428;48174;150;108;
3390;3 ms;97;48271;0;16;16501;12745;18504;424;48174;2114;1704;28718;528;18504;424;48174;256;162;28798;448;18504;424;48174;180;138;28958;288;18504;424;48174;174;132;
3395;3 ms;97;48271;0;16;16506;12602;18642;424;48174;1978;1568;28580;528;18642;424;48174;456;362;28660;448;18642;424;48174;248;206;28820;288;18642;424;48174;146;104;
3400;3 ms;97;48271;0;16;16514;12624;18608;428;48174;1990;1576;28610;528;18608;428;48174;304;262;28690;448;18608;428;48174;248;206;28850;288;18608;428;48174;174;132;
3405;3 ms;97;48271;0;15;16452;12592;18706;424;48174;2034;1624;28529;515;18706;424;48174;514;420;28624;420;18706;424;48174;180;138;28774;270;18706;424;48174;146;104;
3410;3 ms;97;48271;0;15;16434;12492;18834;414;48174;1988;1636;28431;495;18834;414;48174;298;208;28506;420;18834;414;48174;212;138;28656;270;18834;414;48174;154;112;
3415;3 ms;97;48271;0;15;16447;12483;18830;414;48174;1860;1508;28435;495;18830;414;48174;240;150;28510;420;18830;414;48174;268;194;28660;270;18830;414;48174;190;148;
3420;3 ms;97;48271;0;15;16457;12375;18918;424;48174;1966;1556;28337;495;18918;424;48174;402;308;28412;420;18918;424;48174;172;130;28562;270;18918;424;48174;138;96;
3425;3 ms;97;48271;0;15;16467;12351;18932;424;48174;1910;1500;28323;495;18932;424;48174;352;258;28398;420;18932;424;48174;206;164;28548;270;18932;424;48174;166;124;
3430;3 ms;97;48271;0;15;16483;12317;18950;424;48174;1906;1496;28305;495;18950;424;48174;398;304;28380;420;18950;424;48174;206;164;28530;270;18950;424;48174;138;96;
3435;3 ms;97;48271;0;15;16486;12220;19044;424;48174;1962;1552;28211;495;19044;424;48174;294;200;28286;420;19044;424;48174;134;92;28436;270;19044;424;48174;134;92;
3440;3 ms;97;48271;0;15;16491;12089;19166;428;48174;2046;1632;28085;495;19166;428;48174;138;96;28160;420;19166;428;48174;138;96;28310;270;19166;428;48174;138;96;
3445;3 ms;97;48271;0;15;16503;12017;19226;428;48174;2046;1632;28025;495;19226;428;48174;138;96;28100;420;19226;428;48174;138;96;28250;270;19226;428;48174;138;96;
3450;3 ms;97;48271;0;15;16510;11990;19280;394;48174;1856;1504;28005;495;19280;394;48174;138;96;28080;420;19280;394;48174;196;126;28230;270;19280;394;48174;184;120;
3455;3 ms;97;48271;0;15;16513;11927;19320;414;48174;1856;1504;27945;495;19320;414;48174;286;196;28020;420;19320;414;48174;238;164;28170;270;19320;414;48174;138;96;
3460;3 ms;97;48271;0;15;16525;11893;19332;424;48174;1970;1560;27923;495;19332;424;48174;240;146;27998;420;19332;424;48174;134;92;28148;270;19332;424;48174;134;92;
3465;3 ms;97;48271;0;15;16529;11859;19358;428;48174;1978;1564;27893;495;19358;428;48174;134;92;27968;420;19358;428;48174;134;92;28118;270;19358;428;48174;134;92;
3470;3 ms;97;48271;0;15;16535;11849;19362;428;48174;1914;1500;27889;495;19362;428;48174;134;92;27964;420;19362;428;48174;134;92;28114;270;19362;428;48174;134;92;
3475;3 ms;97;48271;0;14;16510;11806;19430;428;48174;1782;1368;27821;495;19430;428;48174;230;188;27907;409;19430;428;48174;198;156;28064;252;19430;428;48174;130;88;
3480;3 ms;97;48271;0;14;16486;11806;19454;428;48174;1766;1352;27804;488;19454;428;48174;230;188;27900;392;19454;428;48174;122;80;28040;252;19454;428;48174;122;80;
3485;3 ms;97;48271;0;14;16474;11772;19500;428;48174;1642;1228;27784;462;19500;428;48174;118;76;27854;392;19500;428;48174;148;106;27994;252;19500;428;48174;142;100;
3490;3 ms;97;48271;0;14;16482;11742;19522;428;48174;1642;1228;27762;462;19522;428;48174;168;126;27832;392;19522;428;48174;152;110;27972;252;19522;428;48174;118;76;
3495;3 ms;97;48271;0;14;16482;11718;19546;428;48174;1642;1228;27738;462;19546;428;48174;168;126;27808;392;19546;428;48174;152;110;27948;252;19546;428;48174;118;76;
3500;3 ms;97;48271;0;14;16502;11662;19616;394;48174;1516;1164;27702;462;19616;394;48174;118;76;27772;392;19616;394;48174;206;136;27912;252;19616;394;48174;188;124;
3505;3 ms;97;48271;0;14;16508;11520;19718;428;48174;1706;1292;27566;462;19718;428;48174;176;134;27636;392;19718;428;48174;152;110;27776;252;19718;428;48174;146;104;
3510;3 ms;97;48271;0;14;16516;11484;19746;428;48174;1706;1292;27538;462;19746;428;48174;176;134;27608;392;19746;428;48174;152;110;27748;252;19746;428;48174;146;104;
3515;3 ms;97;48271;0;14;17042;11364;19340;428;48174;1642;1228;27944;462;19340;428;48174;276;234;28014;392;19340;428;48174;190;148;28154;252;19340;428;48174;122;80;
3520;3 ms;97;48271;0;14;17046;11346;19354;428;48174;1702;1288;27930;462;19354;428;48174;230;188;28000;392;19354;428;48174;122;80;28140;252;19354;428;48174;123;81;
3525;3 ms;97;48271;0;14;17066;11294;19386;428;48174;1706;1292;27898;462;19386;428;48174;176;134;27968;392;19386;428;48174;152;110;28108;252;19386;428;48174;146;104;
3530;3 ms;97;48271;0;14;17066;11190;19490;428;48174;1774;1360;27794;462;19490;428;48174;126;84;27864;392;19490;428;48174;126;84;28004;252;19490;428;48174;126;84;
3535;3 ms;97;48271;0;14;18183;11083;18550;358;48174;1770;1424;28804;462;18550;358;48174;174;138;28874;392;18550;358;48174;120;84;29014;252;18550;358;48174;120;84;
3540;3 ms;97;48271;0;13;18154;11018;18644;358;48174;1714;1368;28710;462;18644;358;48174;224;188;28795;377;18644;358;48174;192;156;28938;234;18644;358;48174;124;88;
3545;3 ms;97;48271;0;13;18114;11018;18684;358;48174;1770;1424;28695;437;18684;358;48174;174;138;28768;364;18684;358;48174;120;84;28898;234;18684;358;48174;120;84;
3550;3 ms;97;48271;0;13;18116;10924;18790;344;48174;1720;1436;28611;429;18790;344;48174;226;142;28676;364;18790;344;48174;194;126;28806;234;18790;344;48174;128;92;
3555;3 ms;97;48271;0;13;18130;10772;18914;358;48174;1718;1372;28473;429;18914;358;48174;278;242;28538;364;18914;358;48174;230;194;28668;234;18914;358;48174;128;92;
3560;3 ms;97;48271;0;13;18134;10640;19046;354;48174;1902;1560;28345;429;19046;354;48174;234;146;28410;364;19046;354;48174;128;92;28540;234;19046;354;48174;128;92;
3565;3 ms;97;48271;0;13;18144;10560;19112;358;48174;1850;1504;28275;429;19112;358;48174;132;96;28340;364;19112;358;48174;192;156;28470;234;19112;358;48174;180;144;
3570;3 ms;97;48271;0;13;18152;10550;19114;358;48174;1722;1376;28273;429;19114;358;48174;132;96;28338;364;19114;358;48174;222;186;28468;234;19114;358;48174;204;168;
3575;3 ms;97;48271;0;13;18158;10466;19192;358;48174;1838;1492;28195;429;19192;358;48174;286;250;28260;364;19192;358;48174;162;126;28390;234;19192;358;48174;128;92;
3580;3 ms;97;48271;0;13;18166;10420;19230;358;48174;1906;1560;28157;429;19230;358;48174;182;146;28222;364;19230;358;48174;128;92;28352;234;19230;358;48174;128;92;
3585;3 ms;97;48271;0;13;18293;10309;19214;358;48174;1842;1496;28173;429;19214;358;48174;124;88;28238;364;19214;358;48174;124;88;28368;234;19214;358;48174;124;88;
3590;3 ms;97;48271;0;13;18306;10276;19234;358;48174;1714;1368;28153;429;19234;358;48174;124;88;28218;364;19234;358;48174;154;118;28348;234;19234;358;48174;148;112;
3595;3 ms;97;48271;0;12;18222;10142;19452;358;48174;1842;1496;27968;396;19452;358;48174;124;88;28028;336;19452;358;48174;124;88;28148;216;19452;358;48174;124;88;
3600;3 ms;97;48271;0;12;18365;10031;19420;358;48174;1910;1564;28000;396;19420;358;48174;128;92;28060;336;19420;358;48174;128;92;28180;216;19420;358;48174;128;92;
3605;3 ms;97;48271;0;12;18379;9979;19458;358;48174;1842;1496;27962;396;19458;358;48174;124;88;28022;336;19458;358;48174;124;88;28142;216;19458;358;48174;124;88;
3610;3 ms;97;48271;0;12;18387;9943;19486;358;48174;1842;1496;27934;396;19486;358;48174;124;88;27994;336;19486;358;48174;124;88;28114;216;19486;358;48174;124;88;
3615;3 ms;97;48271;0;12;18381;9891;19544;358;48174;1846;1500;27876;396;19544;358;48174;128;92;27936;336;19544;358;48174;128;92;28056;216;19544;358;48174;129;93;
3620;3 ms;97;48271;0;12;18385;9731;19704;354;48174;1774;1432;27720;396;19704;354;48174;342;254;27780;336;19704;354;48174;196;160;27900;216;19704;354;48174;164;128;
3625;3 ms;97;48271;0;12;18395;9731;19694;354;48174;1706;1364;27730;396;19694;354;48174;346;258;27790;336;19694;354;48174;222;186;27910;216;19694;354;48174;205;169;
3630;3 ms;97;48271;0;12;18409;9643;19764;358;48174;1838;1492;27656;396;19764;358;48174;286;250;27716;336;19764;358;48174;162;126;27836;216;19764;358;48174;128;92;
3635;3 ms;97;48271;0;12;18421;9585;19810;358;48174;1906;1560;27610;396;19810;358;48174;182;146;27670;336;19810;358;48174;128;92;27790;216;19810;358;48174;128;92;
3640;3 ms;97;48271;0;12;18427;9497;19892;358;48174;1914;1568;27528;396;19892;358;48174;182;146;27588;336;19892;358;48174;166;130;27708;216;19892;358;48174;132;96;
3645;3 ms;97;48271;0;11;18378;9444;19994;358;48174;2038;1692;27431;391;19994;358;48174;244;208;27514;308;19994;358;48174;136;100;27624;198;19994;358;48174;136;100;
3650;3 ms;97;48271;0;11;18356;9354;20106;358;48174;2110;1764;27347;363;20106;358;48174;194;158;27402;308;20106;358;48174;140;104;27512;198;20106;358;48174;140;104;
3655;3 ms;97;48271;0;11;18360;9300;20156;358;48174;1978;1632;27297;363;20156;358;48174;132;96;27352;308;20156;358;48174;132;96;27462;198;20156;358;48174;132;96;
3660;3 ms;97;48271;0;11;18364;9290;20162;358;48174;1918;1572;27291;363;20162;358;48174;136;100;27346;308;20162;358;48174;166;130;27456;198;20162;358;48174;168;132;
3665;3 ms;97;48271;0;11;18382;9124;20310;358;48174;1918;1572;27143;363;20310;358;48174;236;200;27198;308;20310;358;48174;204;168;27308;198;20310;358;48174;136;100;
3670;3 ms;97;48271;0;11;18522;9028;20266;358;48174;1842;1496;27187;363;20266;358;48174;182;146;27242;308;20266;358;48174;158;122;27352;198;20266;358;48174;152;116;
3675;3 ms;97;48271;0;11;18532;8990;20294;358;48174;1782;1436;27159;363;20294;358;48174;178;142;27214;308;20294;358;48174;162;126;27324;198;20294;358;48174;136;100;
3680;3 ms;97;48271;0;11;18542;8978;20296;358;48174;1714;1368;27157;363;20296;358;48174;174;138;27212;308;20296;358;48174;158;122;27322;198;20296;358;48174;124;88;
3685;3 ms;97;48271;0;12;18534;8994;20332;314;48174;1588;1304;27165;363;20332;314;48174;174;138;27220;308;20332;314;48174;158;122;27330;198;20332;314;48174;144;90;
3690;3 ms;97;48271;0;11;18552;8960;20372;290;48174;1462;1240;27149;363;20372;290;48174;174;138;27204;308;20372;290;48174;274;182;27314;198;20372;290;48174;216;136;
3695;3 ms;97;48271;0;11;18557;8955;20366;296;48174;1580;1296;27149;363;20366;296;48174;174;138;27204;308;20366;296;48174;150;114;27314;198;20366;296;48174;144;108;
3700;3 ms;97;48271;0;11;18564;8920;20394;296;48174;1332;1172;27121;363;20394;296;48174;374;242;27176;308;20394;296;48174;314;186;27286;198;20394;296;48174;171;113;
3705;3 ms;97;48271;0;11;18578;8780;20500;316;48174;1572;1296;26995;363;20500;316;48174;386;246;27050;308;20500;316;48174;246;182;27160;198;20500;316;48174;194;136;
3710;3 ms;97;48271;0;11;18580;8696;20574;324;48174;1652;1368;26913;363;20574;324;48174;182;146;26968;308;20574;324;48174;216;152;27078;198;20574;324;48174;198;140;
3715;3 ms;97;48271;0;11;18600;8676;20554;344;48174;1520;1236;26913;363;20554;344;48174;268;184;26968;308;20554;344;48174;250;182;27078;198;20554;344;48174;144;108;
3720;3 ms;97;48271;0;10;18554;8658;20618;344;48174;1384;1100;26849;363;20618;344;48174;368;284;26918;294;20618;344;48174;280;212;27032;180;20618;344;48174;140;104;
3725;3 ms;97;48271;0;10;18519;8631;20680;344;48174;1512;1228;26820;330;20680;344;48174;318;234;26870;280;20680;344;48174;216;148;26970;180;20680;344;48174;116;80;
3730;3 ms;97;48271;0;10;18527;8597;20706;344;48174;1572;1288;26794;330;20706;344;48174;322;238;26844;280;20706;344;48174;182;114;26944;180;20706;344;48174;116;80;
3735;3 ms;97;48271;0;10;18536;8566;20718;354;48174;1622;1280;26772;330;20718;354;48174;272;184;26822;280;20718;354;48174;112;76;26922;180;20718;354;48174;112;76;
3740;3 ms;97;48271;0;10;18539;8543;20738;354;48174;1630;1288;26752;330;20738;354;48174;218;130;26802;280;20738;354;48174;112;76;26902;180;20738;354;48174;112;76;
3745;3 ms;97;48271;0;10;18555;8507;20758;354;48174;1630;1288;26732;330;20758;354;48174;218;130;26782;280;20758;354;48174;112;76;26882;180;20758;354;48174;112;76;
3750;3 ms;97;48271;0;10;18551;8501;20768;354;48174;1634;1292;26722;330;20768;354;48174;222;134;26772;280;20768;354;48174;116;80;26872;180;20768;354;48174;124;88;
3755;3 ms;97;48271;0;10;18563;8473;20784;354;48174;1570;1228;26706;330;20784;354;48174;222;134;26756;280;20784;354;48174;146;110;26856;180;20784;354;48174;140;104;
3760;3 ms;97;48271;0;10;18575;8411;20830;358;48174;1510;1164;26656;330;20830;358;48174;212;176;26706;280;20830;358;48174;180;144;26806;180;20830;358;48174;112;76;
3765;3 ms;97;48271;0;10;18583;8395;20838;358;48174;1510;1164;26648;330;20838;358;48174;212;176;26698;280;20838;358;48174;180;144;26798;180;20838;358;48174;112;76;
3770;3 ms;97;48271;0;10;18591;8371;20854;358;48174;1570;1224;26632;330;20854;358;48174;216;180;26682;280;20854;358;48174;146;110;26782;180;20854;358;48174;112;76;
3775;3 ms;97;48271;0;10;18599;8295;20922;358;48174;1510;1164;26564;330;20922;358;48174;162;126;26614;280;20922;358;48174;176;140;26714;180;20922;358;48174;136;100;
3780;3 ms;97;48271;0;10;18595;8299;20922;358;48174;1506;1160;26564;330;20922;358;48174;216;180;26614;280;20922;358;48174;146;110;26714;180;20922;358;48174;113;77;
3785;3 ms;97;48271;0;10;18702;8156;20958;358;48174;1510;1164;26528;330;20958;358;48174;112;76;26578;280;20958;358;48174;142;106;26678;180;20958;358;48174;144;108;
3790;3 ms;97;48271;0;10;18718;8090;21008;358;48174;1506;1160;26478;330;21008;358;48174;158;122;26528;280;21008;358;48174;108;72;26628;180;21008;358;48174;108;72;
3795;3 ms;97;48271;0;10;18728;8072;21016;358;48174;1502;1156;26470;330;21016;358;48174;162;126;26520;280;21016;358;48174;108;72;26620;180;21016;358;48174;108;72;
3800;3 ms;97;48271;0;10;18733;8053;21030;358;48174;1502;1156;26456;330;21030;358;48174;162;126;26506;280;21030;358;48174;138;102;26606;180;21030;358;48174;132;96;
3805;3 ms;97;48271;0;10;18740;8042;21096;296;48174;1372;1088;26452;330;21096;296;48174;158;122;26502;280;21096;296;48174;134;98;26602;180;21096;296;48174;128;92;
3810;3 ms;97;48271;0;10;18752;8006;21120;296;48174;1376;1092;26428;330;21120;296;48174;154;118;26478;280;21120;296;48174;138;102;26578;180;21120;296;48174;104;68;
3815;3 ms;97;48271;0;10;20015;7953;19918;288;48174;1370;1092;27638;330;19918;288;48174;98;68;27688;280;19918;288;48174;98;68;27788;180;19918;288;48174;98;68;
3820;3 ms;97;48271;0;10;20023;7899;19992;260;48174;1182;1028;27592;330;19992;260;48174;244;118;27641;281;19992;260;48174;226;132;27742;180;19992;260;48174;122;92;
3825;3 ms;97;48271;0;9;19933;7853;20100;288;48174;1498;1220;27489;297;20100;288;48174;156;126;27534;252;20100;288;48174;102;72;27624;162;20100;288;48174;102;72;
3830;3 ms;97;48271;0;9;20071;7753;20062;288;48174;1438;1160;27527;297;20062;288;48174;152;122;27572;252;20062;288;48174;136;106;27662;162;20062;288;48174;102;72;
3835;3 ms;97;48271;0;9;20083;7705;20098;288;48174;1438;1160;27491;297;20098;288;48174;152;122;27536;252;20098;288;48174;136;106;27626;162;20098;288;48174;102;72;
3840;3 ms;97;48271;0;9;20087;7665;20134;288;48174;1438;1160;27455;297;20134;288;48174;152;122;27500;252;20134;288;48174;136;106;27590;162;20134;288;48174;102;72;
3845;3 ms;97;48271;0;9;20087;7637;20162;288;48174;1498;1220;27427;297;20162;288;48174;156;126;27472;252;20162;288;48174;102;72;27562;162;20162;288;48174;102;72;
Fixed time simulation end ########################################

