voltage_trace: voltage_traces/voltage_trace2.txt
Fixed time simulation start ######################################
hazard_threshold_val;time;shtdwn_counter;clk_counter;trace_rom_addr;executed_batches;I_layer1_pwr_apprx_values_idle_state;I_layer1_pwr_apprx_compute_state;I_layer1_pwr_apprx_values_save_state;I_layer1_pwr_apprx_values_rec_state;nv_reg1_pwr_apprx_values_poweron_state;nv_reg1_pwr_apprx_values_rec_state;nv_reg1_pwr_apprx_values_save_state;I_layer2_pwr_apprx_values_idle_state;I_layer2_pwr_apprx_compute_state;I_layer2_pwr_apprx_values_save_state;I_layer2_pwr_apprx_values_rec_state;nv_reg2_pwr_apprx_values_poweron_state;nv_reg2_pwr_apprx_values_rec_state;nv_reg2_pwr_apprx_values_save_state;I_layer3_pwr_apprx_values_idle_state;I_layer3_pwr_apprx_compute_state;I_layer3_pwr_apprx_values_save_state;I_layer3_pwr_apprx_values_rec_state;nv_reg3_pwr_apprx_values_poweron_state;nv_reg3_pwr_apprx_values_rec_state;nv_reg3_pwr_apprx_values_save_state;I_layer4_pwr_apprx_values_idle_state;I_layer4_pwr_apprx_compute_state;I_layer4_pwr_apprx_values_save_state;I_layer4_pwr_apprx_values_rec_state;nv_reg4_pwr_apprx_values_poweron_state;nv_reg4_pwr_apprx_values_rec_state;nv_reg4_pwr_apprx_values_save_state;
2500;3 ms;97;48271;0;42;7511;33301;6300;1062;48174;4658;3824;39426;1386;6300;1062;48174;792;606;39636;1176;6300;1062;48174;602;448;40056;756;6300;1062;48174;362;272;
2505;3 ms;97;48271;0;41;7443;33041;6618;1072;48174;4794;3960;39131;1353;6618;1072;48174;692;506;39336;1148;6618;1072;48174;538;384;39746;738;6618;1072;48174;366;276;
2510;3 ms;97;48271;0;41;7449;32969;6684;1072;48174;4926;4092;39065;1353;6684;1072;48174;696;510;39270;1148;6684;1072;48174;512;358;39680;738;6684;1072;48174;346;256;
2515;3 ms;97;48271;0;41;7536;32897;6618;1123;48174;4898;3944;39080;1353;6618;1123;48174;598;456;39285;1148;6618;1123;48174;398;308;39695;738;6618;1123;48174;366;276;
2520;3 ms;97;48271;0;41;7630;32721;6696;1127;48174;4620;3732;38998;1353;6696;1127;48174;906;664;39203;1148;6696;1127;48174;490;368;39613;738;6696;1127;48174;388;298;
2525;3 ms;97;48271;0;41;7746;32355;6990;1083;48174;4722;3892;38748;1353;6990;1083;48174;750;560;38953;1148;6990;1083;48174;598;448;39363;738;6990;1083;48174;412;300;
2530;3 ms;97;48271;0;40;7659;32246;7152;1117;48174;4976;4084;38585;1320;7152;1117;48174;700;510;38785;1120;7152;1117;48174;476;354;39185;720;7152;1117;48174;342;252;
2535;3 ms;97;48271;0;40;7757;32046;7248;1123;48174;5286;4336;38483;1320;7248;1123;48174;832;638;38683;1120;7248;1123;48174;388;298;39083;720;7248;1123;48174;355;265;
2540;3 ms;97;48271;0;40;7937;32012;7090;1135;48174;4762;3808;38629;1320;7090;1135;48174;482;340;38829;1120;7090;1135;48174;352;262;39229;720;7090;1135;48174;346;256;
2545;3 ms;97;48271;0;40;7959;31736;7358;1121;48174;4904;4016;38375;1320;7358;1121;48174;922;680;38575;1120;7358;1121;48174;480;358;38975;720;7358;1121;48174;382;292;
2550;3 ms;97;48271;0;40;8053;31524;7462;1135;48174;5094;4140;38257;1320;7462;1135;48174;602;460;38457;1120;7462;1135;48174;372;282;38857;720;7462;1135;48174;338;248;
2555;3 ms;97;48271;0;39;8062;31479;7484;1149;48174;5222;4272;38254;1287;7484;1149;48174;666;472;38449;1092;7484;1149;48174;346;256;38839;702;7484;1149;48174;346;256;
2560;3 ms;97;48271;0;39;8079;31168;7770;1157;48174;5362;4408;37960;1287;7770;1157;48174;618;476;38155;1092;7770;1157;48174;388;298;38545;702;7770;1157;48174;354;264;
2565;3 ms;97;48271;0;38;8669;30693;7734;1078;48174;4660;3768;38108;1254;7734;1078;48174;508;418;38298;1064;7734;1078;48174;414;324;38678;684;7734;1078;48174;374;284;
2570;3 ms;97;48271;0;39;8272;30814;7911;1177;48174;4972;4080;37799;1287;7911;1177;48174;928;734;37994;1092;7911;1177;48174;482;392;38384;702;7911;1177;48174;374;284;
2575;3 ms;97;48271;0;39;8273;30703;7974;1224;48174;5178;4220;37689;1287;7974;1224;48174;616;526;37884;1092;7974;1224;48174;418;328;38274;702;7974;1224;48174;378;288;
2580;3 ms;97;48271;0;39;8377;30589;7806;1402;48174;4972;4080;37712;1254;7806;1402;48174;822;680;37902;1064;7806;1402;48174;482;392;38282;684;7806;1402;48174;393;285;
2585;3 ms;97;48271;0;38;8394;30432;7916;1432;48174;5248;4352;37572;1254;7916;1432;48174;668;530;37762;1064;7916;1432;48174;458;336;38142;684;7916;1432;48174;358;268;
2590;3 ms;97;48271;0;38;8529;30236;8072;1337;48174;5230;4348;37511;1254;8072;1337;48174;732;596;37701;1064;8072;1337;48174;454;370;38081;684;8072;1337;48174;408;324;
2595;3 ms;97;48271;0;38;8610;29981;8238;1345;48174;5310;4420;37337;1254;8238;1345;48174;510;426;37527;1064;8238;1345;48174;416;332;37907;684;8238;1345;48174;376;292;
2600;3 ms;97;48271;0;37;8982;29837;8460;895;48174;5302;4548;37598;1221;8460;895;48174;564;492;37783;1036;8460;895;48174;378;306;38153;666;8460;895;48174;372;300;
2605;3 ms;97;48271;0;37;8987;29616;8676;895;48174;5378;4624;37382;1221;8676;895;48174;560;488;37567;1036;8676;895;48174;420;348;37937;666;8676;895;48174;352;280;
2610;3 ms;97;48271;0;37;8995;29406;8870;903;48174;5450;4696;37180;1221;8870;903;48174;518;446;37365;1036;8870;903;48174;454;382;37735;666;8870;903;48174;408;336;
2615;3 ms;97;48271;0;36;9027;29057;9224;866;48174;5604;4912;36896;1188;9224;866;48174;538;466;37076;1008;9224;866;48174;452;380;37436;648;9224;866;48174;394;322;
2620;3 ms;97;48271;0;36;9046;28354;9908;866;48174;6062;5308;36212;1188;9908;866;48174;496;424;36392;1008;9908;866;48174;426;354;36752;648;9908;866;48174;400;328;
2625;3 ms;97;48271;0;35;9054;28265;9905;950;48174;5600;4908;36164;1155;9905;950;48174;646;574;36339;980;9905;950;48174;570;470;36689;630;9905;950;48174;455;361;
2630;3 ms;97;48271;0;35;9075;27799;10316;984;48174;6058;5304;35719;1155;10316;984;48174;608;536;35894;980;10316;984;48174;490;418;36244;630;10316;984;48174;444;372;
2635;3 ms;97;48271;0;35;9163;27727;9958;1326;48174;5798;5044;35735;1155;9958;1326;48174;596;524;35910;980;9958;1326;48174;486;414;36260;630;9958;1326;48174;412;340;
2640;3 ms;97;48271;0;34;9079;27545;10242;1308;48174;5736;5044;35497;1127;10242;1308;48174;860;740;35672;952;10242;1308;48174;594;490;36012;612;10242;1308;48174;421;349;
2645;3 ms;97;48271;0;34;9084;27302;10502;1286;48174;5604;5040;35264;1122;10502;1286;48174;950;682;35434;952;10502;1286;48174;654;486;35774;612;10502;1286;48174;426;354;
2650;3 ms;97;48271;0;34;9180;27170;10550;1274;48174;5412;4844;35228;1122;10550;1274;48174;958;790;35398;952;10550;1274;48174;740;576;35738;612;10550;1274;48174;486;392;
2655;3 ms;97;48271;0;34;9182;26966;10712;1314;48174;5846;5100;35026;1122;10712;1314;48174;916;740;35196;952;10712;1314;48174;494;422;35536;612;10712;1314;48174;400;328;
2660;3 ms;97;48271;0;34;9409;26904;10756;1105;48174;5914;5236;35191;1122;10756;1105;48174;702;532;35361;952;10756;1105;48174;450;384;35701;612;10756;1105;48174;418;352;
2665;3 ms;97;48271;0;34;9425;26762;10886;1101;48174;5898;5224;35065;1122;10886;1101;48174;912;690;35235;952;10886;1101;48174;454;388;35575;612;10886;1101;48174;386;320;
2670;3 ms;97;48271;0;33;9377;26758;10934;1105;48174;5930;5244;35013;1122;10934;1105;48174;544;478;35205;930;10934;1105;48174;458;392;35541;594;10934;1105;48174;391;325;
2675;3 ms;97;48271;0;33;9342;26575;11152;1105;48174;5994;5308;34828;1089;11152;1105;48174;764;698;34993;924;11152;1105;48174;500;434;35323;594;11152;1105;48174;414;348;
2680;3 ms;97;48271;0;33;9353;26519;11156;1146;48174;5866;5180;34783;1089;11156;1146;48174;648;582;34948;924;11156;1146;48174;522;456;35278;594;11156;1146;48174;422;356;
2685;3 ms;97;48271;0;33;9352;26510;11158;1154;48174;5798;5112;34773;1089;11158;1154;48174;598;532;34938;924;11158;1154;48174;518;452;35268;594;11158;1154;48174;439;373;
2690;3 ms;97;48271;0;33;9376;26319;11300;1179;48174;5918;5236;34606;1089;11300;1179;48174;650;532;34771;924;11300;1179;48174;450;384;35101;594;11300;1179;48174;410;344;
2695;3 ms;97;48271;0;33;9384;26269;11334;1187;48174;5670;4984;34564;1089;11334;1187;48174;694;628;34729;924;11334;1187;48174;582;516;35059;594;11334;1187;48174;434;368;
2700;3 ms;97;48271;0;33;9486;26033;11472;1183;48174;5858;5172;34430;1089;11472;1183;48174;590;524;34595;924;11472;1183;48174;480;414;34925;594;11472;1183;48174;406;340;
2705;3 ms;97;48271;0;33;9560;25983;11452;1179;48174;5578;4892;34454;1089;11452;1179;48174;574;508;34619;924;11452;1179;48174;396;330;34949;594;11452;1179;48174;363;297;
2710;3 ms;97;48271;0;32;9928;25908;11588;750;48174;5722;5104;34780;1056;11588;750;48174;472;412;34940;896;11588;750;48174;432;372;35260;576;11588;750;48174;392;332;
2715;3 ms;97;48271;0;32;9924;25850;11650;750;48174;5586;4968;34718;1056;11650;750;48174;464;404;34878;896;11650;750;48174;424;364;35198;576;11650;750;48174;384;324;
2720;3 ms;97;48271;0;32;9932;25592;11900;750;48174;5450;4832;34468;1056;11900;750;48174;738;678;34628;896;11900;750;48174;526;466;34948;576;11900;750;48174;441;381;
2725;3 ms;97;48271;0;32;9934;25526;11964;750;48174;5322;4704;34404;1056;11964;750;48174;668;608;34564;896;11964;750;48174;526;466;34884;576;11964;750;48174;384;324;
2730;3 ms;97;48271;0;32;9954;25494;11994;732;48174;5436;4884;34392;1056;11994;732;48174;826;666;34552;896;11994;732;48174;456;364;34872;576;11994;732;48174;356;296;
2735;3 ms;97;48271;0;32;9954;25392;12082;746;48174;5124;4568;34290;1056;12082;746;48174;654;546;34450;896;12082;746;48174;542;450;34770;576;12082;746;48174;396;336;
2740;3 ms;97;48271;0;31;9892;25184;12356;742;48174;5650;5032;34038;1038;12356;742;48174;464;404;34208;868;12356;742;48174;394;334;34518;558;12356;742;48174;360;300;
2745;3 ms;97;48271;0;31;9887;24863;12678;746;48174;5650;5032;33727;1023;12678;746;48174;522;462;33882;868;12678;746;48174;398;338;34192;558;12678;746;48174;364;304;
2750;3 ms;97;48271;0;31;9898;24533;12985;758;48174;5642;5024;33408;1023;12985;758;48174;684;624;33563;868;12985;758;48174;466;406;33873;558;12985;758;48174;392;332;
2755;3 ms;97;48271;0;31;9989;24456;12899;830;48174;5454;4836;33422;1023;12899;830;48174;518;458;33577;868;12899;830;48174;484;424;33887;558;12899;830;48174;432;372;
2760;3 ms;97;48271;0;30;9916;24275;13116;867;48174;5652;5096;33201;990;13116;867;48174;736;628;33351;840;13116;867;48174;502;410;33651;540;13116;867;48174;396;336;
2765;3 ms;97;48271;0;30;10000;24169;13134;871;48174;5438;4820;33179;990;13134;871;48174;560;500;33329;840;13134;871;48174;382;322;33629;540;13134;871;48174;348;288;
2770;3 ms;97;48271;0;30;10005;24041;13249;879;48174;5250;4632;33056;990;13249;879;48174;448;388;33206;840;13249;879;48174;378;318;33506;540;13249;879;48174;344;284;
2775;3 ms;97;48271;0;30;9991;24023;13277;883;48174;5054;4436;33024;990;13277;883;48174;444;384;33174;840;13277;883;48174;404;344;33474;540;13277;883;48174;364;304;
2780;3 ms;97;48271;0;30;10015;23931;13357;871;48174;4654;4036;32956;990;13357;871;48174;686;626;33106;840;13357;871;48174;558;498;33406;540;13357;871;48174;376;316;
2785;3 ms;97;48271;0;30;10022;23844;12882;1426;48174;4638;4020;32876;990;12882;1426;48174;636;576;33026;840;12882;1426;48174;508;448;33326;540;12882;1426;48174;416;356;
2790;3 ms;97;48271;0;29;9922;23550;13276;1426;48174;4906;4288;32515;957;13276;1426;48174;424;364;32660;812;13276;1426;48174;354;294;32950;522;13276;1426;48174;328;268;
2795;3 ms;97;48271;0;29;10105;23390;13358;1321;48174;4834;4216;32538;957;13358;1321;48174;308;248;32683;812;13358;1321;48174;308;248;32973;522;13358;1321;48174;308;248;
2800;3 ms;97;48271;0;29;10127;23330;13400;1317;48174;4766;4148;32500;957;13400;1317;48174;304;244;32645;812;13400;1317;48174;304;244;32935;522;13400;1317;48174;304;244;
2805;3 ms;97;48271;0;29;10129;23230;13498;1317;48174;4698;4080;32402;957;13498;1317;48174;300;240;32547;812;13498;1317;48174;300;240;32837;522;13498;1317;48174;300;240;
2810;3 ms;97;48271;0;30;10238;23012;13696;1228;48174;4054;3564;32293;957;13696;1228;48174;656;544;32438;812;13696;1228;48174;558;470;32728;522;13696;1228;48174;388;288;
2815;3 ms;97;48271;0;29;10245;22866;13698;1365;48174;4234;3744;32154;957;13698;1365;48174;648;440;32299;812;13698;1365;48174;454;330;32589;522;13698;1365;48174;316;256;
2820;3 ms;97;48271;0;28;10237;22818;13748;1371;48174;3970;3352;32131;924;13748;1371;48174;534;474;32271;784;13748;1371;48174;446;386;32551;504;13748;1371;48174;314;254;
2825;3 ms;97;48271;0;28;10361;22607;13864;1342;48174;4018;3400;32044;924;13864;1342;48174;530;470;32184;784;13864;1342;48174;374;314;32464;504;13864;1342;48174;272;212;
2830;3 ms;97;48271;0;28;10350;22532;13950;1342;48174;3874;3256;31958;924;13950;1342;48174;526;466;32098;784;13950;1342;48174;294;234;32378;504;13950;1342;48174;261;201;
2835;3 ms;97;48271;0;28;10475;22284;14176;1239;48174;3814;3196;31835;924;14176;1239;48174;414;354;31975;784;14176;1239;48174;290;230;32255;504;14176;1239;48174;256;196;
2840;3 ms;97;48271;0;28;10480;22109;14354;1231;48174;3738;3124;31665;924;14354;1231;48174;408;296;31805;784;14354;1231;48174;278;218;32085;504;14354;1231;48174;272;212;
2845;3 ms;97;48271;0;28;10490;22115;13764;1805;48174;3342;2728;31681;924;13764;1805;48174;496;384;31821;784;13764;1805;48174;364;304;32101;504;13764;1805;48174;284;224;
2850;3 ms;97;48271;0;27;10403;22014;13948;1809;48174;3266;2648;31526;891;13948;1809;48174;378;318;31661;756;13948;1809;48174;254;194;31931;486;13948;1809;48174;220;160;
2855;3 ms;97;48271;0;27;10403;21906;14060;1805;48174;3194;2576;31418;891;14060;1805;48174;320;260;31553;756;14060;1805;48174;212;152;31823;486;14060;1805;48174;212;152;
2860;3 ms;97;48271;0;27;10409;21790;14170;1805;48174;3214;2596;31308;891;14170;1805;48174;274;214;31443;756;14170;1805;48174;318;258;31713;486;14170;1805;48174;272;212;
2865;3 ms;97;48271;0;27;10504;21701;14164;1805;48174;3210;2592;31314;891;14164;1805;48174;220;160;31449;756;14164;1805;48174;280;220;31719;486;14164;1805;48174;244;184;
2870;3 ms;97;48271;0;27;10512;21621;14240;1801;48174;2926;2312;31242;891;14240;1801;48174;522;410;31377;756;14240;1801;48174;276;216;31647;486;14240;1801;48174;208;148;
2875;3 ms;97;48271;0;27;10521;21530;14322;1801;48174;3118;2500;31160;891;14322;1801;48174;424;364;31295;756;14322;1801;48174;208;148;31565;486;14322;1801;48174;208;148;
2880;3 ms;97;48271;0;27;10533;21470;14374;1797;48174;2998;2380;31112;891;14374;1797;48174;200;140;31247;756;14374;1797;48174;200;140;31517;486;14374;1797;48174;200;140;
2885;3 ms;97;48271;0;27;10525;21430;14418;1801;48174;2866;2248;31064;891;14418;1801;48174;196;136;31199;756;14418;1801;48174;196;136;31469;486;14418;1801;48174;196;136;
2890;3 ms;97;48271;0;27;11155;21401;14464;1154;48174;2744;2256;31665;891;14464;1154;48174;248;194;31800;756;14464;1154;48174;320;238;32070;486;14464;1154;48174;268;192;
2895;3 ms;97;48271;0;27;11164;21274;14552;1184;48174;2862;2312;31547;891;14552;1184;48174;190;136;31682;756;14552;1184;48174;190;136;31952;486;14552;1184;48174;190;136;
2900;3 ms;97;48271;0;26;11165;21249;14576;1184;48174;2862;2312;31523;891;14576;1184;48174;190;136;31658;756;14576;1184;48174;190;136;31928;486;14576;1184;48174;190;136;
2905;3 ms;97;48271;0;26;11177;21155;14672;1170;48174;2724;2236;31474;858;14672;1170;48174;616;514;31604;728;14672;1170;48174;328;242;31864;468;14672;1170;48174;222;168;
2910;3 ms;97;48271;0;26;11170;21114;14724;1166;48174;2592;2108;31426;858;14724;1166;48174;660;506;31556;728;14724;1166;48174;328;242;31816;468;14724;1166;48174;202;148;
2915;3 ms;97;48271;0;26;11201;21001;14806;1166;48174;2800;2312;31344;858;14806;1166;48174;454;352;31474;728;14806;1166;48174;298;212;31734;468;14806;1166;48174;198;144;
2920;3 ms;97;48271;0;27;11197;20997;14848;1132;48174;2792;2308;31336;858;14848;1132;48174;462;356;31466;728;14848;1132;48174;232;178;31726;468;14848;1132;48174;217;145;
2925;3 ms;97;48271;0;26;11864;20935;14894;481;48174;2652;2236;31941;858;14894;481;48174;402;302;32071;728;14894;481;48174;246;170;32331;468;14894;481;48174;242;172;
2930;3 ms;97;48271;0;26;11874;20805;14994;501;48174;2732;2316;31821;858;14994;501;48174;504;356;31951;728;14994;501;48174;296;216;32211;468;14994;501;48174;196;148;
2935;3 ms;97;48271;0;26;11887;20668;15108;511;48174;2600;2184;31697;858;15108;511;48174;344;244;31827;728;15108;511;48174;252;204;32087;468;15108;511;48174;220;172;
2940;3 ms;97;48271;0;26;11982;20591;11528;4073;48174;2524;2112;31715;858;11528;4073;48174;496;344;31845;728;11528;4073;48174;310;234;32105;468;11528;4073;48174;230;160;
2945;3 ms;97;48271;0;25;11901;20356;11806;4111;48174;2858;2376;31432;825;11806;4111;48174;242;194;31557;700;11806;4111;48174;188;140;31807;450;11806;4111;48174;188;140;
2950;3 ms;97;48271;0;25;11909;20264;11890;4111;48174;2726;2244;31348;825;11890;4111;48174;180;132;31473;700;11890;4111;48174;180;132;31723;450;11890;4111;48174;180;132;
2955;3 ms;97;48271;0;25;11910;20193;11970;4101;48174;2744;2324;31278;825;11970;4101;48174;344;248;31403;700;11970;4101;48174;296;216;31653;450;11970;4101;48174;206;158;
2960;3 ms;97;48271;0;25;11912;20111;12036;4115;48174;2662;2180;31198;825;12036;4115;48174;180;132;31323;700;12036;4115;48174;180;132;31573;450;12036;4115;48174;180;132;
2965;3 ms;97;48271;0;25;11923;19966;12170;4115;48174;2530;2048;31064;825;12170;4115;48174;176;128;31189;700;12170;4115;48174;236;188;31439;450;12170;4115;48174;224;176;
2970;3 ms;97;48271;0;25;11921;19910;12232;4111;48174;2398;1916;31006;825;12232;4111;48174;330;282;31131;700;12232;4111;48174;244;196;31381;450;12232;4111;48174;186;138;
2975;3 ms;97;48271;0;25;15623;19761;12292;498;48174;2262;1780;34559;825;12292;498;48174;322;274;34684;700;12292;498;48174;296;248;34934;450;12292;498;48174;216;168;
2980;3 ms;97;48271;0;25;15633;19692;12294;555;48174;2190;1712;34500;825;12294;555;48174;536;436;34625;700;12294;555;48174;364;316;34875;450;12294;555;48174;244;196;
2985;3 ms;97;48271;0;24;15546;19537;12528;563;48174;2318;1836;34291;792;12528;563;48174;156;108;34411;672;12528;563;48174;156;108;34651;432;12528;563;48174;156;108;
2990;3 ms;97;48271;0;24;15534;19507;12570;563;48174;2058;1576;34249;792;12570;563;48174;202;154;34369;672;12570;563;48174;216;168;34609;432;12570;563;48174;184;136;
2995;3 ms;97;48271;0;24;15556;19413;12656;549;48174;1988;1568;34177;792;12656;549;48174;458;362;34297;672;12656;549;48174;286;206;34537;432;12656;549;48174;152;104;
3000;3 ms;97;48271;0;24;15560;19343;12716;555;48174;2174;1696;34111;792;12716;555;48174;420;320;34231;672;12716;555;48174;190;142;34471;432;12716;555;48174;164;116;
3005;3 ms;97;48271;0;24;15581;19103;13030;460;48174;2256;1840;33892;792;13030;460;48174;378;278;34012;672;13030;460;48174;290;214;34252;432;13030;460;48174;192;144;
3010;3 ms;97;48271;0;24;15586;19017;13012;559;48174;2200;1780;33811;792;13012;559;48174;312;216;33931;672;13012;559;48174;294;214;34171;432;13012;559;48174;188;140;
3015;3 ms;97;48271;0;24;15602;18929;13098;545;48174;2070;1712;33739;792;13098;545;48174;464;320;33859;672;13098;545;48174;360;248;34099;432;13098;545;48174;188;140;
3020;3 ms;97;48271;0;23;15513;18868;13234;559;48174;2332;1912;33622;759;13234;559;48174;316;220;33737;644;13234;559;48174;268;188;33967;414;13234;559;48174;168;120;
3025;3 ms;97;48271;0;23;15528;18803;13284;559;48174;2332;1912;33572;759;13284;559;48174;424;328;33687;644;13284;559;48174;272;192;33917;414;13284;559;48174;172;124;
3035;3 ms;97;48271;0;23;15535;18656;13424;559;48174;2242;1764;33432;759;13424;559;48174;366;266;33547;644;13424;559;48174;190;142;33777;414;13424;559;48174;156;108;
3040;3 ms;97;48271;0;23;15533;18601;13440;600;48174;2234;1756;33375;759;13440;600;48174;366;266;33490;644;13440;600;48174;152;104;33720;414;13440;600;48174;152;104;
3045;3 ms;97;48271;0;23;15551;18562;13416;645;48174;1982;1504;33354;759;13416;645;48174;354;254;33469;644;13416;645;48174;246;198;33699;414;13416;645;48174;172;124;
3050;3 ms;97;48271;0;23;15564;18509;13518;583;48174;2056;1640;33314;759;13518;583;48174;312;212;33429;644;13518;583;48174;220;172;33659;414;13518;583;48174;180;132;
3055;3 ms;97;48271;0;23;15563;18432;13548;631;48174;1980;1564;33236;759;13548;631;48174;406;258;33351;644;13548;631;48174;244;164;33581;414;13548;631;48174;172;124;
3060;3 ms;97;48271;0;23;15562;18337;13630;645;48174;2038;1560;33140;759;13630;645;48174;304;204;33255;644;13630;645;48174;144;96;33485;414;13630;645;48174;154;106;
3065;3 ms;97;48271;0;23;15573;18328;13690;583;48174;1912;1496;33142;759;13690;583;48174;304;204;33257;644;13690;583;48174;144;96;33487;414;13690;583;48174;144;96;
3070;3 ms;97;48271;0;22;15568;18101;13864;641;48174;2214;1740;32910;759;13864;641;48174;634;482;33025;644;13864;641;48174;152;104;33260;409;13864;641;48174;152;104;
3075;3 ms;97;48271;0;22;15512;18055;13966;641;48174;2170;1692;32841;726;13966;641;48174;308;208;32951;616;13966;641;48174;148;100;33171;396;13966;641;48174;148;100;
3080;3 ms;97;48271;0;22;15516;17983;14030;645;48174;1982;1504;32773;726;14030;645;48174;354;254;32883;616;14030;645;48174;246;198;33103;396;14030;645;48174;172;124;
3085;3 ms;97;48271;0;22;15520;17881;14132;641;48174;2042;1560;32675;726;14132;641;48174;194;146;32785;616;14132;641;48174;140;92;33005;396;14132;641;48174;140;92;
3090;3 ms;97;48271;0;22;15531;17849;14108;686;48174;2114;1632;32654;726;14108;686;48174;202;154;32764;616;14108;686;48174;148;100;32984;396;14108;686;48174;148;100;
3095;3 ms;97;48271;0;22;15666;17751;14158;599;48174;1924;1504;32691;726;14158;599;48174;194;146;32801;616;14158;599;48174;236;160;33021;396;14158;599;48174;190;120;
3100;3 ms;97;48271;0;22;15674;17541;14326;633;48174;2110;1628;32489;726;14326;633;48174;198;150;32599;616;14326;633;48174;144;96;32819;396;14326;633;48174;144;96;
3105;3 ms;97;48271;0;22;15688;17423;14434;629;48174;2110;1628;32385;726;14434;629;48174;306;258;32495;616;14434;629;48174;182;134;32715;396;14434;629;48174;148;100;
3110;3 ms;97;48271;0;22;15700;17372;14536;566;48174;1936;1516;32346;726;14536;566;48174;412;316;32456;616;14536;566;48174;354;274;32676;396;14536;566;48174;208;160;
3115;3 ms;97;48271;0;21;15645;17314;14604;611;48174;2048;1628;32236;723;14604;611;48174;462;366;32371;588;14604;611;48174;252;172;32581;378;14604;611;48174;152;104;
3120;3 ms;97;48271;0;21;15627;17230;14692;625;48174;2238;1760;32164;693;14692;625;48174;312;212;32269;588;14692;625;48174;152;104;32479;378;14692;625;48174;152;104;
3125;3 ms;97;48271;0;21;15627;17148;14770;629;48174;2246;1764;32082;693;14770;629;48174;206;158;32187;588;14770;629;48174;152;104;32397;378;14770;629;48174;152;104;
3130;3 ms;97;48271;0;21;15641;17098;14806;629;48174;2118;1636;32046;693;14806;629;48174;148;100;32151;588;14806;629;48174;178;130;32361;378;14806;629;48174;172;124;
3135;3 ms;97;48271;0;21;15645;17062;14838;629;48174;1990;1508;32014;693;14838;629;48174;248;200;32119;588;14838;629;48174;246;198;32329;378;14838;629;48174;172;124;
3140;3 ms;97;48271;0;21;15659;16976;14918;621;48174;2114;1632;31942;693;14918;621;48174;144;96;32047;588;14918;621;48174;144;96;32257;378;14918;621;48174;144;96;
3145;3 ms;97;48271;0;21;15671;16850;15024;629;48174;2058;1576;31828;693;15024;629;48174;252;204;31933;588;15024;629;48174;250;202;32143;378;15024;629;48174;176;128;
3150;3 ms;97;48271;0;21;15675;16800;15074;625;48174;2182;1700;31782;693;15074;625;48174;256;208;31887;588;15074;625;48174;186;138;32097;378;15074;625;48174;152;104;
3155;3 ms;97;48271;0;21;15689;16620;15244;621;48174;2118;1636;31616;693;15244;621;48174;198;150;31721;588;15244;621;48174;182;134;31931;378;15244;621;48174;148;100;
3160;3 ms;97;48271;0;21;15689;16578;15282;625;48174;2178;1696;31574;693;15282;625;48174;202;154;31679;588;15282;625;48174;148;100;31889;378;15282;625;48174;148;100;
3165;3 ms;97;48271;0;20;15662;16527;15360;625;48174;2050;1572;31496;693;15360;625;48174;258;158;31601;588;15360;625;48174;212;164;31829;360;15360;625;48174;200;152;
3170;3 ms;97;48271;0;20;15622;16505;15422;625;48174;1920;1500;31467;660;15422;625;48174;306;258;31567;560;15422;625;48174;240;164;31767;360;15422;625;48174;194;124;
3175;3 ms;97;48271;0;20;15630;16407;15516;621;48174;1924;1504;31377;660;15516;621;48174;300;204;31477;560;15516;621;48174;274;194;31677;360;15516;621;48174;196;148;
3180;3 ms;97;48271;0;20;15639;16311;15562;662;48174;1780;1368;31290;660;15562;662;48174;662;462;31390;560;15562;662;48174;312;232;31590;360;15562;662;48174;172;124;
3185;3 ms;97;48271;0;20;15754;16199;15588;633;48174;1918;1440;31293;660;15588;633;48174;354;254;31393;560;15588;633;48174;276;228;31593;360;15588;633;48174;196;148;
3190;3 ms;97;48271;0;20;15872;16126;15622;554;48174;1955;1512;31338;660;15622;554;48174;362;262;31438;560;15622;554;48174;284;236;31638;360;15622;554;48174;212;164;
3195;3 ms;97;48271;0;20;15878;16052;15694;550;48174;2071;1628;31270;660;15694;550;48174;366;266;31370;560;15694;550;48174;182;134;31570;360;15694;550;48174;184;136;
3200;3 ms;97;48271;0;20;15892;15986;15742;554;48174;2015;1568;31218;660;15742;554;48174;194;146;31318;560;15742;554;48174;178;130;31518;360;15742;554;48174;144;96;
3205;3 ms;97;48271;0;20;15894;15856;15874;550;48174;2071;1628;31090;660;15874;550;48174;308;208;31190;560;15874;550;48174;148;100;31390;360;15874;550;48174;148;100;
3210;3 ms;97;48271;0;19;15832;15740;16056;546;48174;2199;1760;30935;637;16056;546;48174;397;274;31040;532;16056;546;48174;190;142;31230;342;16056;546;48174;184;136;
3215;3 ms;97;48271;0;19;15872;15740;16088;474;48174;1748;1452;30952;660;16088;474;48174;377;258;31073;539;16088;474;48174;277;206;31270;342;16088;474;48174;181;133;
3220;3 ms;97;48271;0;19;15843;15515;16270;546;48174;2339;1900;30731;627;16270;546;48174;324;224;30826;532;16270;546;48174;164;116;31016;342;16270;546;48174;164;116;
3225;3 ms;97;48271;0;19;15841;15459;16328;546;48174;2275;1836;30673;627;16328;546;48174;324;224;30768;532;16328;546;48174;194;146;30958;342;16328;546;48174;188;140;
3230;3 ms;97;48271;0;19;15975;15327;16375;497;48174;2211;1772;30675;627;16375;497;48174;206;158;30770;532;16375;497;48174;190;142;30960;342;16375;497;48174;156;108;
3235;3 ms;97;48271;0;19;15985;15310;16313;566;48174;2211;1772;30668;627;16313;566;48174;214;166;30763;532;16313;566;48174;190;142;30953;342;16313;566;48174;184;136;
3240;3 ms;97;48271;0;19;15987;15151;16274;762;48174;2007;1568;30511;627;16274;762;48174;252;204;30606;532;16274;762;48174;212;164;30796;342;16274;762;48174;172;124;
3245;3 ms;97;48271;0;19;15989;15035;16396;754;48174;1805;1428;30397;627;16396;754;48174;288;192;30492;532;16396;754;48174;202;122;30682;342;16396;754;48174;136;88;
3250;3 ms;97;48271;0;19;15997;14987;16436;754;48174;1927;1492;30357;627;16436;754;48174;242;142;30452;532;16436;754;48174;136;88;30642;342;16436;754;48174;136;88;
3255;3 ms;97;48271;0;18;16088;14953;16502;631;48174;1980;1564;30414;627;16502;631;48174;315;200;30528;513;16502;631;48174;193;130;30717;324;16502;631;48174;144;96;
3260;3 ms;97;48271;0;18;16054;14941;16544;635;48174;1939;1504;30401;594;16544;635;48174;244;196;30491;504;16544;635;48174;212;164;30671;324;16544;635;48174;144;96;
3265;3 ms;97;48271;0;18;16056;14949;16538;631;48174;1875;1440;30411;594;16538;631;48174;244;196;30501;504;16538;631;48174;212;164;30681;324;16538;631;48174;152;104;
3270;3 ms;97;48271;0;18;16074;14859;16610;631;48174;1923;1492;30339;594;16610;631;48174;190;142;30429;504;16610;631;48174;136;88;30609;324;16610;631;48174;136;88;
3275;3 ms;97;48271;0;18;16082;14817;16652;623;48174;1863;1432;30305;594;16652;623;48174;186;138;30395;504;16652;623;48174;170;122;30575;324;16652;623;48174;136;88;
3280;3 ms;97;48271;0;18;16086;14789;16676;623;48174;1863;1432;30281;594;16676;623;48174;186;138;30371;504;16676;623;48174;170;122;30551;324;16676;623;48174;136;88;
3285;3 ms;97;48271;0;18;16090;14739;16714;631;48174;1923;1492;30235;594;16714;631;48174;190;142;30325;504;16714;631;48174;136;88;30505;324;16714;631;48174;136;88;
3290;3 ms;97;48271;0;18;16106;14591;16858;619;48174;1927;1496;30103;594;16858;619;48174;136;88;30193;504;16858;619;48174;136;88;30373;324;16858;619;48174;136;88;
3295;3 ms;97;48271;0;18;16114;14507;16934;619;48174;1923;1496;30027;594;16934;619;48174;136;88;30117;504;16934;619;48174;136;88;30297;324;16934;619;48174;136;88;
3300;3 ms;97;48271;0;18;16116;14397;17042;619;48174;1975;1552;29919;594;17042;619;48174;354;254;30009;504;17042;619;48174;140;92;30189;324;17042;619;48174;140;92;
3305;3 ms;97;48271;0;18;16134;14345;17072;623;48174;1931;1504;29885;594;17072;623;48174;144;96;29975;504;17072;623;48174;174;126;30155;324;17072;623;48174;168;120;
3310;3 ms;97;48271;0;18;16142;14249;17160;623;48174;1995;1568;29797;594;17160;623;48174;194;146;29887;504;17160;623;48174;178;130;30067;324;17160;623;48174;144;96;
3315;3 ms;97;48271;0;17;16067;14096;17396;615;48174;2063;1640;29602;561;17396;615;48174;202;154;29687;476;17396;615;48174;216;168;29857;306;17396;615;48174;176;128;
3320;3 ms;97;48271;0;17;16073;14014;17510;577;48174;1941;1580;29526;561;17510;577;48174;256;208;29611;476;17510;577;48174;312;236;29781;306;17510;577;48174;226;156;
3325;3 ms;97;48271;0;17;16093;13819;17643;619;48174;2199;1776;29351;561;17643;619;48174;318;270;29436;476;17643;619;48174;262;214;29606;306;17643;619;48174;188;140;
3330;3 ms;97;48271;0;17;16216;13727;17632;599;48174;2183;1764;29382;561;17632;599;48174;371;324;29467;476;17632;599;48174;193;146;29637;306;17632;599;48174;159;112;
3335;3 ms;97;48271;0;17;16218;13695;17666;595;48174;2107;1688;29352;561;17666;595;48174;367;320;29437;476;17666;595;48174;151;104;29607;306;17666;595;48174;151;104;
3340;3 ms;97;48271;0;17;16221;13640;17710;603;48174;1991;1572;29300;561;17710;603;48174;247;200;29385;476;17710;603;48174;215;168;29555;306;17710;603;48174;147;100;
3345;3 ms;97;48271;0;17;16237;13662;17676;599;48174;1915;1496;29338;561;17676;599;48174;251;204;29423;476;17676;599;48174;173;126;29593;306;17676;599;48174;167;120;
3350;3 ms;97;48271;0;17;16389;13527;17736;522;48174;1979;1564;29355;561;17736;522;48174;135;92;29440;476;17736;522;48174;135;92;29610;306;17736;522;48174;135;92;
3355;3 ms;97;48271;0;17;16395;13493;17764;522;48174;2047;1632;29327;561;17764;522;48174;139;96;29412;476;17764;522;48174;139;96;29582;306;17764;522;48174;139;96;
3360;3 ms;97;48271;0;17;16399;13434;17886;455;48174;1993;1640;29272;561;17886;455;48174;147;104;29357;476;17886;455;48174;205;134;29527;306;17886;455;48174;194;129;
3365;3 ms;97;48271;0;16;16454;13297;17962;461;48174;2114;1700;29223;528;17962;461;48174;142;100;29303;448;17962;461;48174;142;100;29463;288;17962;461;48174;142;100;
3370;3 ms;97;48271;0;16;16467;13164;18140;403;48174;2060;1708;29103;528;18140;403;48174;150;108;29183;448;18140;403;48174;180;138;29343;288;18140;403;48174;174;132;
3375;3 ms;97;48271;0;16;16472;13001;18250;451;48174;2052;1700;28945;528;18250;451;48174;298;208;29025;448;18250;451;48174;212;138;29185;288;18250;451;48174;146;104;
3380;3 ms;97;48271;0;16;16476;13003;18244;451;48174;1988;1636;28951;528;18244;451;48174;298;208;29031;448;18244;451;48174;242;168;29191;288;18244;451;48174;170;128;
3385;3 ms;97;48271;0;16;16481;12896;18332;465;48174;2182;1768;28849;528;18332;465;48174;204;162;28929;448;18332;465;48174;150;108;29089;288;18332;465;48174;150;108;
3390;3 ms;97;48271;0;16;16499;12744;18474;457;48174;2114;1704;28715;528;18474;457;48174;256;162;28795;448;18474;457;48174;180;138;28955;288;18474;457;48174;174;132;
3395;3 ms;97;48271;0;16;16504;12601;18612;457;48174;1978;1568;28577;528;18612;457;48174;456;362;28657;448;18612;457;48174;248;206;28817;288;18612;457;48174;146;104;
3400;3 ms;97;48271;0;16;16512;12623;18574;465;48174;1990;1576;28607;528;18574;465;48174;304;262;28687;448;18574;465;48174;248;206;28847;288;18574;465;48174;174;132;
3405;3 ms;97;48271;0;15;16449;12592;18668;465;48174;2034;1624;28526;515;18668;465;48174;518;424;28621;420;18668;465;48174;180;138;28771;270;18668;465;48174;146;104;
3410;3 ms;97;48271;0;15;16432;12491;18800;451;48174;1988;1636;28428;495;18800;451;48174;298;208;28503;420;18800;451;48174;212;138;28653;270;18800;451;48174;154;112;
3415;3 ms;97;48271;0;15;16445;12483;18383;863;48174;1928;1576;28433;495;18383;863;48174;244;154;28508;420;18383;863;48174;272;198;28658;270;18383;863;48174;194;152;
3420;3 ms;97;48271;0;15;16453;12373;17404;1944;48174;1966;1556;28331;495;17404;1944;48174;402;308;28406;420;17404;1944;48174;172;130;28556;270;17404;1944;48174;138;96;
3425;3 ms;97;48271;0;15;16462;12350;17418;1944;48174;1910;1500;28317;495;17418;1944;48174;352;258;28392;420;17418;1944;48174;206;164;28542;270;17418;1944;48174;166;124;
3430;3 ms;97;48271;0;15;16479;12301;17446;1948;48174;1974;1564;28285;495;17446;1948;48174;402;308;28360;420;17446;1948;48174;210;168;28510;270;17446;1948;48174;142;100;
3435;3 ms;97;48271;0;15;16480;12217;17472;2005;48174;1962;1552;28202;495;17472;2005;48174;294;200;28277;420;17472;2005;48174;134;92;28427;270;17472;2005;48174;134;92;
3440;3 ms;97;48271;0;15;16485;12086;17594;2009;48174;2046;1632;28076;495;17594;2009;48174;138;96;28151;420;17594;2009;48174;138;96;28301;270;17594;2009;48174;138;96;
3445;3 ms;97;48271;0;15;16497;12014;17662;2001;48174;2046;1632;28016;495;17662;2001;48174;138;96;28091;420;17662;2001;48174;138;96;28241;270;17662;2001;48174;138;96;
3450;3 ms;97;48271;0;15;16506;11988;17774;1906;48174;1856;1504;27999;495;17774;1906;48174;138;96;28074;420;17774;1906;48174;196;126;28224;270;17774;1906;48174;184;120;
3455;3 ms;97;48271;0;15;16509;11925;17810;1930;48174;1856;1504;27939;495;17810;1930;48174;286;196;28014;420;17810;1930;48174;238;164;28164;270;17810;1930;48174;138;96;
3460;3 ms;97;48271;0;15;16519;11890;17764;2001;48174;1970;1560;27914;495;17764;2001;48174;240;146;27989;420;17764;2001;48174;134;92;28139;270;17764;2001;48174;134;92;
3465;3 ms;97;48271;0;15;16523;11856;17794;2001;48174;1978;1564;27884;495;17794;2001;48174;134;92;27959;420;17794;2001;48174;134;92;28109;270;17794;2001;48174;134;92;
3470;3 ms;97;48271;0;15;16527;11848;17806;1993;48174;1914;1500;27880;495;17806;1993;48174;134;92;27955;420;17806;1993;48174;134;92;28105;270;17806;1993;48174;135;93;
3475;3 ms;97;48271;0;14;16502;11805;17874;1993;48174;1782;1368;27812;495;17874;1993;48174;230;188;27900;407;17874;1993;48174;198;156;28055;252;17874;1993;48174;130;88;
3480;3 ms;97;48271;0;14;16478;11805;17902;1989;48174;1766;1352;27797;486;17902;1989;48174;230;188;27891;392;17902;1989;48174;122;80;28031;252;17902;1989;48174;122;80;
3485;3 ms;97;48271;0;14;16468;11769;17948;1989;48174;1642;1228;27775;462;17948;1989;48174;118;76;27845;392;17948;1989;48174;148;106;27985;252;17948;1989;48174;142;100;
3490;3 ms;97;48271;0;14;16476;11739;17974;1985;48174;1642;1228;27753;462;17974;1985;48174;168;126;27823;392;17974;1985;48174;152;110;27963;252;17974;1985;48174;118;76;
3495;3 ms;97;48271;0;14;16476;11715;17994;1989;48174;1642;1228;27729;462;17994;1989;48174;168;126;27799;392;17994;1989;48174;152;110;27939;252;17994;1989;48174;118;76;
3500;3 ms;97;48271;0;14;16496;11659;18038;1981;48174;1516;1164;27693;462;18038;1981;48174;118;76;27763;392;18038;1981;48174;206;136;27903;252;18038;1981;48174;188;124;
3505;3 ms;97;48271;0;14;16502;11517;18178;1977;48174;1706;1292;27557;462;18178;1977;48174;176;134;27627;392;18178;1977;48174;152;110;27767;252;18178;1977;48174;146;104;
3510;3 ms;97;48271;0;14;16510;11481;18210;1973;48174;1706;1292;27529;462;18210;1973;48174;176;134;27599;392;18210;1973;48174;152;110;27739;252;18210;1973;48174;146;104;
3515;3 ms;97;48271;0;14;17038;11362;18242;1532;48174;1642;1228;27938;462;18242;1532;48174;276;234;28008;392;18242;1532;48174;190;148;28148;252;18242;1532;48174;122;80;
3520;3 ms;97;48271;0;14;17042;11344;18260;1528;48174;1702;1288;27924;462;18260;1528;48174;230;188;27994;392;18260;1528;48174;122;80;28134;252;18260;1528;48174;123;81;
3525;3 ms;97;48271;0;14;17062;11292;18296;1524;48174;1706;1292;27892;462;18296;1524;48174;176;134;27962;392;18296;1524;48174;152;110;28102;252;18296;1524;48174;146;104;
3530;3 ms;97;48271;0;14;17062;11188;18400;1524;48174;1774;1360;27788;462;18400;1524;48174;126;84;27858;392;18400;1524;48174;126;84;27998;252;18400;1524;48174;126;84;
3535;3 ms;97;48271;0;14;18181;11082;18496;415;48174;1770;1424;28801;462;18496;415;48174;174;138;28871;392;18496;415;48174;120;84;29011;252;18496;415;48174;120;84;
3540;3 ms;97;48271;0;13;18152;11018;18589;415;48174;1782;1436;28708;462;18589;415;48174;228;192;28793;377;18589;415;48174;196;160;28936;234;18589;415;48174;128;92;
3545;3 ms;97;48271;0;13;18108;11018;18552;496;48174;1770;1424;28691;435;18552;496;48174;174;138;28762;364;18552;496;48174;120;84;28892;234;18552;496;48174;120;84;
3550;3 ms;97;48271;0;13;18111;10923;18648;492;48174;1720;1436;28605;429;18648;492;48174;226;142;28670;364;18648;492;48174;194;126;28800;234;18648;492;48174;128;92;
3555;3 ms;97;48271;0;13;18126;10770;18786;492;48174;1718;1372;28467;429;18786;492;48174;278;242;28532;364;18786;492;48174;230;194;28662;234;18786;492;48174;128;92;
3560;3 ms;97;48271;0;13;18130;10638;18914;492;48174;1902;1560;28339;429;18914;492;48174;234;146;28404;364;18914;492;48174;128;92;28534;234;18914;492;48174;128;92;
3565;3 ms;97;48271;0;13;18140;10558;18984;492;48174;1850;1504;28269;429;18984;492;48174;132;96;28334;364;18984;492;48174;192;156;28464;234;18984;492;48174;180;144;
3570;3 ms;97;48271;0;13;18146;10550;18990;488;48174;1722;1376;28267;429;18990;488;48174;132;96;28332;364;18990;488;48174;222;186;28462;234;18990;488;48174;204;168;
3575;3 ms;97;48271;0;13;18155;10463;19060;496;48174;1842;1496;28189;429;19060;496;48174;232;196;28254;364;19060;496;48174;128;92;28384;234;19060;496;48174;128;92;
3580;3 ms;97;48271;0;13;18162;10418;19102;492;48174;1906;1560;28151;429;19102;492;48174;182;146;28216;364;19102;492;48174;128;92;28346;234;19102;492;48174;128;92;
3585;3 ms;97;48271;0;13;18288;10308;19004;574;48174;1842;1496;28167;429;19004;574;48174;124;88;28232;364;19004;574;48174;124;88;28362;234;19004;574;48174;124;88;
3590;3 ms;97;48271;0;13;18300;10276;19024;574;48174;1714;1368;28147;429;19024;574;48174;124;88;28212;364;19024;574;48174;154;118;28342;234;19024;574;48174;148;112;
3595;3 ms;97;48271;0;12;18217;10141;19246;570;48174;1842;1496;27962;396;19246;570;48174;124;88;28022;336;19246;570;48174;124;88;28142;216;19246;570;48174;124;88;
3600;3 ms;97;48271;0;12;18363;10030;19342;439;48174;1910;1564;27997;396;19342;439;48174;128;92;28057;336;19342;439;48174;128;92;28177;216;19342;439;48174;128;92;
3605;3 ms;97;48271;0;12;18377;9978;19384;435;48174;1842;1496;27959;396;19384;435;48174;124;88;28019;336;19384;435;48174;124;88;28139;216;19384;435;48174;124;88;
3610;3 ms;97;48271;0;12;18385;9942;19412;435;48174;1842;1496;27931;396;19412;435;48174;124;88;27991;336;19412;435;48174;124;88;28111;216;19412;435;48174;124;88;
3615;3 ms;97;48271;0;12;18378;9891;19466;439;48174;1846;1500;27873;396;19466;439;48174;128;92;27933;336;19466;439;48174;128;92;28053;216;19466;439;48174;136;100;
3620;3 ms;97;48271;0;12;18382;9731;19630;431;48174;1774;1432;27717;396;19630;431;48174;342;254;27777;336;19630;431;48174;196;160;27897;216;19630;431;48174;166;130;
3625;3 ms;97;48271;0;12;18392;9731;19620;431;48174;1706;1364;27727;396;19620;431;48174;292;204;27787;336;19620;431;48174;222;186;27907;216;19620;431;48174;212;176;
3630;3 ms;97;48271;0;12;18407;9642;19686;439;48174;1838;1492;27653;396;19686;439;48174;286;250;27713;336;19686;439;48174;162;126;27833;216;19686;439;48174;128;92;
3635;3 ms;97;48271;0;12;18419;9584;19736;435;48174;1906;1560;27607;396;19736;435;48174;182;146;27667;336;19736;435;48174;128;92;27787;216;19736;435;48174;128;92;
3640;3 ms;97;48271;0;12;18425;9496;19818;435;48174;1914;1568;27525;396;19818;435;48174;182;146;27585;336;19818;435;48174;166;130;27705;216;19818;435;48174;132;96;
3645;3 ms;97;48271;0;11;18375;9444;19924;431;48174;2038;1692;27429;390;19924;431;48174;244;208;27511;308;19924;431;48174;136;100;27621;198;19924;431;48174;136;100;
3650;3 ms;97;48271;0;11;18354;9353;20032;435;48174;2110;1764;27344;363;20032;435;48174;194;158;27399;308;20032;435;48174;140;104;27509;198;20032;435;48174;140;104;
3655;3 ms;97;48271;0;11;18361;9310;20072;431;48174;1982;1636;27308;363;20072;431;48174;136;100;27363;308;20072;431;48174;136;100;27473;198;20072;431;48174;136;100;
3660;3 ms;97;48271;0;11;18361;9290;20088;435;48174;1918;1572;27288;363;20088;435;48174;136;100;27343;308;20088;435;48174;166;130;27453;198;20088;435;48174;170;134;
3665;3 ms;97;48271;0;11;18380;9123;20240;431;48174;1918;1572;27140;363;20240;431;48174;236;200;27195;308;20240;431;48174;204;168;27305;198;20240;431;48174;136;100;
3670;3 ms;97;48271;0;11;18520;9027;20220;407;48174;1842;1496;27184;363;20220;407;48174;182;146;27239;308;20220;407;48174;158;122;27349;198;20220;407;48174;152;116;
3675;3 ms;97;48271;0;11;18529;8990;20252;403;48174;1782;1436;27156;363;20252;403;48174;178;142;27211;308;20252;403;48174;162;126;27321;198;20252;403;48174;138;102;
3680;3 ms;97;48271;0;11;18536;8978;20192;468;48174;1714;1368;27151;363;20192;468;48174;174;138;27206;308;20192;468;48174;158;122;27316;198;20192;468;48174;124;88;
3685;3 ms;97;48271;0;12;18528;8994;20228;424;48174;1588;1304;27159;363;20228;424;48174;174;138;27214;308;20228;424;48174;158;122;27324;198;20228;424;48174;151;97;
3690;3 ms;97;48271;0;11;18549;8960;20334;331;48174;1462;1240;27146;363;20334;331;48174;174;138;27201;308;20334;331;48174;274;182;27311;198;20334;331;48174;216;136;
3695;3 ms;97;48271;0;11;18549;8952;20338;335;48174;1462;1240;27138;363;20338;335;48174;174;138;27193;308;20338;335;48174;274;182;27303;198;20338;335;48174;224;144;
3700;3 ms;97;48271;0;11;18558;8920;20298;398;48174;1332;1172;27115;363;20298;398;48174;374;242;27170;308;20298;398;48174;314;186;27280;198;20298;398;48174;178;120;
3705;3 ms;97;48271;0;11;18574;8778;20404;418;48174;1572;1296;26989;363;20404;418;48174;386;246;27044;308;20404;418;48174;246;182;27154;198;20404;418;48174;194;136;
3710;3 ms;97;48271;0;11;18574;8696;20478;426;48174;1652;1368;26907;363;20478;426;48174;182;146;26962;308;20478;426;48174;216;152;27072;198;20478;426;48174;198;140;
3715;3 ms;97;48271;0;11;18595;8673;20385;521;48174;1588;1304;26905;363;20385;521;48174;272;188;26960;308;20385;521;48174;220;152;27070;198;20385;521;48174;148;112;
3720;3 ms;97;48271;0;10;18543;8657;17226;3748;48174;1384;1100;26837;363;17226;3748;48174;368;284;26910;290;17226;3748;48174;280;212;27020;180;17226;3748;48174;116;80;
3725;3 ms;97;48271;0;10;18512;8626;17284;3752;48174;1512;1228;26808;330;17284;3752;48174;318;234;26858;280;17284;3752;48174;182;114;26958;180;17284;3752;48174;116;80;
3730;3 ms;97;48271;0;10;18519;8593;17318;3744;48174;1572;1288;26782;330;17318;3744;48174;322;238;26832;280;17318;3744;48174;182;114;26932;180;17318;3744;48174;116;80;
3735;3 ms;97;48271;0;10;18527;8564;17343;3740;48174;1694;1352;26761;330;17343;3740;48174;276;188;26811;280;17343;3740;48174;116;80;26911;180;17343;3740;48174;116;80;
3740;3 ms;97;48271;0;10;18531;8540;17363;3740;48174;1698;1356;26741;330;17363;3740;48174;222;134;26791;280;17363;3740;48174;116;80;26891;180;17363;3740;48174;116;80;
3745;3 ms;97;48271;0;10;18546;8519;16416;4693;48174;1634;1292;26735;330;16416;4693;48174;222;134;26785;280;16416;4693;48174;116;80;26885;180;16416;4693;48174;116;80;
3750;3 ms;97;48271;0;10;18550;8487;16440;4697;48174;1570;1228;26707;330;16440;4697;48174;222;134;26757;280;16440;4697;48174;146;110;26857;180;16440;4697;48174;140;104;
3755;3 ms;97;48271;0;10;18550;8471;16460;4693;48174;1570;1228;26691;330;16460;4693;48174;222;134;26741;280;16460;4693;48174;146;110;26841;180;16460;4693;48174;140;104;
3760;3 ms;97;48271;0;10;18565;8406;16510;4693;48174;1510;1164;26641;330;16510;4693;48174;212;176;26691;280;16510;4693;48174;180;144;26791;180;16510;4693;48174;112;76;
3765;3 ms;97;48271;0;10;18573;8390;16522;4689;48174;1570;1224;26633;330;16522;4689;48174;216;180;26683;280;16522;4689;48174;146;110;26783;180;16522;4689;48174;112;76;
3770;3 ms;97;48271;0;10;18582;8365;16538;4689;48174;1570;1224;26617;330;16538;4689;48174;216;180;26667;280;16538;4689;48174;112;76;26767;180;16538;4689;48174;112;76;
3775;3 ms;97;48271;0;10;18589;8290;16614;4681;48174;1510;1164;26549;330;16614;4681;48174;162;126;26599;280;16614;4681;48174;176;140;26699;180;16614;4681;48174;136;100;
3780;3 ms;97;48271;0;10;18582;8297;16610;4685;48174;1506;1160;26549;330;16610;4685;48174;216;180;26599;280;16610;4685;48174;146;110;26699;180;16610;4685;48174;122;86;
3785;3 ms;97;48271;0;10;18690;8153;15124;6207;48174;1510;1164;26513;330;15124;6207;48174;112;76;26563;280;15124;6207;48174;142;106;26663;180;15124;6207;48174;146;110;
3790;3 ms;97;48271;0;10;18707;8086;15178;6203;48174;1566;1220;26463;330;15178;6203;48174;162;126;26513;280;15178;6203;48174;108;72;26613;180;15178;6203;48174;108;72;
3795;3 ms;97;48271;0;10;18716;8069;15198;6191;48174;1502;1156;26455;330;15198;6191;48174;162;126;26505;280;15198;6191;48174;108;72;26605;180;15198;6191;48174;108;72;
3800;3 ms;97;48271;0;10;18723;8048;15208;6195;48174;1502;1156;26441;330;15208;6195;48174;162;126;26491;280;15208;6195;48174;138;102;26591;180;15208;6195;48174;132;96;
3805;3 ms;97;48271;0;10;18729;8038;15564;5843;48174;1372;1088;26437;330;15564;5843;48174;158;122;26487;280;15564;5843;48174;134;98;26587;180;15564;5843;48174;128;92;
3810;3 ms;97;48271;0;10;18741;8002;15596;5835;48174;1376;1092;26413;330;15596;5835;48174;154;118;26463;280;15596;5835;48174;138;102;26563;180;15596;5835;48174;104;68;
3815;3 ms;97;48271;0;10;20005;7951;15648;4570;48174;1370;1092;27626;330;15648;4570;48174;98;68;27676;280;15648;4570;48174;98;68;27776;180;15648;4570;48174;98;68;
3820;3 ms;97;48271;0;10;20014;7896;15690;4574;48174;1182;1028;27580;330;15690;4574;48174;244;118;27630;280;15690;4574;48174;226;132;27730;180;15690;4574;48174;122;92;
3825;3 ms;97;48271;0;9;19925;7849;15826;4574;48174;1498;1220;27477;297;15826;4574;48174;156;126;27522;252;15826;4574;48174;102;72;27612;162;15826;4574;48174;102;72;
3830;3 ms;97;48271;0;9;20065;7750;15854;4505;48174;1438;1160;27518;297;15854;4505;48174;152;122;27563;252;15854;4505;48174;136;106;27653;162;15854;4505;48174;102;72;
3835;3 ms;97;48271;0;9;20077;7702;15890;4505;48174;1438;1160;27482;297;15890;4505;48174;152;122;27527;252;15890;4505;48174;136;106;27617;162;15890;4505;48174;102;72;
3840;3 ms;97;48271;0;9;20081;7662;15926;4505;48174;1438;1160;27446;297;15926;4505;48174;152;122;27491;252;15926;4505;48174;136;106;27581;162;15926;4505;48174;102;72;
3845;3 ms;97;48271;0;9;20081;7634;15954;4505;48174;1498;1220;27418;297;15954;4505;48174;156;126;27463;252;15954;4505;48174;102;72;27553;162;15954;4505;48174;102;72;
3850;3 ms;97;48271;0;9;20089;7604;15980;4501;48174;1498;1220;27396;297;15980;4501;48174;156;126;27441;252;15980;4501;48174;102;72;27531;162;15980;4501;48174;102;72;
3855;3 ms;97;48271;0;9;20095;7514;16064;4501;48174;1430;1152;27312;297;16064;4501;48174;210;180;27357;252;16064;4501;48174;102;72;27447;162;16064;4501;48174;102;72;
3860;3 ms;97;48271;0;9;20101;7480;16092;4501;48174;1430;1152;27284;297;16092;4501;48174;210;180;27329;252;16092;4501;48174;132;102;27419;162;16092;4501;48174;126;96;
3865;3 ms;97;48271;0;9;20224;7356;16150;4444;48174;1438;1160;27283;297;16150;4444;48174;210;180;27328;252;16150;4444;48174;140;110;27418;162;16150;4444;48174;106;76;
3870;3 ms;97;48271;0;9;23500;7295;16192;1187;48174;1438;1228;30498;297;16192;1187;48174;100;76;30543;252;16192;1187;48174;130;106;30633;162;16192;1187;48174;124;100;
3875;3 ms;97;48271;0;9;23493;7262;16232;1187;48174;1374;1164;30458;297;16232;1187;48174;100;76;30503;252;16232;1187;48174;130;106;30593;162;16232;1187;48174;124;100;
3880;3 ms;97;48271;0;9;23508;7207;16276;1183;48174;1246;1036;30418;297;16276;1183;48174;200;176;30463;252;16276;1183;48174;228;204;30553;162;16276;1183;48174;148;124;
3885;3 ms;97;48271;0;9;23512;7103;16376;1183;48174;1426;1216;30318;297;16376;1183;48174;312;288;30363;252;16376;1183;48174;134;110;30453;162;16376;1183;48174;100;76;
3890;3 ms;97;48271;0;9;23510;7083;16394;1187;48174;1306;1096;30296;297;16394;1187;48174;262;238;30341;252;16394;1187;48174;198;174;30431;162;16394;1187;48174;152;128;
3895;3 ms;97;48271;0;8;23440;7083;16464;1187;48174;1358;1148;30242;281;16464;1187;48174;308;284;30299;224;16464;1187;48174;130;106;30379;144;16464;1187;48174;96;72;
3900;3 ms;97;48271;0;8;23431;7028;16532;1183;48174;1308;1160;30195;264;16532;1183;48174;194;122;30235;224;16532;1183;48174;162;106;30315;144;16532;1183;48174;96;72;
3905;3 ms;97;48271;0;8;23437;6984;16570;1183;48174;1294;1088;30157;264;16570;1183;48174;198;122;30197;224;16570;1183;48174;122;98;30277;144;16570;1183;48174;116;92;
3910;3 ms;97;48271;0;8;23439;6874;16674;1187;48174;1434;1224;30049;264;16674;1187;48174;96;72;30089;224;16674;1187;48174;96;72;30169;144;16674;1187;48174;96;72;
3915;3 ms;97;48271;0;8;23437;6909;15118;2710;48174;1300;1152;30082;264;15118;2710;48174;146;122;30122;224;15118;2710;48174;92;68;30202;144;15118;2710;48174;92;68;
3920;3 ms;97;48271;0;8;24483;6825;15052;1814;48174;1232;1084;31044;264;15052;1814;48174;142;118;31084;224;15052;1814;48174;88;64;31164;144;15052;1814;48174;88;64;
Fixed time simulation end ########################################

