voltage_trace: voltage_traces/voltage_trace2.txt
Fixed time simulation start ######################################
hazard_threshold_val;time;shtdwn_counter;clk_counter;trace_rom_addr;executed_batches;I_layer1_pwr_apprx_values_idle_state;I_layer1_pwr_apprx_compute_state;I_layer1_pwr_apprx_values_save_state;I_layer1_pwr_apprx_values_rec_state;nv_reg1_pwr_apprx_values_poweron_state;nv_reg1_pwr_apprx_values_rec_state;nv_reg1_pwr_apprx_values_save_state;I_layer2_pwr_apprx_values_idle_state;I_layer2_pwr_apprx_compute_state;I_layer2_pwr_apprx_values_save_state;I_layer2_pwr_apprx_values_rec_state;nv_reg2_pwr_apprx_values_poweron_state;nv_reg2_pwr_apprx_values_rec_state;nv_reg2_pwr_apprx_values_save_state;I_layer3_pwr_apprx_values_idle_state;I_layer3_pwr_apprx_compute_state;I_layer3_pwr_apprx_values_save_state;I_layer3_pwr_apprx_values_rec_state;nv_reg3_pwr_apprx_values_poweron_state;nv_reg3_pwr_apprx_values_rec_state;nv_reg3_pwr_apprx_values_save_state;I_layer4_pwr_apprx_values_idle_state;I_layer4_pwr_apprx_compute_state;I_layer4_pwr_apprx_values_save_state;I_layer4_pwr_apprx_values_rec_state;nv_reg4_pwr_apprx_values_poweron_state;nv_reg4_pwr_apprx_values_rec_state;nv_reg4_pwr_apprx_values_save_state;
2500;3 ms;97;48271;0;42;7511;33301;6300;1062;48174;4658;3824;39426;1386;6300;1062;48174;792;606;39636;1176;6300;1062;48174;602;448;40056;756;6300;1062;48174;362;272;
2530;3 ms;97;48271;0;40;7659;32246;7152;1117;48174;4976;4084;38585;1320;7152;1117;48174;700;510;38785;1120;7152;1117;48174;476;354;39185;720;7152;1117;48174;342;252;
2560;3 ms;97;48271;0;39;8079;31168;7770;1157;48174;5362;4408;37960;1287;7770;1157;48174;618;476;38155;1092;7770;1157;48174;388;298;38545;702;7770;1157;48174;354;264;
2590;3 ms;97;48271;0;38;8529;30236;8072;1337;48174;5230;4348;37511;1254;8072;1337;48174;732;596;37701;1064;8072;1337;48174;454;370;38081;684;8072;1337;48174;408;324;
2620;3 ms;97;48271;0;36;9046;28354;9908;866;48174;6062;5308;36212;1188;9908;866;48174;496;424;36392;1008;9908;866;48174;426;354;36752;648;9908;866;48174;400;328;
2650;3 ms;97;48271;0;34;9180;27170;10550;1274;48174;5412;4844;35228;1122;10550;1274;48174;958;790;35398;952;10550;1274;48174;740;576;35738;612;10550;1274;48174;486;392;
2680;3 ms;97;48271;0;33;9353;26519;11156;1146;48174;5866;5180;34783;1089;11156;1146;48174;648;582;34948;924;11156;1146;48174;522;456;35278;594;11156;1146;48174;422;356;
2710;3 ms;97;48271;0;32;9928;25908;11588;750;48174;5722;5104;34780;1056;11588;750;48174;472;412;34940;896;11588;750;48174;432;372;35260;576;11588;750;48174;392;332;
2740;3 ms;97;48271;0;31;9892;25184;12356;742;48174;5650;5032;34038;1038;12356;742;48174;464;404;34208;868;12356;742;48174;394;334;34518;558;12356;742;48174;360;300;
2770;3 ms;97;48271;0;30;10005;24041;13249;879;48174;5250;4632;33056;990;13249;879;48174;448;388;33206;840;13249;879;48174;378;318;33506;540;13249;879;48174;344;284;
2800;3 ms;97;48271;0;29;10127;23330;13400;1317;48174;4766;4148;32500;957;13400;1317;48174;304;244;32645;812;13400;1317;48174;304;244;32935;522;13400;1317;48174;304;244;
2830;3 ms;97;48271;0;28;10350;22532;13950;1342;48174;3874;3256;31958;924;13950;1342;48174;526;466;32098;784;13950;1342;48174;294;234;32378;504;13950;1342;48174;261;201;
2860;3 ms;97;48271;0;27;10409;21790;14170;1805;48174;3214;2596;31308;891;14170;1805;48174;274;214;31443;756;14170;1805;48174;318;258;31713;486;14170;1805;48174;272;212;
2890;3 ms;97;48271;0;27;11155;21401;14464;1154;48174;2744;2256;31665;891;14464;1154;48174;248;194;31800;756;14464;1154;48174;320;238;32070;486;14464;1154;48174;268;192;
2920;3 ms;97;48271;0;27;11197;20997;14848;1132;48174;2792;2308;31336;858;14848;1132;48174;462;356;31466;728;14848;1132;48174;232;178;31726;468;14848;1132;48174;217;145;
2950;3 ms;97;48271;0;25;11909;20264;11890;4111;48174;2726;2244;31348;825;11890;4111;48174;180;132;31473;700;11890;4111;48174;180;132;31723;450;11890;4111;48174;180;132;
2980;3 ms;97;48271;0;25;15633;19692;12294;555;48174;2190;1712;34500;825;12294;555;48174;536;436;34625;700;12294;555;48174;364;316;34875;450;12294;555;48174;244;196;
3010;3 ms;97;48271;0;24;15586;19017;13012;559;48174;2200;1780;33811;792;13012;559;48174;312;216;33931;672;13012;559;48174;294;214;34171;432;13012;559;48174;188;140;
3040;3 ms;97;48271;0;23;15533;18601;13440;600;48174;2234;1756;33375;759;13440;600;48174;366;266;33490;644;13440;600;48174;152;104;33720;414;13440;600;48174;152;104;
3070;3 ms;97;48271;0;22;15568;18101;13864;641;48174;2214;1740;32910;759;13864;641;48174;634;482;33025;644;13864;641;48174;152;104;33260;409;13864;641;48174;152;104;
3100;3 ms;97;48271;0;22;15674;17541;14326;633;48174;2110;1628;32489;726;14326;633;48174;198;150;32599;616;14326;633;48174;144;96;32819;396;14326;633;48174;144;96;
3130;3 ms;97;48271;0;21;15641;17098;14806;629;48174;2118;1636;32046;693;14806;629;48174;148;100;32151;588;14806;629;48174;178;130;32361;378;14806;629;48174;172;124;
3160;3 ms;97;48271;0;21;15689;16578;15282;625;48174;2178;1696;31574;693;15282;625;48174;202;154;31679;588;15282;625;48174;148;100;31889;378;15282;625;48174;148;100;
3190;3 ms;97;48271;0;20;15872;16126;15622;554;48174;1955;1512;31338;660;15622;554;48174;362;262;31438;560;15622;554;48174;284;236;31638;360;15622;554;48174;212;164;
3220;3 ms;97;48271;0;19;15843;15515;16270;546;48174;2339;1900;30731;627;16270;546;48174;324;224;30826;532;16270;546;48174;164;116;31016;342;16270;546;48174;164;116;
3250;3 ms;97;48271;0;19;15997;14987;16436;754;48174;1927;1492;30357;627;16436;754;48174;242;142;30452;532;16436;754;48174;136;88;30642;342;16436;754;48174;136;88;
3280;3 ms;97;48271;0;18;16086;14789;16676;623;48174;1863;1432;30281;594;16676;623;48174;186;138;30371;504;16676;623;48174;170;122;30551;324;16676;623;48174;136;88;
3310;3 ms;97;48271;0;18;16142;14249;17160;623;48174;1995;1568;29797;594;17160;623;48174;194;146;29887;504;17160;623;48174;178;130;30067;324;17160;623;48174;144;96;
3340;3 ms;97;48271;0;17;16221;13640;17710;603;48174;1991;1572;29300;561;17710;603;48174;247;200;29385;476;17710;603;48174;215;168;29555;306;17710;603;48174;147;100;
3370;3 ms;97;48271;0;16;16467;13164;18140;403;48174;2060;1708;29103;528;18140;403;48174;150;108;29183;448;18140;403;48174;180;138;29343;288;18140;403;48174;174;132;
3400;3 ms;97;48271;0;16;16512;12623;18574;465;48174;1990;1576;28607;528;18574;465;48174;304;262;28687;448;18574;465;48174;248;206;28847;288;18574;465;48174;174;132;
3405;3 ms;97;48271;0;15;16449;12592;18668;465;48174;2034;1624;28526;515;18668;465;48174;518;424;28621;420;18668;465;48174;180;138;28771;270;18668;465;48174;146;104;
3410;3 ms;97;48271;0;15;16432;12491;18800;451;48174;1988;1636;28428;495;18800;451;48174;298;208;28503;420;18800;451;48174;212;138;28653;270;18800;451;48174;154;112;
3415;3 ms;97;48271;0;15;16445;12483;18383;863;48174;1928;1576;28433;495;18383;863;48174;244;154;28508;420;18383;863;48174;272;198;28658;270;18383;863;48174;194;152;
3420;3 ms;97;48271;0;15;16453;12373;17404;1944;48174;1966;1556;28331;495;17404;1944;48174;402;308;28406;420;17404;1944;48174;172;130;28556;270;17404;1944;48174;138;96;
3425;3 ms;97;48271;0;15;16462;12350;17418;1944;48174;1910;1500;28317;495;17418;1944;48174;352;258;28392;420;17418;1944;48174;206;164;28542;270;17418;1944;48174;166;124;
3430;3 ms;97;48271;0;15;16479;12301;17446;1948;48174;1974;1564;28285;495;17446;1948;48174;402;308;28360;420;17446;1948;48174;210;168;28510;270;17446;1948;48174;142;100;
3435;3 ms;97;48271;0;15;16480;12217;17472;2005;48174;1962;1552;28202;495;17472;2005;48174;294;200;28277;420;17472;2005;48174;134;92;28427;270;17472;2005;48174;134;92;
3440;3 ms;97;48271;0;15;16485;12086;17594;2009;48174;2046;1632;28076;495;17594;2009;48174;138;96;28151;420;17594;2009;48174;138;96;28301;270;17594;2009;48174;138;96;
3445;3 ms;97;48271;0;15;16497;12014;17662;2001;48174;2046;1632;28016;495;17662;2001;48174;138;96;28091;420;17662;2001;48174;138;96;28241;270;17662;2001;48174;138;96;
3450;3 ms;97;48271;0;15;16506;11988;17774;1906;48174;1856;1504;27999;495;17774;1906;48174;138;96;28074;420;17774;1906;48174;196;126;28224;270;17774;1906;48174;184;120;
3455;3 ms;97;48271;0;15;16509;11925;17810;1930;48174;1856;1504;27939;495;17810;1930;48174;286;196;28014;420;17810;1930;48174;238;164;28164;270;17810;1930;48174;138;96;
3460;3 ms;97;48271;0;15;16519;11890;17764;2001;48174;1970;1560;27914;495;17764;2001;48174;240;146;27989;420;17764;2001;48174;134;92;28139;270;17764;2001;48174;134;92;
3465;3 ms;97;48271;0;15;16523;11856;17794;2001;48174;1978;1564;27884;495;17794;2001;48174;134;92;27959;420;17794;2001;48174;134;92;28109;270;17794;2001;48174;134;92;
3470;3 ms;97;48271;0;15;16527;11848;17806;1993;48174;1914;1500;27880;495;17806;1993;48174;134;92;27955;420;17806;1993;48174;134;92;28105;270;17806;1993;48174;135;93;
Fixed time simulation end ########################################