voltage_trace: voltage_traces/voltage_trace2.txt
Fixed time simulation start ######################################
hazard_threshold_val;time;shtdwn_counter;clk_counter;trace_rom_addr;executed_batches;I_layer1_pwr_apprx_values_idle_state;I_layer1_pwr_apprx_compute_state;I_layer1_pwr_apprx_values_save_state;I_layer1_pwr_apprx_values_rec_state;nv_reg1_pwr_apprx_values_poweron_state;nv_reg1_pwr_apprx_values_rec_state;nv_reg1_pwr_apprx_values_save_state;I_layer2_pwr_apprx_values_idle_state;I_layer2_pwr_apprx_compute_state;I_layer2_pwr_apprx_values_save_state;I_layer2_pwr_apprx_values_rec_state;nv_reg2_pwr_apprx_values_poweron_state;nv_reg2_pwr_apprx_values_rec_state;nv_reg2_pwr_apprx_values_save_state;I_layer3_pwr_apprx_values_idle_state;I_layer3_pwr_apprx_compute_state;I_layer3_pwr_apprx_values_save_state;I_layer3_pwr_apprx_values_rec_state;nv_reg3_pwr_apprx_values_poweron_state;nv_reg3_pwr_apprx_values_rec_state;nv_reg3_pwr_apprx_values_save_state;I_layer4_pwr_apprx_values_idle_state;I_layer4_pwr_apprx_compute_state;I_layer4_pwr_apprx_values_save_state;I_layer4_pwr_apprx_values_rec_state;nv_reg4_pwr_apprx_values_poweron_state;nv_reg4_pwr_apprx_values_rec_state;nv_reg4_pwr_apprx_values_save_state;
4150;3 ms;97;48271;0;5;26127;4679;17220;148;48174;1506;1364;30641;165;17220;148;48174;102;84;30666;140;17220;148;48174;132;114;30716;90;17220;148;48174;126;108;
4155;3 ms;97;48271;0;5;26132;4664;17230;148;48174;1506;1364;30631;165;17230;148;48174;102;84;30656;140;17230;148;48174;132;114;30706;90;17230;148;48174;102;84;
4160;3 ms;97;48271;0;5;26139;4637;17250;148;48174;1506;1364;30611;165;17250;148;48174;152;134;30636;140;17250;148;48174;136;118;30686;90;17250;148;48174;102;84;
4165;3 ms;97;48271;0;5;26139;4583;17304;148;48174;1570;1428;30557;165;17304;148;48174;102;84;30582;140;17304;148;48174;102;84;30632;90;17304;148;48174;102;84;
4170;3 ms;97;48271;0;5;26141;4539;17346;148;48174;1502;1360;30515;165;17346;148;48174;98;80;30540;140;17346;148;48174;98;80;30590;90;17346;148;48174;98;80;
4175;3 ms;97;48271;0;5;26149;4553;17324;148;48174;1438;1296;30537;165;17324;148;48174;98;80;30562;140;17324;148;48174;128;110;30612;90;17324;148;48174;122;104;
4180;3 ms;97;48271;0;5;26145;4517;17364;148;48174;1374;1232;30497;165;17364;148;48174;148;130;30522;140;17364;148;48174;132;114;30572;90;17364;148;48174;98;80;
4185;3 ms;97;48271;0;5;26157;4463;17406;148;48174;1302;1160;30455;165;17406;148;48174;148;130;30480;140;17406;148;48174;124;106;30530;90;17406;148;48174;118;100;
4190;3 ms;97;48271;0;5;26156;4490;17380;148;48174;1238;1096;30481;165;17380;148;48174;140;122;30506;140;17380;148;48174;124;106;30556;90;17380;148;48174;90;72;
4195;3 ms;97;48271;0;5;26152;4460;17414;148;48174;1298;1156;30447;165;17414;148;48174;144;126;30472;140;17414;148;48174;90;72;30522;90;17414;148;48174;90;72;
4200;3 ms;97;48271;0;5;26160;4440;17426;148;48174;1302;1160;30435;165;17426;148;48174;90;72;30460;140;17426;148;48174;90;72;30510;90;17426;148;48174;90;72;
4205;3 ms;97;48271;0;5;26167;4391;17468;148;48174;1174;1032;30393;165;17468;148;48174;90;72;30418;140;17468;148;48174;180;162;30468;90;17468;148;48174;162;144;
4210;3 ms;97;48271;0;5;26175;4355;17496;148;48174;1174;1032;30365;165;17496;148;48174;190;172;30390;140;17496;148;48174;188;170;30440;90;17496;148;48174;114;96;
4215;3 ms;97;48271;0;5;26181;4245;17600;148;48174;1366;1224;30261;165;17600;148;48174;198;180;30286;140;17600;148;48174;128;110;30336;90;17600;148;48174;94;76;
4220;3 ms;97;48271;0;5;26185;4215;17626;148;48174;1430;1288;30235;165;17626;148;48174;148;130;30260;140;17626;148;48174;94;76;30310;90;17626;148;48174;94;76;
Fixed time simulation end ########################################

