voltage_trace: voltage_traces/voltage_trace2.txt
Fixed time simulation start ######################################
hazard_threshold_val;time;shtdwn_counter;clk_counter;trace_rom_addr;executed_batches;I_layer1_pwr_apprx_values_idle_state;I_layer1_pwr_apprx_compute_state;I_layer1_pwr_apprx_values_save_state;I_layer1_pwr_apprx_values_rec_state;nv_reg1_pwr_apprx_values_poweron_state;nv_reg1_pwr_apprx_values_rec_state;nv_reg1_pwr_apprx_values_save_state;I_layer2_pwr_apprx_values_idle_state;I_layer2_pwr_apprx_compute_state;I_layer2_pwr_apprx_values_save_state;I_layer2_pwr_apprx_values_rec_state;nv_reg2_pwr_apprx_values_poweron_state;nv_reg2_pwr_apprx_values_rec_state;nv_reg2_pwr_apprx_values_save_state;I_layer3_pwr_apprx_values_idle_state;I_layer3_pwr_apprx_compute_state;I_layer3_pwr_apprx_values_save_state;I_layer3_pwr_apprx_values_rec_state;nv_reg3_pwr_apprx_values_poweron_state;nv_reg3_pwr_apprx_values_rec_state;nv_reg3_pwr_apprx_values_save_state;I_layer4_pwr_apprx_values_idle_state;I_layer4_pwr_apprx_compute_state;I_layer4_pwr_apprx_values_save_state;I_layer4_pwr_apprx_values_rec_state;nv_reg4_pwr_apprx_values_poweron_state;nv_reg4_pwr_apprx_values_rec_state;nv_reg4_pwr_apprx_values_save_state;
3175;3 ms;97;48271;0;20;15634;16412;15644;484;48174;1916;1496;31386;660;15644;484;48174;292;196;31486;560;15644;484;48174;206;126;31686;360;15644;484;48174;140;92;
3180;3 ms;97;48271;0;20;15646;16316;15736;476;48174;1780;1368;31302;660;15736;476;48174;662;462;31402;560;15736;476;48174;346;266;31602;360;15736;476;48174;172;124;
3185;3 ms;97;48271;0;20;15760;16202;15718;494;48174;1918;1440;31302;660;15718;494;48174;354;254;31402;560;15718;494;48174;276;228;31602;360;15718;494;48174;196;148;
3190;3 ms;97;48271;0;20;15877;16127;15714;456;48174;1955;1512;31344;660;15714;456;48174;362;262;31444;560;15714;456;48174;284;236;31644;360;15714;456;48174;212;164;
3195;3 ms;97;48271;0;20;15883;16053;15782;456;48174;2071;1628;31276;660;15782;456;48174;366;266;31376;560;15782;456;48174;182;134;31576;360;15782;456;48174;184;136;
3200;3 ms;97;48271;0;20;15896;15988;15830;460;48174;2015;1568;31224;660;15830;460;48174;194;146;31324;560;15830;460;48174;178;130;31524;360;15830;460;48174;144;96;
3205;3 ms;97;48271;0;20;15898;15858;15962;456;48174;2071;1628;31096;660;15962;456;48174;308;208;31196;560;15962;456;48174;148;100;31396;360;15962;456;48174;148;100;
3210;3 ms;97;48271;0;19;15862;15740;16120;452;48174;2056;1640;30942;660;16120;452;48174;443;320;31057;545;16120;452;48174;251;180;31260;342;16120;452;48174;168;120;
3215;3 ms;97;48271;0;19;15878;15740;16176;380;48174;1748;1452;30958;660;16176;380;48174;377;258;31079;539;16176;380;48174;277;206;31276;342;16176;380;48174;180;132;
3220;3 ms;97;48271;0;19;15848;15516;16358;452;48174;2339;1900;30737;627;16358;452;48174;324;224;30832;532;16358;452;48174;164;116;31022;342;16358;452;48174;164;116;
3225;3 ms;97;48271;0;19;15846;15460;16416;452;48174;2275;1836;30679;627;16416;452;48174;324;224;30774;532;16416;452;48174;194;146;30964;342;16416;452;48174;188;140;
3230;3 ms;97;48271;0;19;15977;15333;16412;452;48174;2075;1636;30683;627;16412;452;48174;198;150;30778;532;16412;452;48174;182;134;30968;342;16412;452;48174;148;100;
3235;3 ms;97;48271;0;19;15990;15310;16422;452;48174;2143;1704;30673;627;16422;452;48174;210;162;30768;532;16422;452;48174;186;138;30958;342;16422;452;48174;180;132;
3240;3 ms;97;48271;0;19;15986;15186;16550;452;48174;2007;1568;30545;627;16550;452;48174;252;204;30640;532;16550;452;48174;182;134;30830;342;16550;452;48174;156;108;
3245;3 ms;97;48271;0;19;15998;15038;16700;438;48174;1805;1428;30409;627;16700;438;48174;288;192;30504;532;16700;438;48174;202;122;30694;342;16700;438;48174;136;88;
Fixed time simulation end ########################################

