voltage_trace: voltage_traces/voltage_trace1.txt
Fixed time simulation start ######################################
hazard_threshold_val;time;shtdwn_counter;clk_counter;trace_rom_addr;executed_batches;I_layer1_pwr_apprx_values_idle_state;I_layer1_pwr_apprx_compute_state;I_layer1_pwr_apprx_values_save_state;I_layer1_pwr_apprx_values_rec_state;nv_reg1_pwr_apprx_values_poweron_state;nv_reg1_pwr_apprx_values_rec_state;nv_reg1_pwr_apprx_values_save_state;I_layer2_pwr_apprx_values_idle_state;I_layer2_pwr_apprx_compute_state;I_layer2_pwr_apprx_values_save_state;I_layer2_pwr_apprx_values_rec_state;nv_reg2_pwr_apprx_values_poweron_state;nv_reg2_pwr_apprx_values_rec_state;nv_reg2_pwr_apprx_values_save_state;I_layer3_pwr_apprx_values_idle_state;I_layer3_pwr_apprx_compute_state;I_layer3_pwr_apprx_values_save_state;I_layer3_pwr_apprx_values_rec_state;nv_reg3_pwr_apprx_values_poweron_state;nv_reg3_pwr_apprx_values_rec_state;nv_reg3_pwr_apprx_values_save_state;I_layer4_pwr_apprx_values_idle_state;I_layer4_pwr_apprx_compute_state;I_layer4_pwr_apprx_values_save_state;I_layer4_pwr_apprx_values_rec_state;nv_reg4_pwr_apprx_values_poweron_state;nv_reg4_pwr_apprx_values_rec_state;nv_reg4_pwr_apprx_values_save_state;
2600;3 ms;8;21260;0;22;2548;17667;868;170;21253;414;340;19489;726;868;170;21253;32;20;19599;616;868;170;21253;32;20;19819;396;868;170;21253;32;20;
2605;3 ms;8;21260;0;22;2548;17659;876;170;21253;414;340;19481;726;876;170;21253;32;20;19591;616;876;170;21253;32;20;19811;396;876;170;21253;32;20;
2610;3 ms;8;21260;0;22;2550;17623;910;170;21253;482;408;19447;726;910;170;21253;36;24;19557;616;910;170;21253;36;24;19777;396;910;170;21253;36;24;
2615;3 ms;8;21260;0;22;2550;17607;926;170;21253;482;408;19431;726;926;170;21253;36;24;19541;616;926;170;21253;36;24;19761;396;926;170;21253;36;24;
2620;3 ms;8;21260;0;22;2638;17594;930;91;21253;482;408;19506;726;930;91;21253;36;24;19616;616;930;91;21253;36;24;19836;396;930;91;21253;36;24;
2625;3 ms;8;21260;0;22;2638;17586;938;91;21253;482;408;19498;726;938;91;21253;36;24;19608;616;938;91;21253;36;24;19828;396;938;91;21253;36;24;
2630;3 ms;8;21260;0;22;2642;17578;942;91;21253;482;408;19494;726;942;91;21253;36;24;19604;616;942;91;21253;36;24;19824;396;942;91;21253;36;24;
2635;3 ms;8;21260;0;22;2642;17570;950;91;21253;482;408;19486;726;950;91;21253;36;24;19596;616;950;91;21253;36;24;19816;396;950;91;21253;36;24;
2640;3 ms;8;21260;0;22;2646;17410;1106;91;21253;618;544;19330;726;1106;91;21253;44;32;19440;616;1106;91;21253;44;32;19660;396;1106;91;21253;44;32;
2645;3 ms;8;21260;0;22;2646;17410;1106;91;21253;618;544;19330;726;1106;91;21253;44;32;19440;616;1106;91;21253;44;32;19660;396;1106;91;21253;44;32;
2650;3 ms;8;21260;0;22;2650;17404;1112;87;21253;618;544;19328;726;1112;87;21253;44;32;19438;616;1112;87;21253;44;32;19658;396;1112;87;21253;44;32;
2655;3 ms;8;21260;0;22;2650;17396;1120;87;21253;618;544;19320;726;1120;87;21253;44;32;19430;616;1120;87;21253;44;32;19650;396;1120;87;21253;44;32;
2660;3 ms;8;21260;0;22;2646;17389;1052;166;21253;482;408;19309;726;1052;166;21253;36;24;19419;616;1052;166;21253;36;24;19639;396;1052;166;21253;36;24;
2665;3 ms;8;21260;0;22;2646;17381;1060;166;21253;482;408;19301;726;1060;166;21253;36;24;19411;616;1060;166;21253;36;24;19631;396;1060;166;21253;36;24;
2670;3 ms;8;21260;0;22;2646;17377;1060;170;21253;482;408;19297;726;1060;170;21253;36;24;19407;616;1060;170;21253;36;24;19627;396;1060;170;21253;36;24;
Fixed time simulation end ########################################

