voltage_trace: voltage_traces/voltage_trace1.txt
Fixed time simulation start ######################################
hazard_threshold_val;time;shtdwn_counter;clk_counter;trace_rom_addr;executed_batches;I_layer1_pwr_apprx_values_idle_state;I_layer1_pwr_apprx_compute_state;I_layer1_pwr_apprx_values_save_state;I_layer1_pwr_apprx_values_rec_state;nv_reg1_pwr_apprx_values_poweron_state;nv_reg1_pwr_apprx_values_rec_state;nv_reg1_pwr_apprx_values_save_state;I_layer2_pwr_apprx_values_idle_state;I_layer2_pwr_apprx_compute_state;I_layer2_pwr_apprx_values_save_state;I_layer2_pwr_apprx_values_rec_state;nv_reg2_pwr_apprx_values_poweron_state;nv_reg2_pwr_apprx_values_rec_state;nv_reg2_pwr_apprx_values_save_state;I_layer3_pwr_apprx_values_idle_state;I_layer3_pwr_apprx_compute_state;I_layer3_pwr_apprx_values_save_state;I_layer3_pwr_apprx_values_rec_state;nv_reg3_pwr_apprx_values_poweron_state;nv_reg3_pwr_apprx_values_rec_state;nv_reg3_pwr_apprx_values_save_state;I_layer4_pwr_apprx_values_idle_state;I_layer4_pwr_apprx_compute_state;I_layer4_pwr_apprx_values_save_state;I_layer4_pwr_apprx_values_rec_state;nv_reg4_pwr_apprx_values_poweron_state;nv_reg4_pwr_apprx_values_rec_state;nv_reg4_pwr_apprx_values_save_state;
3125;3 ms;8;21260;0;19;3643;15344;2096;170;21253;686;612;18360;627;2096;170;21253;48;36;18455;532;2096;170;21253;48;36;18645;342;2096;170;21253;48;36;
3130;3 ms;8;21260;0;19;3645;15266;2172;170;21253;754;680;18284;627;2172;170;21253;52;40;18379;532;2172;170;21253;52;40;18569;342;2172;170;21253;52;40;
3135;3 ms;8;21260;0;19;3647;15226;2210;170;21253;822;748;18246;627;2210;170;21253;56;44;18341;532;2210;170;21253;56;44;18531;342;2210;170;21253;56;44;
3140;3 ms;8;21260;0;19;3647;15222;2214;170;21253;822;748;18242;627;2214;170;21253;56;44;18337;532;2214;170;21253;56;44;18527;342;2214;170;21253;56;44;
3145;3 ms;8;21260;0;19;3647;15214;2222;170;21253;822;748;18234;627;2222;170;21253;56;44;18329;532;2222;170;21253;56;44;18519;342;2222;170;21253;56;44;
3150;3 ms;8;21260;0;19;3735;15201;2226;91;21253;822;748;18309;627;2226;91;21253;56;44;18404;532;2226;91;21253;56;44;18594;342;2226;91;21253;56;44;
3155;3 ms;8;21260;0;19;3735;15197;2230;91;21253;822;748;18305;627;2230;91;21253;56;44;18400;532;2230;91;21253;56;44;18590;342;2230;91;21253;56;44;
3160;3 ms;8;21260;0;19;3817;15177;2164;95;21253;754;680;18367;627;2164;95;21253;52;40;18462;532;2164;95;21253;52;40;18652;342;2164;95;21253;52;40;
3165;3 ms;8;21260;0;19;3817;15169;2172;95;21253;754;680;18359;627;2172;95;21253;52;40;18454;532;2172;95;21253;52;40;18644;342;2172;95;21253;52;40;
3170;3 ms;8;21260;0;19;3819;15158;2102;174;21253;686;612;18350;627;2102;174;21253;48;36;18445;532;2102;174;21253;48;36;18635;342;2102;174;21253;48;36;
3175;3 ms;8;21260;0;19;3819;15154;2106;174;21253;686;612;18346;627;2106;174;21253;48;36;18441;532;2106;174;21253;48;36;18631;342;2106;174;21253;48;36;
3180;3 ms;8;21260;0;19;3827;15006;2250;170;21253;822;748;18206;627;2250;170;21253;56;44;18301;532;2250;170;21253;56;44;18491;342;2250;170;21253;56;44;
3185;3 ms;8;21260;0;19;3827;14994;2262;170;21253;822;748;18194;627;2262;170;21253;56;44;18289;532;2262;170;21253;56;44;18479;342;2262;170;21253;56;44;
3190;3 ms;8;21260;0;19;3827;14994;2262;170;21253;822;748;18194;627;2262;170;21253;56;44;18289;532;2262;170;21253;56;44;18479;342;2262;170;21253;56;44;
3195;3 ms;8;21260;0;19;3913;14973;2276;91;21253;754;680;18259;627;2276;91;21253;52;40;18354;532;2276;91;21253;52;40;18544;342;2276;91;21253;52;40;
Fixed time simulation end ########################################

