voltage_trace: voltage_traces/voltage_trace2.txt
Fixed time simulation start ######################################
hazard_threshold_val;time;shtdwn_counter;clk_counter;trace_rom_addr;executed_batches;I_layer1_pwr_apprx_values_idle_state;I_layer1_pwr_apprx_compute_state;I_layer1_pwr_apprx_values_save_state;I_layer1_pwr_apprx_values_rec_state;nv_reg1_pwr_apprx_values_poweron_state;nv_reg1_pwr_apprx_values_rec_state;nv_reg1_pwr_apprx_values_save_state;I_layer2_pwr_apprx_values_idle_state;I_layer2_pwr_apprx_compute_state;I_layer2_pwr_apprx_values_save_state;I_layer2_pwr_apprx_values_rec_state;nv_reg2_pwr_apprx_values_poweron_state;nv_reg2_pwr_apprx_values_rec_state;nv_reg2_pwr_apprx_values_save_state;I_layer3_pwr_apprx_values_idle_state;I_layer3_pwr_apprx_compute_state;I_layer3_pwr_apprx_values_save_state;I_layer3_pwr_apprx_values_rec_state;nv_reg3_pwr_apprx_values_poweron_state;nv_reg3_pwr_apprx_values_rec_state;nv_reg3_pwr_apprx_values_save_state;I_layer4_pwr_apprx_values_idle_state;I_layer4_pwr_apprx_compute_state;I_layer4_pwr_apprx_values_save_state;I_layer4_pwr_apprx_values_rec_state;nv_reg4_pwr_apprx_values_poweron_state;nv_reg4_pwr_apprx_values_rec_state;nv_reg4_pwr_apprx_values_save_state;
3325;3 ms;97;48271;0;17;16090;13866;17782;436;48174;2135;1712;29395;561;17782;436;48174;210;162;29480;476;17782;436;48174;224;176;29650;306;17782;436;48174;192;144;
3330;3 ms;97;48271;0;17;16224;13728;17790;432;48174;2183;1764;29391;561;17790;432;48174;371;324;29476;476;17790;432;48174;193;146;29646;306;17790;432;48174;159;112;
3335;3 ms;97;48271;0;17;16226;13696;17820;432;48174;2047;1628;29361;561;17820;432;48174;363;316;29446;476;17820;432;48174;151;104;29616;306;17820;432;48174;151;104;
3340;3 ms;97;48271;0;17;16220;13672;17850;432;48174;1995;1576;29331;561;17850;432;48174;201;154;29416;476;17850;432;48174;215;168;29586;306;17850;432;48174;159;112;
3345;3 ms;97;48271;0;17;16234;13660;17848;432;48174;1979;1560;29333;561;17848;432;48174;251;204;29418;476;17848;432;48174;143;96;29588;306;17848;432;48174;153;106;
3350;3 ms;97;48271;0;17;16393;13529;17824;428;48174;1979;1564;29361;561;17824;428;48174;135;92;29446;476;17824;428;48174;135;92;29616;306;17824;428;48174;135;92;
3355;3 ms;97;48271;0;17;16399;13495;17852;428;48174;2047;1632;29333;561;17852;428;48174;139;96;29418;476;17852;428;48174;139;96;29588;306;17852;428;48174;139;96;
3360;3 ms;97;48271;0;17;16402;13434;17944;394;48174;1993;1640;29275;561;17944;394;48174;147;104;29360;476;17944;394;48174;205;134;29530;306;17944;394;48174;193;128;
3365;3 ms;97;48271;0;16;16456;13298;17992;428;48174;2114;1700;29226;528;17992;428;48174;142;100;29306;448;17992;428;48174;142;100;29466;288;17992;428;48174;142;100;
3370;3 ms;97;48271;0;16;16469;13165;18174;366;48174;2060;1708;29106;528;18174;366;48174;150;108;29186;448;18174;366;48174;180;138;29346;288;18174;366;48174;174;132;
3375;3 ms;97;48271;0;16;16474;13002;18284;414;48174;2052;1700;28948;528;18284;414;48174;298;208;29028;448;18284;414;48174;212;138;29188;288;18284;414;48174;146;104;
3380;3 ms;97;48271;0;16;16479;13013;18268;414;48174;1928;1576;28964;528;18268;414;48174;294;204;29044;448;18268;414;48174;242;168;29204;288;18268;414;48174;170;128;
3385;3 ms;97;48271;0;16;16483;12897;18366;428;48174;2182;1768;28852;528;18366;428;48174;204;162;28932;448;18366;428;48174;150;108;29092;288;18366;428;48174;150;108;
3390;3 ms;97;48271;0;16;16501;12745;18504;424;48174;2114;1704;28718;528;18504;424;48174;256;162;28798;448;18504;424;48174;180;138;28958;288;18504;424;48174;174;132;
3395;3 ms;97;48271;0;16;16506;12602;18642;424;48174;1978;1568;28580;528;18642;424;48174;456;362;28660;448;18642;424;48174;248;206;28820;288;18642;424;48174;146;104;
Fixed time simulation end ########################################

