voltage_trace: voltage_traces/voltage_trace1.txt
Fixed time simulation start ######################################
hazard_threshold_val;time;shtdwn_counter;clk_counter;trace_rom_addr;executed_batches;I_layer1_pwr_apprx_values_idle_state;I_layer1_pwr_apprx_compute_state;I_layer1_pwr_apprx_values_save_state;I_layer1_pwr_apprx_values_rec_state;nv_reg1_pwr_apprx_values_poweron_state;nv_reg1_pwr_apprx_values_rec_state;nv_reg1_pwr_apprx_values_save_state;I_layer2_pwr_apprx_values_idle_state;I_layer2_pwr_apprx_compute_state;I_layer2_pwr_apprx_values_save_state;I_layer2_pwr_apprx_values_rec_state;nv_reg2_pwr_apprx_values_poweron_state;nv_reg2_pwr_apprx_values_rec_state;nv_reg2_pwr_apprx_values_save_state;I_layer3_pwr_apprx_values_idle_state;I_layer3_pwr_apprx_compute_state;I_layer3_pwr_apprx_values_save_state;I_layer3_pwr_apprx_values_rec_state;nv_reg3_pwr_apprx_values_poweron_state;nv_reg3_pwr_apprx_values_rec_state;nv_reg3_pwr_apprx_values_save_state;I_layer4_pwr_apprx_values_idle_state;I_layer4_pwr_apprx_compute_state;I_layer4_pwr_apprx_values_save_state;I_layer4_pwr_apprx_values_rec_state;nv_reg4_pwr_apprx_values_poweron_state;nv_reg4_pwr_apprx_values_rec_state;nv_reg4_pwr_apprx_values_save_state;
3275;3 ms;8;21260;0;18;3926;14649;2508;170;21253;886;812;17981;594;2508;170;21253;114;102;18071;504;2508;170;21253;60;48;18251;324;2508;170;21253;60;48;
3280;3 ms;8;21260;0;18;3926;14645;2512;170;21253;886;812;17977;594;2512;170;21253;114;102;18067;504;2512;170;21253;60;48;18247;324;2512;170;21253;60;48;
3285;3 ms;8;21260;0;18;3928;14555;2600;170;21253;958;884;17889;594;2600;170;21253;64;52;17979;504;2600;170;21253;64;52;18159;324;2600;170;21253;64;52;
3290;3 ms;8;21260;0;18;3926;14551;2606;170;21253;890;816;17883;594;2606;170;21253;60;48;17973;504;2606;170;21253;60;48;18153;324;2606;170;21253;60;48;
3295;3 ms;8;21260;0;18;4018;14524;2620;91;21253;890;816;17948;594;2620;91;21253;60;48;18038;504;2620;91;21253;60;48;18218;324;2620;91;21253;60;48;
3300;3 ms;8;21260;0;18;4018;14524;2620;91;21253;890;816;17948;594;2620;91;21253;60;48;18038;504;2620;91;21253;60;48;18218;324;2620;91;21253;60;48;
3305;3 ms;8;21260;0;18;4018;14520;2624;91;21253;890;816;17944;594;2624;91;21253;60;48;18034;504;2624;91;21253;60;48;18214;324;2624;91;21253;60;48;
3310;3 ms;8;21260;0;18;4016;14509;2558;170;21253;822;748;17931;594;2558;170;21253;56;44;18021;504;2558;170;21253;56;44;18201;324;2558;170;21253;56;44;
3315;3 ms;8;21260;0;18;4018;14431;2634;170;21253;890;816;17855;594;2634;170;21253;60;48;17945;504;2634;170;21253;60;48;18125;324;2634;170;21253;60;48;
3320;3 ms;8;21260;0;18;4102;14377;2600;174;21253;890;816;17885;594;2600;174;21253;60;48;17975;504;2600;174;21253;60;48;18155;324;2600;174;21253;60;48;
3325;3 ms;8;21260;0;18;4102;14369;2608;174;21253;890;816;17877;594;2608;174;21253;60;48;17967;504;2608;174;21253;60;48;18147;324;2608;174;21253;60;48;
3330;3 ms;8;21260;0;18;4106;14363;2614;170;21253;890;816;17875;594;2614;170;21253;60;48;17965;504;2614;170;21253;60;48;18145;324;2614;170;21253;60;48;
3335;3 ms;8;21260;0;18;4106;14355;2622;170;21253;890;816;17867;594;2622;170;21253;60;48;17957;504;2622;170;21253;60;48;18137;324;2622;170;21253;60;48;
3340;3 ms;8;21260;0;18;4106;14347;2626;174;21253;890;816;17859;594;2626;174;21253;60;48;17949;504;2626;174;21253;60;48;18129;324;2626;174;21253;60;48;
3345;3 ms;8;21260;0;18;4198;14332;2632;91;21253;890;816;17936;594;2632;91;21253;60;48;18026;504;2632;91;21253;60;48;18206;324;2632;91;21253;60;48;
Fixed time simulation end ########################################

