This file contains the min_hzrds_th for different sizes
Every size contains 10 lists. Every list referes to a different oltage trace
Every voltage trace contains the hazard threshold for different NV_REG_FACTOR(2 to 10)

Every element of the list contains the min_hazrd for NV_REG_FACTOR in (2,11)
DNN 4 layer
1
[2450, 2450, 2550, 2550, 2550, 2650, 2700, 2700, 2800, 2800]
2
[2500, 2500, 2500, 2550, 2550, 2600, 2600, 2650, 2650, 2750]
3
[2500, 2600, 2650, 2650, 2650, 2650, 2650, 2650, 2650, 2650]
4
[2400, 2450, 2500, 2550, 2600, 2650, 2750, 2800, 2850, 2950]
5
[2400, 2450, 2500, 2600, 2650, 2700, 2750, 2850, 2900, 2950]
6
[2450, 2500, 2550, 2600, 2600, 2650, 2700, 2750, 2800, 2850]
7
[2350, 2350, 2400, 2400, 2400, 2400, 2450, 2450, 2450, 2450]
8
[2350, 2350, 2400, 2400, 2400, 2400, 2450, 2450, 2450, 2450]
9
[2450, 2500, 2550, 2550, 2600, 2650, 2650, 2700, 2700, 2700]
10
[2350, 2400, 2400, 2400, 2400, 2450, 2450, 2450, 2450, 2450]


DNN 8-layer base size
1
[2500, 2550, 2700, 2750, 2800, 2900, 2950, 3050, 3150, 3150]
2
[2500, 2550, 2600, 2650, 2850, 2850, 2900, 2900, 2900, 3000]
3
[2650, 2650, 2650, 2650, 2650, 2650, 2650, 2700, 2750, 2750]
4
[2500, 2600, 2700, 2850, 3000, 3150, 3150, 3150, 3150, 3150]
5
[2500, 2600, 2750, 2900, 2950, 3000, 3050, 3150, 3200, 3250]
6
[2500, 2600, 2700, 2800, 2850, 2950, 3000, 3100, 3150, 3200]
7
[2550, 2700, 2800, 2900, 3000, 3050, 3100, 3150, 3250, 3400]
8
[2400, 2400, 2400, 2450, 2500, 2500, 2550, 2550, 2600, 2650]
9
[2550, 2600, 2650, 2700, 2700, 2700, 2700, 2750, 2800, 2850]
10
[2400, 2400, 2450, 2450, 2500, 2500, 2500, 2550, 2550, 2600]

DNN 8-layer twice size
2
[2600, 2800, 2900, 2900, 3050, 3150, 3300, 3550, 3650, 3900]