1
[2450, 2450, 2550, 2550, 2550, 2650, 2700, 2700, 2800, 2800]
2
[2500, 2500, 2500, 2550, 2550, 2600, 2600, 2650, 2650, 2750]
3
[2500, 2600, 2650, 2650, 2650, 2650, 2650, 2650, 2650, 2650]
4
[2400, 2450, 2500, 2550, 2600, 2650, 2750, 2800, 2850, 2950]
5
[2400, 2450, 2500, 2600, 2650, 2700, 2750, 2850, 2900, 2950]
6
[2450, 2500, 2550, 2600, 2600, 2650, 2700, 2750, 2800, 2850]
7
[2350, 2350, 2400, 2400, 2400, 2400, 2450, 2450, 2450, 2450]
8
[2350, 2350, 2400, 2400, 2400, 2400, 2450, 2450, 2450, 2450]
9
[2450, 2500, 2550, 2550, 2600, 2650, 2650, 2700, 2700, 2700]
10
[2350, 2400, 2400, 2400, 2400, 2450, 2450, 2450, 2450, 2450]