voltage_trace: voltage_traces/voltage_trace6.txt
Fixed time simulation start ######################################
hazard_threshold_val;time;shtdwn_counter;clk_counter;trace_rom_addr;executed_batches;I_layer1_pwr_apprx_values_idle_state;I_layer1_pwr_apprx_compute_state;I_layer1_pwr_apprx_values_save_state;I_layer1_pwr_apprx_values_rec_state;nv_reg1_pwr_apprx_values_poweron_state;nv_reg1_pwr_apprx_values_rec_state;nv_reg1_pwr_apprx_values_save_state;I_layer2_pwr_apprx_values_idle_state;I_layer2_pwr_apprx_compute_state;I_layer2_pwr_apprx_values_save_state;I_layer2_pwr_apprx_values_rec_state;nv_reg2_pwr_apprx_values_poweron_state;nv_reg2_pwr_apprx_values_rec_state;nv_reg2_pwr_apprx_values_save_state;I_layer3_pwr_apprx_values_idle_state;I_layer3_pwr_apprx_compute_state;I_layer3_pwr_apprx_values_save_state;I_layer3_pwr_apprx_values_rec_state;nv_reg3_pwr_apprx_values_poweron_state;nv_reg3_pwr_apprx_values_rec_state;nv_reg3_pwr_apprx_values_save_state;I_layer4_pwr_apprx_values_idle_state;I_layer4_pwr_apprx_compute_state;I_layer4_pwr_apprx_values_save_state;I_layer4_pwr_apprx_values_rec_state;nv_reg4_pwr_apprx_values_poweron_state;nv_reg4_pwr_apprx_values_rec_state;nv_reg4_pwr_apprx_values_save_state;
2450;3 ms;6;38496;0;41;4090;32089;2068;244;38491;764;548;34859;1320;2068;244;38491;66;36;35059;1120;2068;244;38491;66;36;35459;720;2068;244;38491;85;37;
2490;3 ms;6;38496;0;40;4239;31610;2392;250;38491;688;476;34529;1320;2392;250;38491;168;86;34729;1120;2392;250;38491;120;62;35129;720;2392;250;38491;108;56;
2530;3 ms;6;38496;0;39;4294;31237;2672;288;38491;754;476;34244;1287;2672;288;38491;58;28;34439;1092;2672;288;38491;58;28;34829;702;2672;288;38491;58;28;
2570;3 ms;6;38496;0;38;4353;30508;3342;288;38491;966;688;33607;1254;3342;288;38491;178;148;33797;1064;3342;288;38491;146;116;34177;684;3342;288;38491;78;48;
2610;3 ms;6;38496;0;37;4419;29906;3878;288;38491;894;616;33071;1254;3878;288;38491;120;90;33289;1036;3878;288;38491;70;40;33659;666;3878;288;38491;70;40;
2650;3 ms;6;38496;0;37;4506;29304;4386;295;38491;950;676;32589;1221;4386;295;38491;176;94;32774;1036;4386;295;38491;70;40;33144;666;4386;295;38491;70;40;
2690;3 ms;6;38496;0;36;4625;28716;4862;288;38491;1026;748;32153;1188;4862;288;38491;74;44;32333;1008;4862;288;38491;74;44;32693;648;4862;288;38491;74;44;
2730;3 ms;6;38496;0;35;5452;27889;4862;288;38491;1094;816;32186;1155;4862;288;38491;78;48;32361;980;4862;288;38491;78;48;32711;630;4862;288;38491;78;48;
2770;3 ms;6;38496;0;34;5543;27283;5370;295;38491;890;612;31704;1122;5370;295;38491;66;36;31874;952;5370;295;38491;66;36;32214;612;5370;295;38491;66;36;
2810;3 ms;6;38496;0;33;5634;26495;6074;288;38491;1094;816;31040;1089;6074;288;38491;78;48;31205;924;6074;288;38491;78;48;31535;594;6074;288;38491;78;48;
2850;3 ms;6;38496;0;32;5693;25937;6566;295;38491;1026;748;30574;1056;6566;295;38491;74;44;30734;896;6566;295;38491;74;44;31054;576;6566;295;38491;74;44;
2890;3 ms;6;38496;0;32;5891;25184;7142;274;38491;904;688;30019;1056;7142;274;38491;176;98;30179;896;7142;274;38491;78;48;30499;576;7142;274;38491;78;48;
2930;3 ms;6;38496;0;31;5960;24565;7678;288;38491;1094;816;29502;1023;7678;288;38491;78;48;29657;868;7678;288;38491;78;48;29967;558;7678;288;38491;78;48;
2970;3 ms;6;38496;0;30;6052;23971;8242;226;38491;896;680;29033;990;8242;226;38491;128;98;29183;840;8242;226;38491;74;44;29483;540;8242;226;38491;74;44;
3010;3 ms;6;38496;0;29;6156;23356;8698;281;38491;900;684;28555;957;8698;281;38491;172;94;28700;812;8698;281;38491;140;78;28990;522;8698;281;38491;74;44;
3050;3 ms;6;38496;0;28;6239;22719;9238;295;38491;1094;816;28034;924;9238;295;38491;78;48;28174;784;9238;295;38491;78;48;28454;504;9238;295;38491;78;48;
3090;3 ms;6;38496;0;27;6370;21753;10080;288;38491;1290;1012;27232;891;10080;288;38491;198;168;27367;756;10080;288;38491;90;60;27637;486;10080;288;38491;90;60;
3130;3 ms;6;38496;0;26;6517;20764;10922;288;38491;1230;952;26423;858;10922;288;38491;86;56;26553;728;10922;288;38491;86;56;26813;468;10922;288;38491;86;56;
3170;3 ms;6;38496;0;25;6648;20062;11482;299;38491;898;620;25885;825;11482;299;38491;174;144;26010;700;11482;299;38491;142;112;26260;450;11482;299;38491;74;44;
3210;3 ms;6;38496;0;24;6731;19358;12114;288;38491;818;540;25297;792;12114;288;38491;116;86;25417;672;12114;288;38491;62;32;25657;432;12114;288;38491;62;32;
3250;3 ms;6;38496;0;23;6886;18693;12624;288;38491;890;612;24820;759;12624;288;38491;66;36;24935;644;12624;288;38491;66;36;25165;414;12624;288;38491;66;36;
3290;3 ms;6;38496;0;23;7108;18121;12974;288;38491;690;412;24470;759;12974;288;38491;216;186;24585;644;12974;288;38491;130;100;24815;414;12974;288;38491;62;32;
3330;3 ms;6;38496;0;21;7161;17314;13708;308;38491;962;684;23749;726;13708;308;38491;124;94;23887;588;13708;308;38491;74;44;24097;378;13708;308;38491;74;44;
3370;3 ms;6;38496;0;20;7718;16527;10280;3966;38491;962;684;23552;693;10280;3966;38491;74;44;23657;588;10280;3966;38491;104;74;23877;368;10280;3966;38491;98;68;
3410;3 ms;6;38496;0;19;11531;15740;11002;218;38491;962;752;26611;660;11002;218;38491;122;98;26734;537;11002;218;38491;106;82;26929;342;11002;218;38491;72;48;
3450;3 ms;6;38496;0;18;11570;14810;11888;223;38491;1162;952;25786;594;11888;223;38491;80;56;25876;504;11888;223;38491;80;56;26056;324;11888;223;38491;80;56;
3490;3 ms;6;38496;0;17;11765;13933;12582;211;38491;820;676;25137;561;12582;211;38491;326;202;25222;476;12582;211;38491;134;78;25392;306;12582;211;38491;68;44;
3530;3 ms;6;38496;0;16;11952;12960;13360;219;38491;1162;952;24384;528;13360;219;38491;80;56;24464;448;13360;219;38491;80;56;24624;288;13360;219;38491;80;56;
3610;3 ms;6;38496;0;14;15913;11611;10812;155;38491;890;748;27062;462;10812;155;38491;62;44;27132;392;10812;155;38491;62;44;27272;252;10812;155;38491;62;44;
3650;3 ms;6;38496;0;13;15996;10745;11602;148;38491;1090;948;26312;429;11602;148;38491;128;110;26377;364;11602;148;38491;74;56;26507;234;11602;148;38491;74;56;
3690;3 ms;6;38496;0;12;16011;9823;12498;159;38491;962;820;25438;396;12498;159;38491;70;52;25498;336;12498;159;38491;70;52;25618;216;12498;159;38491;71;53;
3730;3 ms;6;38496;0;11;16144;8689;13510;148;38491;1026;884;24470;363;13510;148;38491;70;52;24525;308;13510;148;38491;70;52;24635;198;13510;148;38491;70;52;
3770;3 ms;6;38496;0;10;21729;8266;8348;148;38491;618;476;29665;330;8348;148;38491;46;28;29715;280;8348;148;38491;46;28;29815;180;8348;148;38491;46;28;
3810;3 ms;6;38496;0;9;21832;7575;8928;156;38491;822;680;29110;297;8928;156;38491;58;40;29155;252;8928;156;38491;58;40;29245;162;8928;156;38491;58;40;
3850;3 ms;6;38496;0;8;21979;7027;8468;1017;38491;754;612;28742;264;8468;1017;38491;54;36;28782;224;8468;1017;38491;54;36;28862;144;8468;1017;38491;54;36;
3890;3 ms;6;38496;0;8;23163;6452;8728;148;38491;618;476;29351;264;8728;148;38491;46;28;29391;224;8728;148;38491;46;28;29471;144;8728;148;38491;46;28;
3930;3 ms;6;38496;0;7;23332;6057;8954;148;38491;618;476;29158;231;8954;148;38491;46;28;29193;196;8954;148;38491;46;28;29263;126;8954;148;38491;46;28;
3970;3 ms;6;38496;0;7;23450;5642;9240;159;38491;550;408;28861;231;9240;159;38491;42;24;28896;196;9240;159;38491;42;24;28966;126;9240;159;38491;42;24;
4010;3 ms;6;38496;0;6;23503;5507;9322;159;38491;406;268;28812;198;9322;159;38491;140;70;28842;168;9322;159;38491;34;16;28902;108;9322;159;38491;34;16;
Fixed time simulation end ########################################

