voltage_trace: voltage_traces/voltage_trace2.txt
Fixed time simulation start ######################################
hazard_threshold_val;time;shtdwn_counter;clk_counter;trace_rom_addr;executed_batches;I_layer1_pwr_apprx_values_idle_state;I_layer1_pwr_apprx_compute_state;I_layer1_pwr_apprx_values_save_state;I_layer1_pwr_apprx_values_rec_state;nv_reg1_pwr_apprx_values_poweron_state;nv_reg1_pwr_apprx_values_rec_state;nv_reg1_pwr_apprx_values_save_state;I_layer2_pwr_apprx_values_idle_state;I_layer2_pwr_apprx_compute_state;I_layer2_pwr_apprx_values_save_state;I_layer2_pwr_apprx_values_rec_state;nv_reg2_pwr_apprx_values_poweron_state;nv_reg2_pwr_apprx_values_rec_state;nv_reg2_pwr_apprx_values_save_state;I_layer3_pwr_apprx_values_idle_state;I_layer3_pwr_apprx_compute_state;I_layer3_pwr_apprx_values_save_state;I_layer3_pwr_apprx_values_rec_state;nv_reg3_pwr_apprx_values_poweron_state;nv_reg3_pwr_apprx_values_rec_state;nv_reg3_pwr_apprx_values_save_state;I_layer4_pwr_apprx_values_idle_state;I_layer4_pwr_apprx_compute_state;I_layer4_pwr_apprx_values_save_state;I_layer4_pwr_apprx_values_rec_state;nv_reg4_pwr_apprx_values_poweron_state;nv_reg4_pwr_apprx_values_rec_state;nv_reg4_pwr_apprx_values_save_state;
2650;3 ms;97;48271;0;31;10821;25184;10516;1653;48174;6062;4868;34309;1696;10516;1653;48174;448;376;34469;1536;10516;1653;48174;408;336;34816;1189;10516;1653;48174;288;216;
2680;3 ms;97;48271;0;31;10982;24500;11308;1384;48174;5222;4344;33839;1643;11308;1384;48174;1656;1410;33994;1488;11308;1384;48174;1282;1076;34304;1178;11308;1384;48174;444;356;
2710;3 ms;97;48271;0;30;11485;24008;11680;1001;48174;5532;4656;33903;1590;11680;1001;48174;798;650;34053;1440;11680;1001;48174;616;484;34353;1140;11680;1001;48174;276;216;
2740;3 ms;97;48271;0;29;11378;23327;12324;1145;48174;5730;4752;33168;1537;12324;1145;48174;428;368;33313;1392;12324;1145;48174;318;258;33603;1102;12324;1145;48174;244;184;
2770;3 ms;97;48271;0;28;11449;22338;13340;1047;48174;5620;4748;32303;1484;13340;1047;48174;796;556;32443;1344;13340;1047;48174;244;184;32723;1064;13340;1047;48174;252;192;
2800;3 ms;97;48271;0;27;11520;21581;13559;1514;48174;4654;3676;31670;1431;13559;1514;48174;1058;998;31805;1296;13559;1514;48174;656;596;32075;1026;13559;1514;48174;296;236;
2830;3 ms;97;48271;0;26;11704;20858;14102;1510;48174;4344;3468;31184;1378;14102;1510;48174;200;140;31314;1248;14102;1510;48174;340;280;31574;988;14102;1510;48174;248;188;
2860;3 ms;97;48271;0;25;11702;20069;14284;2119;48174;3290;2516;30446;1325;14284;2119;48174;540;304;30571;1200;14284;2119;48174;826;622;30821;950;14284;2119;48174;280;220;
2890;3 ms;97;48271;0;24;12351;19675;14636;1512;48174;3570;2704;30707;1319;14636;1512;48174;348;202;30874;1152;14636;1512;48174;232;178;31114;912;14636;1512;48174;186;132;
2920;3 ms;97;48271;0;24;12447;19246;15013;1468;48174;3898;3028;30421;1272;15013;1468;48174;170;116;30541;1152;15013;1468;48174;170;116;30781;912;15013;1468;48174;170;116;
2950;3 ms;97;48271;0;23;13095;18732;11985;4362;48174;3007;2347;30608;1219;11985;4362;48174;1070;934;30723;1104;11985;4362;48174;598;478;30953;874;11985;4362;48174;156;108;
2980;3 ms;97;48271;0;23;16813;18169;12444;748;48174;2710;2160;33763;1219;12444;748;48174;972;652;33878;1104;12444;748;48174;502;314;34108;874;12444;748;48174;190;120;
3010;3 ms;97;48271;0;22;16710;17736;12910;818;48174;3450;2692;33280;1166;12910;818;48174;526;386;33390;1056;12910;818;48174;152;104;33610;836;12910;818;48174;153;105;
3040;3 ms;97;48271;0;21;16702;17314;13348;810;48174;3102;2352;32850;1166;13348;810;48174;1074;750;32964;1052;13348;810;48174;210;162;33218;798;13348;810;48174;164;116;
3080;3 ms;97;48271;0;21;16683;16573;14211;707;48174;3044;2384;32143;1113;14211;707;48174;144;96;32248;1008;14211;707;48174;214;166;32458;798;14211;707;48174;168;120;
3110;3 ms;97;48271;0;20;16712;16056;14608;798;48174;3034;2276;31708;1060;14608;798;48174;600;460;31808;960;14608;798;48174;366;318;32008;760;14608;798;48174;144;96;
3140;3 ms;97;48271;0;19;16656;15740;15022;756;48174;2924;2268;31348;1048;15022;756;48174;510;370;31484;912;15022;756;48174;352;236;31674;722;15022;756;48174;186;116;
3170;3 ms;97;48271;0;19;16669;15383;15352;770;48174;2208;1752;31045;1007;15352;770;48174;494;358;31140;912;15352;770;48174;776;520;31330;722;15352;770;48174;252;160;
3200;3 ms;97;48271;0;18;16784;14908;15702;780;48174;2741;2160;30738;954;15702;780;48174;496;268;30828;864;15702;780;48174;278;158;31008;684;15702;780;48174;132;84;
3230;3 ms;97;48271;0;18;16954;14239;16320;661;48174;2949;2372;30239;954;16320;661;48174;426;378;30329;864;16320;661;48174;214;166;30509;684;16320;661;48174;168;120;
3260;3 ms;97;48271;0;17;16977;13847;16594;756;48174;2731;2056;29923;901;16594;756;48174;406;358;30008;816;16594;756;48174;280;232;30178;646;16594;756;48174;132;84;
3290;3 ms;97;48271;0;17;17025;13492;16952;705;48174;2417;1848;29616;901;16952;705;48174;226;178;29701;816;16952;705;48174;410;294;29871;646;16952;705;48174;227;157;
3320;3 ms;97;48271;0;16;16936;12855;17656;727;48174;3143;2484;28943;848;17656;727;48174;420;280;29023;768;17656;727;48174;218;170;29183;608;17656;727;48174;144;96;
3350;3 ms;97;48271;0;15;17096;12543;17853;682;48174;2413;1860;28844;795;17853;682;48174;413;370;28919;720;17853;682;48174;495;384;29069;570;17853;682;48174;241;176;
3380;3 ms;97;48271;0;14;17251;11805;18412;706;48174;3134;2484;28261;795;18412;706;48174;324;190;28336;720;18412;706;48174;208;166;28504;552;18412;706;48174;162;120;
3410;3 ms;97;48271;0;14;17186;11333;17923;1732;48174;3034;2380;27777;742;17923;1732;48174;412;370;27847;672;17923;1732;48174;286;244;27987;532;17923;1732;48174;138;96;
3440;3 ms;97;48271;0;13;17181;11018;17846;2129;48174;2412;1860;27457;742;17846;2129;48174;404;362;27528;671;17846;2129;48174;634;524;27705;494;17846;2129;48174;228;164;
3470;3 ms;97;48271;0;13;17131;10860;18070;2113;48174;2922;2268;27302;689;18070;2113;48174;314;272;27367;624;18070;2113;48174;204;162;27497;494;18070;2113;48174;130;88;
3500;3 ms;97;48271;0;13;17183;10725;18124;2142;48174;2184;1632;27219;689;18124;2142;48174;294;252;27284;624;18124;2142;48174;400;290;27414;494;18124;2142;48174;160;96;
3530;3 ms;97;48271;0;12;17668;10231;18550;1725;48174;2710;2056;27210;689;18550;1725;48174;212;170;27308;591;18550;1725;48174;196;154;27443;456;18550;1725;48174;122;80;
3560;3 ms;97;48271;0;12;18751;9645;19166;612;48174;2814;2272;27760;636;19166;612;48174;314;186;27820;576;19166;612;48174;198;162;27940;456;19166;612;48174;153;117;
3590;3 ms;97;48271;0;11;18772;9442;19226;734;48174;2818;2272;27631;583;19226;734;48174;124;88;27686;528;19226;734;48174;124;88;27796;418;19226;734;48174;124;88;
3620;3 ms;97;48271;0;11;18949;9030;19550;645;48174;2602;2056;27396;583;19550;645;48174;218;182;27451;528;19550;645;48174;194;158;27561;418;19550;645;48174;158;122;
3650;3 ms;97;48271;0;10;18860;8507;20112;695;48174;2516;2072;26837;530;20112;695;48174;400;276;26887;480;20112;695;48174;562;454;26987;380;20112;695;48174;180;144;
3680;3 ms;97;48271;0;10;19047;8166;17144;3817;48174;2486;1944;26683;530;17144;3817;48174;576;448;26733;480;17144;3817;48174;264;228;26833;380;17144;3817;48174;116;80;
3710;3 ms;97;48271;0;10;19082;7923;17356;3813;48174;2590;2048;26475;530;17356;3813;48174;494;366;26525;480;17356;3813;48174;190;154;26625;380;17356;3813;48174;144;108;
3740;3 ms;97;48271;0;9;18978;7794;16698;4704;48174;2390;1844;26295;477;16698;4704;48174;292;256;26340;432;16698;4704;48174;260;224;26430;342;16698;4704;48174;112;76;
3770;3 ms;97;48271;0;9;19030;7608;16840;4696;48174;2598;2052;26161;477;16840;4696;48174;112;76;26206;432;16840;4696;48174;112;76;26296;342;16840;4696;48174;112;76;
3800;3 ms;97;48271;0;9;19163;7392;15424;6195;48174;2274;1728;26078;477;15424;6195;48174;386;350;26123;432;15424;6195;48174;182;146;26213;342;15424;6195;48174;116;80;
3830;3 ms;97;48271;0;8;20478;7083;16068;4545;48174;1858;1624;27113;448;16068;4545;48174;470;440;27177;384;16068;4545;48174;456;290;27257;304;16068;4545;48174;170;96;
3860;3 ms;97;48271;0;8;20490;6895;16248;4541;48174;2378;1940;26961;424;16248;4541;48174;196;166;27001;384;16248;4541;48174;102;72;27081;304;16248;4541;48174;102;72;
3890;3 ms;97;48271;0;8;23905;6476;16526;1267;48174;2170;1840;29957;424;16526;1267;48174;194;170;29997;384;16526;1267;48174;240;216;30077;304;16526;1267;48174;148;124;
3920;3 ms;97;48271;0;7;24848;6296;15176;1854;48174;1740;1512;30737;407;15176;1854;48174;276;252;30808;336;15176;1854;48174;228;204;30878;266;15176;1854;48174;136;112;
3950;3 ms;97;48271;0;7;26427;5928;15558;261;48174;1746;1524;31984;371;15558;261;48174;266;248;32019;336;15558;261;48174;304;286;32089;266;15558;261;48174;110;92;
3980;3 ms;97;48271;0;7;26453;5566;15898;257;48174;2058;1836;31648;371;15898;257;48174;274;256;31683;336;15898;257;48174;164;146;31753;266;15898;257;48174;90;72;
4010;3 ms;97;48271;0;6;26322;5461;16134;257;48174;2154;1932;31465;318;16134;257;48174;372;354;31495;288;16134;257;48174;90;72;31555;228;16134;257;48174;90;72;
4040;3 ms;97;48271;0;6;26492;5082;16372;228;48174;2170;1948;31256;318;16372;228;48174;94;76;31286;288;16372;228;48174;164;146;31346;228;16372;228;48174;118;100;
4070;3 ms;97;48271;0;6;26512;4823;16386;453;48174;1946;1728;31017;318;16386;453;48174;362;252;31047;288;16386;453;48174;160;142;31107;228;16386;453;48174;86;68;
Fixed time simulation end ########################################

