voltage_trace: voltage_traces/voltage_trace4.txt
Fixed time simulation start ######################################
hazard_threshold_val;time;shtdwn_counter;clk_counter;trace_rom_addr;executed_batches;I_layer1_pwr_apprx_values_idle_state;I_layer1_pwr_apprx_compute_state;I_layer1_pwr_apprx_values_save_state;I_layer1_pwr_apprx_values_rec_state;nv_reg1_pwr_apprx_values_poweron_state;nv_reg1_pwr_apprx_values_rec_state;nv_reg1_pwr_apprx_values_save_state;I_layer2_pwr_apprx_values_idle_state;I_layer2_pwr_apprx_compute_state;I_layer2_pwr_apprx_values_save_state;I_layer2_pwr_apprx_values_rec_state;nv_reg2_pwr_apprx_values_poweron_state;nv_reg2_pwr_apprx_values_rec_state;nv_reg2_pwr_apprx_values_save_state;I_layer3_pwr_apprx_values_idle_state;I_layer3_pwr_apprx_compute_state;I_layer3_pwr_apprx_values_save_state;I_layer3_pwr_apprx_values_rec_state;nv_reg3_pwr_apprx_values_poweron_state;nv_reg3_pwr_apprx_values_rec_state;nv_reg3_pwr_apprx_values_save_state;I_layer4_pwr_apprx_values_idle_state;I_layer4_pwr_apprx_compute_state;I_layer4_pwr_apprx_values_save_state;I_layer4_pwr_apprx_values_rec_state;nv_reg4_pwr_apprx_values_poweron_state;nv_reg4_pwr_apprx_values_rec_state;nv_reg4_pwr_apprx_values_save_state;
3450;3 ms;7;15536;0;2;6556;2297;6654;23;15530;695;680;8787;66;6654;23;15530;55;40;8797;56;6654;23;15530;55;40;8817;36;6654;23;15530;55;40;
3480;3 ms;7;15536;0;2;6640;2061;6806;23;15530;695;680;8635;66;6806;23;15530;55;40;8645;56;6806;23;15530;55;40;8665;36;6806;23;15530;55;40;
3510;3 ms;7;15536;0;2;6730;1821;6960;19;15530;525;510;8485;66;6960;19;15530;45;30;8495;56;6960;19;15530;45;30;8515;36;6960;19;15530;45;30;
3540;3 ms;7;15536;0;2;12602;1851;1060;17;15530;185;170;14387;66;1060;17;15530;25;10;14397;56;1060;17;15530;25;10;14417;36;1060;17;15530;25;10;
3570;3 ms;7;15536;0;2;12614;1815;1084;17;15530;185;170;14363;66;1084;17;15530;25;10;14373;56;1084;17;15530;25;10;14393;36;1084;17;15530;25;10;
3600;3 ms;7;15536;0;2;12634;1769;1108;19;15530;185;170;14337;66;1108;19;15530;25;10;14347;56;1108;19;15530;25;10;14367;36;1108;19;15530;25;10;
3630;3 ms;7;15536;0;2;12662;1719;1132;17;15530;185;170;14315;66;1132;17;15530;25;10;14325;56;1132;17;15530;25;10;14345;36;1132;17;15530;25;10;
3660;3 ms;7;15536;0;2;12670;1695;1148;17;15530;185;170;14299;66;1148;17;15530;25;10;14309;56;1148;17;15530;25;10;14329;36;1148;17;15530;25;10;
3690;3 ms;7;15536;0;1;12698;1647;1168;17;15530;185;170;14279;66;1168;17;15530;25;10;14289;56;1168;17;15530;100;85;14314;31;1168;17;15530;85;70;
3720;3 ms;7;15536;0;1;12722;1599;1192;17;15530;185;170;14262;59;1192;17;15530;160;145;14293;28;1192;17;15530;25;10;14303;18;1192;17;15530;25;10;
3750;3 ms;7;15536;0;1;12749;1556;1208;17;15530;185;170;14272;33;1208;17;15530;25;10;14277;28;1208;17;15530;25;10;14287;18;1208;17;15530;25;10;
3780;3 ms;7;15536;0;1;12777;1512;1224;17;15530;185;170;14256;33;1224;17;15530;25;10;14261;28;1224;17;15530;25;10;14271;18;1224;17;15530;25;10;
3810;3 ms;7;15536;0;1;12805;1460;1248;17;15530;185;170;14232;33;1248;17;15530;25;10;14237;28;1248;17;15530;25;10;14247;18;1248;17;15530;25;10;
3840;3 ms;7;15536;0;1;12833;1420;1260;17;15530;185;170;14220;33;1260;17;15530;25;10;14225;28;1260;17;15530;25;10;14235;18;1260;17;15530;25;10;
3870;3 ms;7;15536;0;1;12845;1388;1280;17;15530;185;170;14200;33;1280;17;15530;25;10;14205;28;1280;17;15530;25;10;14215;18;1280;17;15530;25;10;
Fixed time simulation end ########################################

