voltage_trace: voltage_traces/voltage_trace5.txt
Fixed time simulation start ######################################
hazard_threshold_val;time;shtdwn_counter;clk_counter;trace_rom_addr;executed_batches;I_layer1_pwr_apprx_values_idle_state;I_layer1_pwr_apprx_compute_state;I_layer1_pwr_apprx_values_save_state;I_layer1_pwr_apprx_values_rec_state;nv_reg1_pwr_apprx_values_poweron_state;nv_reg1_pwr_apprx_values_rec_state;nv_reg1_pwr_apprx_values_save_state;I_layer2_pwr_apprx_values_idle_state;I_layer2_pwr_apprx_compute_state;I_layer2_pwr_apprx_values_save_state;I_layer2_pwr_apprx_values_rec_state;nv_reg2_pwr_apprx_values_poweron_state;nv_reg2_pwr_apprx_values_rec_state;nv_reg2_pwr_apprx_values_save_state;I_layer3_pwr_apprx_values_idle_state;I_layer3_pwr_apprx_compute_state;I_layer3_pwr_apprx_values_save_state;I_layer3_pwr_apprx_values_rec_state;nv_reg3_pwr_apprx_values_poweron_state;nv_reg3_pwr_apprx_values_rec_state;nv_reg3_pwr_apprx_values_save_state;I_layer4_pwr_apprx_values_idle_state;I_layer4_pwr_apprx_compute_state;I_layer4_pwr_apprx_values_save_state;I_layer4_pwr_apprx_values_rec_state;nv_reg4_pwr_apprx_values_poweron_state;nv_reg4_pwr_apprx_values_rec_state;nv_reg4_pwr_apprx_values_save_state;
3050;3 ms;12;24019;0;9;7215;7347;9084;361;24007;2395;2040;14265;297;9084;361;24007;165;120;14310;252;9084;361;24007;165;120;14400;162;9084;361;24007;165;120;
3080;3 ms;12;24019;0;7;7315;6157;10174;361;24007;2565;2210;13241;231;10174;361;24007;835;660;13276;196;10174;361;24007;175;130;13346;126;10174;361;24007;175;130;
3110;3 ms;12;24019;0;7;7383;5990;8526;2108;24007;1545;1190;13142;231;8526;2108;24007;115;70;13177;196;8526;2108;24007;115;70;13247;126;8526;2108;24007;115;70;
3140;3 ms;12;24019;0;6;9382;5501;6938;2186;24007;1205;850;14685;198;6938;2186;24007;95;50;14715;168;6938;2186;24007;95;50;14775;108;6938;2186;24007;95;50;
3170;3 ms;12;24019;0;6;9464;5211;7156;2176;24007;1035;680;14477;198;7156;2176;24007;85;40;14507;168;7156;2176;24007;85;40;14567;108;7156;2176;24007;85;40;
3200;3 ms;12;24019;0;6;11516;4907;5694;1890;24007;1035;680;16225;198;5694;1890;24007;85;40;16255;168;5694;1890;24007;85;40;16315;108;5694;1890;24007;85;40;
3230;3 ms;12;24019;0;6;11580;4963;5606;1858;24007;695;340;16345;198;5606;1858;24007;190;145;16375;168;5606;1858;24007;150;105;16435;108;5606;1858;24007;65;20;
3260;3 ms;12;24019;0;6;13297;4815;5706;189;24007;525;340;17914;198;5706;189;24007;50;20;17944;168;5706;189;24007;195;95;18004;108;5706;189;24007;165;80;
3290;3 ms;12;24019;0;5;13334;4540;5944;189;24007;695;510;17709;165;5944;189;24007;60;30;17734;140;5944;189;24007;60;30;17784;90;5944;189;24007;60;30;
3320;3 ms;12;24019;0;5;13386;4380;6052;189;24007;695;510;17601;165;6052;189;24007;60;30;17626;140;6052;189;24007;60;30;17676;90;6052;189;24007;60;30;
3350;3 ms;12;24019;0;5;13436;4050;6330;191;24007;865;680;17321;165;6330;191;24007;70;40;17346;140;6330;191;24007;70;40;17396;90;6330;191;24007;70;40;
3380;3 ms;12;24019;0;4;13469;3901;6456;181;24007;675;500;17238;132;6456;181;24007;60;30;17258;112;6456;181;24007;60;30;17298;72;6456;181;24007;60;30;
3410;3 ms;12;24019;0;3;13527;3167;7122;191;24007;1205;1020;16575;119;7122;191;24007;90;60;16610;84;7122;191;24007;90;60;16640;54;7122;191;24007;90;60;
3440;3 ms;12;24019;0;3;13582;2624;7602;199;24007;1205;1020;16107;99;7602;199;24007;90;60;16122;84;7602;199;24007;90;60;16152;54;7602;199;24007;90;60;
3470;3 ms;12;24019;0;2;13681;2163;7974;189;24007;1205;1020;15778;66;7974;189;24007;360;330;15788;56;7974;189;24007;90;60;15808;36;7974;189;24007;90;60;
Fixed time simulation end ########################################

