voltage_trace: voltage_traces/voltage_trace3.txt
Fixed time simulation start ######################################
hazard_threshold_val;time;shtdwn_counter;clk_counter;trace_rom_addr;executed_batches;I_layer1_pwr_apprx_values_idle_state;I_layer1_pwr_apprx_compute_state;I_layer1_pwr_apprx_values_save_state;I_layer1_pwr_apprx_values_rec_state;nv_reg1_pwr_apprx_values_poweron_state;nv_reg1_pwr_apprx_values_rec_state;nv_reg1_pwr_apprx_values_save_state;I_layer2_pwr_apprx_values_idle_state;I_layer2_pwr_apprx_compute_state;I_layer2_pwr_apprx_values_save_state;I_layer2_pwr_apprx_values_rec_state;nv_reg2_pwr_apprx_values_poweron_state;nv_reg2_pwr_apprx_values_rec_state;nv_reg2_pwr_apprx_values_save_state;I_layer3_pwr_apprx_values_idle_state;I_layer3_pwr_apprx_compute_state;I_layer3_pwr_apprx_values_save_state;I_layer3_pwr_apprx_values_rec_state;nv_reg3_pwr_apprx_values_poweron_state;nv_reg3_pwr_apprx_values_rec_state;nv_reg3_pwr_apprx_values_save_state;I_layer4_pwr_apprx_values_idle_state;I_layer4_pwr_apprx_compute_state;I_layer4_pwr_apprx_values_save_state;I_layer4_pwr_apprx_values_rec_state;nv_reg4_pwr_apprx_values_poweron_state;nv_reg4_pwr_apprx_values_rec_state;nv_reg4_pwr_apprx_values_save_state;
2610;3 ms;191;65507;4585;7;26601;5689;28474;4552;65316;16783;14048;32059;231;28474;4552;65316;2725;1860;32094;196;28474;4552;65316;2145;1490;32164;126;28474;4552;65316;1205;950;
2640;3 ms;191;65507;4585;4;30009;3600;25140;6567;65316;13955;11730;33477;132;25140;6567;65316;1280;950;33497;112;25140;6567;65316;1460;1170;33537;72;25140;6567;65316;1080;870;
2670;3 ms;191;65507;4585;3;36635;2653;23806;2222;65316;10555;9180;39189;99;23806;2222;65316;945;810;39204;84;23806;2222;65316;675;540;39234;54;23806;2222;65316;675;540;
2700;3 ms;191;65507;4585;2;40349;2098;20474;2395;65316;7495;6290;42381;66;20474;2395;65316;1005;765;42391;56;20474;2395;65316;730;530;42411;36;20474;2395;65316;550;430;
2730;3 ms;191;65507;4585;2;42385;1954;19278;1699;65316;5965;5100;44273;66;19278;1699;65316;770;560;44283;56;19278;1699;65316;705;535;44303;36;19278;1699;65316;510;420;
2760;3 ms;191;65507;4585;2;43824;1762;19004;726;65316;4945;4250;45520;66;19004;726;65316;1100;905;45530;56;19004;726;65316;650;495;45550;36;19004;726;65316;385;310;
2790;3 ms;191;65507;4585;2;44376;1658;18552;730;65316;4265;3570;45968;66;18552;730;65316;1955;1510;45978;56;18552;730;65316;1020;785;45998;36;18552;730;65316;405;330;
2820;3 ms;191;65507;4585;1;45371;1353;17804;788;65316;2905;2210;46691;33;17804;788;65316;205;130;46696;28;17804;788;65316;205;130;46706;18;17804;788;65316;205;130;
2850;3 ms;191;65507;4585;1;46423;1079;7200;10614;65316;1545;850;47469;33;7200;10614;65316;125;50;47474;28;7200;10614;65316;125;50;47484;18;7200;10614;65316;125;50;
2880;3 ms;191;65507;4585;0;60124;863;4140;189;65316;865;680;60954;33;4140;189;65316;205;175;60959;28;4140;189;65316;145;115;60971;16;4140;189;65316;130;100;
2910;3 ms;191;65507;4585;0;60135;592;4400;189;65316;1205;1020;60727;0;4400;189;65316;90;60;60727;0;4400;189;65316;90;60;60727;0;4400;189;65316;90;60;
2940;3 ms;191;65507;4585;0;60143;520;4464;189;65316;1205;1020;60663;0;4464;189;65316;90;60;60663;0;4464;189;65316;90;60;60663;0;4464;189;65316;90;60;
2970;3 ms;191;65507;4585;0;60151;320;4656;189;65316;1205;1020;60471;0;4656;189;65316;90;60;60471;0;4656;189;65316;90;60;60471;0;4656;189;65316;90;60;
3000;3 ms;191;65507;4585;0;60159;188;4780;189;65316;1205;1020;60347;0;4780;189;65316;90;60;60347;0;4780;189;65316;90;60;60347;0;4780;189;65316;90;60;
3030;3 ms;191;65507;4585;0;60165;161;4778;212;65316;1035;850;60326;0;4778;212;65316;80;50;60326;0;4778;212;65316;80;50;60326;0;4778;212;65316;80;50;
Fixed time simulation end ########################################

