voltage_trace: voltage_traces/voltage_trace2.txt
Fixed time simulation start ######################################
hazard_threshold_val;time;shtdwn_counter;clk_counter;trace_rom_addr;executed_batches;I_layer1_pwr_apprx_values_idle_state;I_layer1_pwr_apprx_compute_state;I_layer1_pwr_apprx_values_save_state;I_layer1_pwr_apprx_values_rec_state;nv_reg1_pwr_apprx_values_poweron_state;nv_reg1_pwr_apprx_values_rec_state;nv_reg1_pwr_apprx_values_save_state;I_layer2_pwr_apprx_values_idle_state;I_layer2_pwr_apprx_compute_state;I_layer2_pwr_apprx_values_save_state;I_layer2_pwr_apprx_values_rec_state;nv_reg2_pwr_apprx_values_poweron_state;nv_reg2_pwr_apprx_values_rec_state;nv_reg2_pwr_apprx_values_save_state;I_layer3_pwr_apprx_values_idle_state;I_layer3_pwr_apprx_compute_state;I_layer3_pwr_apprx_values_save_state;I_layer3_pwr_apprx_values_rec_state;nv_reg3_pwr_apprx_values_poweron_state;nv_reg3_pwr_apprx_values_rec_state;nv_reg3_pwr_apprx_values_save_state;I_layer4_pwr_apprx_values_idle_state;I_layer4_pwr_apprx_compute_state;I_layer4_pwr_apprx_values_save_state;I_layer4_pwr_apprx_values_rec_state;nv_reg4_pwr_apprx_values_poweron_state;nv_reg4_pwr_apprx_values_rec_state;nv_reg4_pwr_apprx_values_save_state;I_layer5_pwr_apprx_values_idle_state;I_layer5_pwr_apprx_compute_state;I_layer5_pwr_apprx_values_save_state;I_layer5_pwr_apprx_values_rec_state;nv_reg5_pwr_apprx_values_poweron_state;nv_reg5_pwr_apprx_values_rec_state;nv_reg5_pwr_apprx_values_save_state;I_layer6_pwr_apprx_values_idle_state;I_layer6_pwr_apprx_compute_state;I_layer6_pwr_apprx_values_save_state;I_layer6_pwr_apprx_values_rec_state;nv_reg6_pwr_apprx_values_poweron_state;nv_reg6_pwr_apprx_values_rec_state;nv_reg6_pwr_apprx_values_save_state;I_layer7_pwr_apprx_values_idle_state;I_layer7_pwr_apprx_compute_state;I_layer7_pwr_apprx_values_save_state;I_layer7_pwr_apprx_values_rec_state;nv_reg7_pwr_apprx_values_poweron_state;nv_reg7_pwr_apprx_values_rec_state;nv_reg7_pwr_apprx_values_save_state;I_layer8_pwr_apprx_values_idle_state;I_layer8_pwr_apprx_compute_state;I_layer8_pwr_apprx_values_save_state;I_layer8_pwr_apprx_values_rec_state;nv_reg8_pwr_apprx_values_poweron_state;nv_reg8_pwr_apprx_values_rec_state;nv_reg8_pwr_apprx_values_save_state;
2600;3 ms;97;48271;0;24;17364;19432;8440;2938;48174;7226;4976;33844;2952;8440;2938;48174;1996;1528;34324;2472;8440;2938;48174;920;604;35284;1512;8440;2938;48174;428;356;35284;1512;8440;2938;48174;488;416;35524;1272;8440;2938;48174;432;360;35764;1032;8440;2938;48174;248;176;36004;792;8440;2938;48174;184;112;
2619;3 ms;97;48271;0;23;17017;18338;9997;2822;48174;7748;5740;32526;2829;9997;2822;48174;1404;936;32986;2369;9997;2822;48174;940;624;33906;1449;9997;2822;48174;448;376;33906;1449;9997;2822;48174;408;336;34136;1219;9997;2822;48174;606;456;34366;989;9997;2822;48174;458;324;34596;759;9997;2822;48174;205;133;
2638;3 ms;97;48271;0;22;16742;17494;11225;2713;48174;8446;6480;31530;2706;11225;2713;48174;1422;752;31970;2266;11225;2713;48174;944;628;32850;1386;11225;2713;48174;708;636;32850;1386;11225;2713;48174;520;448;33070;1166;11225;2713;48174;542;392;33290;946;11225;2713;48174;462;328;33510;726;11225;2713;48174;264;192;
2657;3 ms;97;48271;0;21;16892;17314;11100;2868;48174;6770;5256;31500;2706;11100;2868;48174;2636;1972;31940;2266;11100;2868;48174;1078;768;32820;1386;11100;2868;48174;820;636;32871;1335;11100;2868;48174;732;564;33093;1113;11100;2868;48174;620;476;33303;903;11100;2868;48174;712;584;33513;693;11100;2868;48174;314;248;
2676;3 ms;97;48271;0;21;16607;17284;12312;1971;48174;6300;5508;31308;2583;12312;1971;48174;2034;1572;31728;2163;12312;1971;48174;1078;768;32568;1323;12312;1971;48174;1066;764;32568;1323;12312;1971;48174;1234;768;32778;1113;12312;1971;48174;798;568;32988;903;12312;1971;48174;470;404;33198;693;12312;1971;48174;278;212;
2695;3 ms;97;48271;0;21;16643;16799;12270;2462;48174;7270;6244;30859;2583;12270;2462;48174;1418;552;31279;2163;12270;2462;48174;582;272;32119;1323;12270;2462;48174;812;628;32119;1323;12270;2462;48174;930;664;32329;1113;12270;2462;48174;698;472;32539;903;12270;2462;48174;524;396;32749;693;12270;2462;48174;270;204;
2714;3 ms;97;48271;0;21;17287;16738;12226;1923;48174;6298;5512;31442;2583;12226;1923;48174;602;344;31862;2163;12226;1923;48174;810;628;32702;1323;12226;1923;48174;1410;996;32702;1323;12226;1923;48174;1126;760;32912;1113;12226;1923;48174;768;552;33122;903;12226;1923;48174;580;396;33332;693;12226;1923;48174;228;168;
2733;3 ms;97;48271;0;20;17084;16527;12268;2295;48174;6030;4772;31028;2583;12268;2295;48174;2630;1568;31448;2163;12268;2295;48174;1434;1008;32323;1288;12268;2295;48174;704;644;32351;1260;12268;2295;48174;714;556;32551;1060;12268;2295;48174;1026;884;32751;860;12268;2295;48174;716;656;32951;660;12268;2295;48174;260;200;
2752;3 ms;97;48271;0;19;16663;15740;12978;2793;48174;8702;6960;29943;2460;12978;2793;48174;1410;744;30359;2044;12978;2793;48174;320;260;31206;1197;12978;2793;48174;554;376;31206;1197;12978;2793;48174;606;444;31396;1007;12978;2793;48174;438;300;31586;817;12978;2793;48174;382;260;31776;627;12978;2793;48174;220;160;
2771;3 ms;97;48271;0;19;16591;15572;13130;2881;48174;6806;5052;29826;2337;13130;2881;48174;432;372;30206;1957;13130;2881;48174;714;536;30966;1197;13130;2881;48174;1080;780;30966;1197;13130;2881;48174;746;584;31156;1007;13130;2881;48174;1276;1216;31346;817;13130;2881;48174;1180;1120;31536;627;13130;2881;48174;280;220;
2790;3 ms;97;48271;0;19;16585;14969;13730;2890;48174;7706;5952;29217;2337;13730;2890;48174;988;928;29597;1957;13730;2890;48174;888;592;30357;1197;13730;2890;48174;912;608;30357;1197;13730;2890;48174;172;112;30547;1007;13730;2890;48174;172;112;30737;817;13730;2890;48174;172;112;30927;627;13730;2890;48174;172;112;
2809;3 ms;97;48271;0;18;16416;14843;13988;2927;48174;7933;5968;29045;2214;13988;2927;48174;172;112;29405;1854;13988;2927;48174;530;352;30125;1134;13988;2927;48174;782;600;30125;1134;13988;2927;48174;380;320;30305;954;13988;2927;48174;172;112;30485;774;13988;2927;48174;172;112;30665;594;13988;2927;48174;172;112;
2828;3 ms;97;48271;0;18;16630;14658;13868;3018;48174;6697;4736;29074;2214;13868;3018;48174;360;300;29434;1854;13868;3018;48174;284;224;30154;1134;13868;3018;48174;518;340;30154;1134;13868;3018;48174;670;508;30334;954;13868;3018;48174;408;348;30514;774;13868;3018;48174;224;164;30694;594;13868;3018;48174;160;100;
2847;3 ms;97;48271;0;18;16788;14177;14354;2855;48174;4009;2540;28751;2214;14354;2855;48174;2390;1732;29111;1854;14354;2855;48174;780;476;29831;1134;14354;2855;48174;770;592;29831;1134;14354;2855;48174;682;520;30011;954;14354;2855;48174;572;512;30191;774;14354;2855;48174;484;424;30371;594;14354;2855;48174;192;132;
2866;3 ms;97;48271;0;17;16390;13885;11824;6075;48174;5207;3492;28184;2091;11824;6075;48174;1152;1092;28524;1751;11824;6075;48174;392;332;29204;1071;11824;6075;48174;622;444;29204;1071;11824;6075;48174;756;496;29374;901;11824;6075;48174;310;168;29544;731;11824;6075;48174;144;84;29714;561;11824;6075;48174;144;84;
2885;3 ms;97;48271;0;17;16425;13793;11652;6304;48174;4951;3240;28127;2091;11652;6304;48174;1144;1084;28467;1751;11652;6304;48174;508;448;29147;1071;11652;6304;48174;374;196;29147;1071;11652;6304;48174;342;180;29317;901;11652;6304;48174;136;76;29487;731;11652;6304;48174;314;196;29657;561;11652;6304;48174;206;124;
2904;3 ms;97;48271;0;17;17148;13495;11876;5655;48174;5195;3736;28552;2091;11876;5655;48174;130;76;28892;1751;11876;5655;48174;368;196;29572;1071;11876;5655;48174;614;320;29572;1071;11876;5655;48174;336;180;29742;901;11876;5655;48174;210;156;29912;731;11876;5655;48174;194;140;30082;561;11876;5655;48174;138;84;
2923;3 ms;97;48271;0;17;17187;13525;15524;1938;48174;3979;3008;28621;2091;15524;1938;48174;930;480;28961;1751;15524;1938;48174;626;328;29641;1071;15524;1938;48174;134;80;29641;1071;15524;1938;48174;334;280;29811;901;15524;1938;48174;460;328;29981;731;15524;1938;48174;442;268;30151;561;15524;1938;48174;180;104;
2942;3 ms;97;48271;0;16;17874;13379;12066;4855;48174;3060;2528;29162;2091;12066;4855;48174;1132;688;29502;1751;12066;4855;48174;1110;700;30182;1071;12066;4855;48174;1102;696;30182;1071;12066;4855;48174;752;500;30371;882;12066;4855;48174;300;252;30565;688;12066;4855;48174;320;272;30725;528;12066;4855;48174;184;136;
2961;3 ms;97;48271;0;16;17606;13379;12352;4837;48174;3237;2764;28921;2064;12352;4837;48174;1713;888;29337;1648;12352;4837;48174;1228;696;29977;1008;12352;4837;48174;502;332;29977;1008;12352;4837;48174;232;184;30137;848;12352;4837;48174;454;328;30297;688;12352;4837;48174;442;332;30457;528;12352;4837;48174;180;132;
2980;3 ms;97;48271;0;16;21222;12671;12820;1461;48174;4197;3248;31925;1968;12820;1461;48174;1538;892;32245;1648;12820;1461;48174;624;332;32885;1008;12820;1461;48174;132;84;32885;1008;12820;1461;48174;530;384;33045;848;12820;1461;48174;466;336;33205;688;12820;1461;48174;252;204;33365;528;12820;1461;48174;156;108;
2999;3 ms;97;48271;0;15;20802;12592;13212;1568;48174;4161;2728;31498;1896;13212;1568;48174;1713;1284;31849;1545;13212;1568;48174;594;428;32449;945;13212;1568;48174;722;552;32449;945;13212;1568;48174;320;272;32599;795;13212;1568;48174;112;64;32749;645;13212;1568;48174;112;64;32899;495;13212;1568;48174;112;64;
3018;3 ms;97;48271;0;15;20791;12189;13758;1436;48174;4663;3480;31135;1845;13758;1436;48174;1132;680;31435;1545;13758;1436;48174;602;436;32035;945;13758;1436;48174;728;440;32035;945;13758;1436;48174;326;176;32185;795;13758;1436;48174;120;72;32335;645;13758;1436;48174;120;72;32485;495;13758;1436;48174;120;72;
3037;3 ms;97;48271;0;15;20819;11813;13982;1560;48174;5153;3728;30787;1845;13982;1560;48174;526;276;31087;1545;13982;1560;48174;358;192;31687;945;13982;1560;48174;366;196;31687;945;13982;1560;48174;320;272;31837;795;13982;1560;48174;288;240;31987;645;13982;1560;48174;120;72;32137;495;13982;1560;48174;120;72;
3056;3 ms;97;48271;0;14;20677;11805;14174;1518;48174;4502;3244;30637;1845;14174;1518;48174;320;272;30937;1545;14174;1518;48174;720;436;31537;945;14174;1518;48174;612;320;31575;907;14174;1518;48174;220;172;31740;742;14174;1518;48174;284;236;31880;602;14174;1518;48174;120;72;32020;462;14174;1518;48174;120;72;
3075;3 ms;97;48271;0;14;20573;11805;14244;1552;48174;4254;2996;30533;1845;14244;1552;48174;679;468;30883;1495;14244;1552;48174;724;436;31496;882;14244;1552;48174;116;68;31496;882;14244;1552;48174;116;68;31636;742;14244;1552;48174;116;68;31776;602;14244;1552;48174;236;188;31916;462;14244;1552;48174;164;116;
3094;3 ms;97;48271;0;14;20555;11717;14542;1360;48174;3679;2508;30550;1722;14542;1360;48174;726;476;30830;1442;14542;1360;48174;484;436;31390;882;14542;1360;48174;488;440;31390;882;14542;1360;48174;522;376;31530;742;14542;1360;48174;362;236;31670;602;14542;1360;48174;306;196;31810;462;14542;1360;48174;144;96;
3113;3 ms;97;48271;0;14;20582;11288;14684;1620;48174;4145;2736;30148;1722;14684;1620;48174;1724;1276;30428;1442;14684;1620;48174;606;436;30988;882;14684;1620;48174;232;184;30988;882;14684;1620;48174;216;168;31128;742;14684;1620;48174;192;144;31268;602;14684;1620;48174;176;128;31408;462;14684;1620;48174;112;64;
3132;3 ms;97;48271;0;13;20541;11018;15084;1531;48174;3520;2504;29837;1722;15084;1531;48174;1324;880;30117;1442;15084;1531;48174;732;440;30677;882;15084;1531;48174;484;436;30677;882;15084;1531;48174;626;480;30817;742;15084;1531;48174;370;240;30993;566;15084;1531;48174;180;132;31130;429;15084;1531;48174;144;96;
3151;3 ms;97;48271;0;13;20184;11018;15316;1656;48174;5355;3712;29578;1624;15316;1656;48174;1481;1084;29863;1339;15316;1656;48174;240;192;30383;819;15316;1656;48174;236;188;30383;819;15316;1656;48174;220;172;30513;689;15316;1656;48174;116;68;30643;559;15316;1656;48174;116;68;30773;429;15316;1656;48174;116;68;
3170;3 ms;97;48271;0;13;20192;10782;15544;1656;48174;5855;4212;29375;1599;15544;1656;48174;528;480;29635;1339;15544;1656;48174;120;72;30155;819;15544;1656;48174;120;72;30155;819;15544;1656;48174;120;72;30285;689;15544;1656;48174;120;72;30415;559;15544;1656;48174;120;72;30545;429;15544;1656;48174;128;80;
3189;3 ms;97;48271;0;12;20282;10231;16038;1623;48174;5236;3736;28914;1599;16038;1623;48174;324;276;29174;1339;16038;1623;48174;248;200;29694;819;16038;1623;48174;124;76;29694;819;16038;1623;48174;224;176;29824;689;16038;1623;48174;446;320;29962;551;16038;1623;48174;314;204;30117;396;16038;1623;48174;124;76;
3208;3 ms;97;48271;0;12;19989;10077;16612;1496;48174;5513;4228;28590;1476;16612;1496;48174;934;688;28830;1236;16612;1496;48174;622;452;29310;756;16612;1496;48174;256;208;29310;756;16612;1496;48174;132;84;29430;636;16612;1496;48174;132;84;29550;516;16612;1496;48174;132;84;29670;396;16612;1496;48174;132;84;
3227;3 ms;97;48271;0;12;20016;9947;16819;1392;48174;5265;3984;28487;1476;16819;1392;48174;528;480;28727;1236;16819;1392;48174;376;328;29207;756;16819;1392;48174;248;200;29207;756;16819;1392;48174;430;284;29327;636;16819;1392;48174;294;164;29447;516;16819;1392;48174;128;80;29567;396;16819;1392;48174;128;80;
3246;3 ms;97;48271;0;11;20108;9444;16914;1708;48174;5228;3732;28076;1476;16914;1708;48174;734;484;28316;1236;16914;1708;48174;124;76;28796;756;16914;1708;48174;124;76;28796;756;16914;1708;48174;124;76;28916;636;16914;1708;48174;303;236;29057;495;16914;1708;48174;331;264;29189;363;16914;1708;48174;148;100;
3265;3 ms;97;48271;0;11;20309;9444;16824;1597;48174;5226;3972;28277;1476;16824;1597;48174;734;484;28517;1236;16824;1597;48174;124;76;28997;756;16824;1597;48174;124;76;28997;756;16824;1597;48174;124;76;29117;636;16824;1597;48174;124;76;29237;516;16824;1597;48174;317;196;29366;387;16824;1597;48174;209;124;
3284;3 ms;97;48271;0;11;20159;9444;16954;1617;48174;4746;3488;28127;1476;16954;1617;48174;120;72;28367;1236;16954;1617;48174;120;72;28847;756;16954;1617;48174;371;312;28907;696;16954;1617;48174;339;280;29020;583;16954;1617;48174;358;232;29130;473;16954;1617;48174;310;200;29240;363;16954;1617;48174;120;72;
3303;3 ms;97;48271;0;11;19967;9444;17114;1649;48174;4749;3484;27998;1413;17114;1649;48174;731;676;28278;1133;17114;1649;48174;488;440;28718;693;17114;1649;48174;482;316;28718;693;17114;1649;48174;326;176;28828;583;17114;1649;48174;120;72;28938;473;17114;1649;48174;120;72;29048;363;17114;1649;48174;120;72;


Fixed time simulation end ########################################

