voltage_trace: voltage_traces/voltage_trace2.txt
Fixed time simulation start ######################################
hazard_threshold_val;time;shtdwn_counter;clk_counter;trace_rom_addr;executed_batches;I_layer1_pwr_apprx_values_idle_state;I_layer1_pwr_apprx_compute_state;I_layer1_pwr_apprx_values_save_state;I_layer1_pwr_apprx_values_rec_state;nv_reg1_pwr_apprx_values_poweron_state;nv_reg1_pwr_apprx_values_rec_state;nv_reg1_pwr_apprx_values_save_state;I_layer2_pwr_apprx_values_idle_state;I_layer2_pwr_apprx_compute_state;I_layer2_pwr_apprx_values_save_state;I_layer2_pwr_apprx_values_rec_state;nv_reg2_pwr_apprx_values_poweron_state;nv_reg2_pwr_apprx_values_rec_state;nv_reg2_pwr_apprx_values_save_state;I_layer3_pwr_apprx_values_idle_state;I_layer3_pwr_apprx_compute_state;I_layer3_pwr_apprx_values_save_state;I_layer3_pwr_apprx_values_rec_state;nv_reg3_pwr_apprx_values_poweron_state;nv_reg3_pwr_apprx_values_rec_state;nv_reg3_pwr_apprx_values_save_state;I_layer4_pwr_apprx_values_idle_state;I_layer4_pwr_apprx_compute_state;I_layer4_pwr_apprx_values_save_state;I_layer4_pwr_apprx_values_rec_state;nv_reg4_pwr_apprx_values_poweron_state;nv_reg4_pwr_apprx_values_rec_state;nv_reg4_pwr_apprx_values_save_state;I_layer5_pwr_apprx_values_idle_state;I_layer5_pwr_apprx_compute_state;I_layer5_pwr_apprx_values_save_state;I_layer5_pwr_apprx_values_rec_state;nv_reg5_pwr_apprx_values_poweron_state;nv_reg5_pwr_apprx_values_rec_state;nv_reg5_pwr_apprx_values_save_state;I_layer6_pwr_apprx_values_idle_state;I_layer6_pwr_apprx_compute_state;I_layer6_pwr_apprx_values_save_state;I_layer6_pwr_apprx_values_rec_state;nv_reg6_pwr_apprx_values_poweron_state;nv_reg6_pwr_apprx_values_rec_state;nv_reg6_pwr_apprx_values_save_state;I_layer7_pwr_apprx_values_idle_state;I_layer7_pwr_apprx_compute_state;I_layer7_pwr_apprx_values_save_state;I_layer7_pwr_apprx_values_rec_state;nv_reg7_pwr_apprx_values_poweron_state;nv_reg7_pwr_apprx_values_rec_state;nv_reg7_pwr_apprx_values_save_state;I_layer8_pwr_apprx_values_idle_state;I_layer8_pwr_apprx_compute_state;I_layer8_pwr_apprx_values_save_state;I_layer8_pwr_apprx_values_rec_state;nv_reg8_pwr_apprx_values_poweron_state;nv_reg8_pwr_apprx_values_rec_state;nv_reg8_pwr_apprx_values_save_state;I_layer9_pwr_apprx_values_idle_state;I_layer9_pwr_apprx_compute_state;I_layer9_pwr_apprx_values_save_state;I_layer9_pwr_apprx_values_rec_state;nv_reg9_pwr_apprx_values_poweron_state;nv_reg9_pwr_apprx_values_rec_state;nv_reg9_pwr_apprx_values_save_state;I_layer10_pwr_apprx_values_idle_state;I_layer10_pwr_apprx_compute_state;I_layer10_pwr_apprx_values_save_state;I_layer10_pwr_apprx_values_rec_state;nv_reg10_pwr_apprx_values_poweron_state;nv_reg10_pwr_apprx_values_rec_state;nv_reg10_pwr_apprx_values_save_state;
2650;3 ms;97;48271;0;24;15222;19393;11158;2401;48174;7926;5852;32383;2232;11158;2401;48174;902;830;32983;1632;11158;2401;48174;440;368;33343;1272;11158;2401;48174;450;378;33703;912;11158;2401;48174;424;352;33823;792;11158;2401;48174;340;268;33943;672;11158;2401;48174;320;248;34063;552;11158;2401;48174;270;198;34183;432;11158;2401;48174;296;224;34183;432;11158;2401;48174;285;213;
2680;3 ms;97;48271;0;24;15498;19021;11788;1867;48174;6674;5516;32287;2232;11788;1867;48174;660;594;32887;1632;11788;1867;48174;458;392;33247;1272;11788;1867;48174;752;550;33607;912;11788;1867;48174;994;688;33727;792;11788;1867;48174;778;608;33847;672;11788;1867;48174;514;448;33967;552;11788;1867;48174;356;290;34087;432;11788;1867;48174;322;256;34087;432;11788;1867;48174;292;226;
2710;3 ms;97;48271;0;23;15771;18649;11578;2176;48174;6820;5304;32281;2139;11578;2176;48174;748;688;32856;1564;11578;2176;48174;826;668;33201;1219;11578;2176;48174;654;522;33546;874;11578;2176;48174;468;408;33661;759;11578;2176;48174;378;318;33776;644;11578;2176;48174;264;204;33891;529;11578;2176;48174;250;190;34006;414;11578;2176;48174;254;194;34006;414;11578;2176;48174;220;160;
2740;3 ms;97;48271;0;22;15422;17979;12584;2189;48174;7708;6200;31355;2046;12584;2189;48174;986;534;31905;1496;12584;2189;48174;402;240;32235;1166;12584;2189;48174;196;136;32565;836;12584;2189;48174;196;136;32675;726;12584;2189;48174;196;136;32785;616;12584;2189;48174;196;136;32895;506;12584;2189;48174;196;136;33005;396;12584;2189;48174;196;136;33005;396;12584;2189;48174;196;136;
2770;3 ms;97;48271;0;22;15672;17380;13266;1856;48174;4992;3844;31006;2046;13266;1856;48174;1696;1504;31556;1496;13266;1856;48174;1064;1004;31886;1166;13266;1856;48174;884;756;32216;836;13266;1856;48174;746;624;32326;726;13266;1856;48174;550;442;32436;616;13266;1856;48174;576;436;32546;506;13266;1856;48174;468;376;32656;396;13266;1856;48174;376;316;32656;396;13266;1856;48174;268;208;
2800;3 ms;97;48271;0;21;15488;16881;14046;1759;48174;6244;5100;30416;1953;14046;1759;48174;852;400;30941;1428;14046;1759;48174;502;340;31256;1113;14046;1759;48174;270;210;31571;798;14046;1759;48174;196;136;31676;693;14046;1759;48174;196;136;31781;588;14046;1759;48174;196;136;31886;483;14046;1759;48174;256;196;31991;378;14046;1759;48174;352;264;31991;378;14046;1759;48174;274;192;
2830;3 ms;97;48271;0;20;15444;16111;13880;2739;48174;6206;4516;29695;1860;13880;2739;48174;700;376;30195;1360;13880;2739;48174;268;208;30495;1060;13880;2739;48174;242;182;30795;760;13880;2739;48174;168;108;30895;660;13880;2739;48174;168;108;30995;560;13880;2739;48174;168;108;31095;460;13880;2739;48174;198;138;31195;360;13880;2739;48174;232;172;31195;360;13880;2739;48174;192;132;
2860;3 ms;97;48271;0;19;15212;15648;14840;2474;48174;5276;3764;29093;1767;14840;2474;48174;552;360;29568;1292;14840;2474;48174;152;92;29853;1007;14840;2474;48174;152;92;30138;722;14840;2474;48174;152;92;30233;627;14840;2474;48174;152;92;30328;532;14840;2474;48174;192;132;30423;437;14840;2474;48174;274;186;30518;342;14840;2474;48174;252;160;30518;342;14840;2474;48174;152;92;
2890;3 ms;97;48271;0;19;15962;15434;15004;1774;48174;4002;2856;29629;1767;15004;1774;48174;150;96;30104;1292;15004;1774;48174;150;96;30389;1007;15004;1774;48174;290;236;30674;722;15004;1774;48174;456;344;30769;627;15004;1774;48174;508;354;30864;532;15004;1774;48174;364;268;30959;437;15004;1774;48174;184;130;31054;342;15004;1774;48174;150;96;31054;342;15004;1774;48174;158;104;
2920;3 ms;97;48271;0;18;15879;14953;11926;5416;48174;4362;3216;29065;1767;11926;5416;48174;538;356;29547;1285;11926;5416;48174;552;396;29878;954;11926;5416;48174;502;380;30148;684;11926;5416;48174;396;280;30238;594;11926;5416;48174;200;146;30328;504;11926;5416;48174;146;92;30418;414;11926;5416;48174;146;92;30508;324;11926;5416;48174;146;92;30508;324;11926;5416;48174;146;92;
2950;3 ms;97;48271;0;18;16516;14800;12082;4776;48174;4352;3212;29642;1674;12082;4776;48174;270;222;30092;1224;12082;4776;48174;434;288;30362;954;12082;4776;48174;356;236;30632;684;12082;4776;48174;136;88;30722;594;12082;4776;48174;186;138;30812;504;12082;4776;48174;220;172;30902;414;12082;4776;48174;170;122;30992;324;12082;4776;48174;136;88;30992;324;12082;4776;48174;137;89;
2980;3 ms;97;48271;0;18;20248;14273;12514;1139;48174;3611;2656;32847;1674;12514;1139;48174;258;210;33297;1224;12514;1139;48174;430;284;33567;954;12514;1139;48174;344;224;33837;684;12514;1139;48174;252;204;33927;594;12514;1139;48174;280;184;34017;504;12514;1139;48174;254;164;34107;414;12514;1139;48174;162;114;34197;324;12514;1139;48174;128;80;34197;324;12514;1139;48174;128;80;
3010;3 ms;97;48271;0;17;19912;13650;13462;1150;48174;3787;2836;31981;1581;13462;1150;48174;520;344;32406;1156;13462;1150;48174;334;184;32661;901;13462;1150;48174;128;80;32916;646;13462;1150;48174;366;260;33001;561;13462;1150;48174;392;292;33086;476;13462;1150;48174;172;124;33171;391;13462;1150;48174;128;80;33256;306;13462;1150;48174;128;80;33256;306;13462;1150;48174;128;80;
3040;3 ms;97;48271;0;17;19954;13468;13640;1112;48174;3407;2464;31841;1581;13640;1112;48174;778;470;32266;1156;13640;1112;48174;434;284;32521;901;13640;1112;48174;124;76;32776;646;13640;1112;48174;124;76;32861;561;13640;1112;48174;124;76;32946;476;13640;1112;48174;124;76;33031;391;13640;1112;48174;214;166;33116;306;13640;1112;48174;284;208;33116;306;13640;1112;48174;170;100;
3070;3 ms;97;48271;0;16;19963;13379;14012;820;48174;2700;2288;31761;1581;14012;820;48174;386;210;32186;1156;14012;820;48174;334;184;32441;901;14012;820;48174;198;150;32696;646;14012;820;48174;488;324;32781;561;14012;820;48174;492;292;32866;476;14012;820;48174;214;124;32951;391;14012;820;48174;128;80;33042;300;14012;820;48174;158;110;33054;288;14012;820;48174;136;88;
3100;3 ms;97;48271;0;16;19806;12754;14356;1258;48174;3029;1912;31072;1488;14356;1258;48174;776;600;31472;1088;14356;1258;48174;538;388;31712;848;14356;1258;48174;194;146;31952;608;14356;1258;48174;248;200;32032;528;14356;1258;48174;228;180;32112;448;14356;1258;48174;208;160;32192;368;14356;1258;48174;188;140;32272;288;14356;1258;48174;188;140;32272;288;14356;1258;48174;148;100;
3130;3 ms;97;48271;0;15;19527;12592;14916;1139;48174;3743;2816;30671;1448;14916;1139;48174;908;600;31099;1020;14916;1139;48174;322;172;31324;795;14916;1139;48174;254;138;31549;570;14916;1139;48174;242;132;31624;495;14916;1139;48174;116;68;31699;420;14916;1139;48174;116;68;31774;345;14916;1139;48174;116;68;31849;270;14916;1139;48174;116;68;31849;270;14916;1139;48174;116;68;
3160;3 ms;97;48271;0;15;19524;11874;15484;1292;48174;4471;3192;30003;1395;15484;1292;48174;652;340;30378;1020;15484;1292;48174;120;72;30603;795;15484;1292;48174;190;142;30828;570;15484;1292;48174;184;136;30903;495;15484;1292;48174;120;72;30978;420;15484;1292;48174;120;72;31053;345;15484;1292;48174;120;72;31128;270;15484;1292;48174;120;72;31128;270;15484;1292;48174;120;72;
3190;3 ms;97;48271;0;14;19416;11789;15860;1109;48174;4013;3028;29903;1302;15860;1109;48174;132;84;30253;952;15860;1109;48174;132;84;30463;742;15860;1109;48174;132;84;30673;532;15860;1109;48174;250;144;30743;462;15860;1109;48174;288;188;30813;392;15860;1109;48174;216;168;30883;322;15860;1109;48174;196;148;30953;252;15860;1109;48174;166;118;30953;252;15860;1109;48174;140;92;
3220;3 ms;97;48271;0;14;19478;11078;16550;1068;48174;3459;2660;29254;1302;16550;1068;48174;796;620;29604;952;16550;1068;48174;550;400;29814;742;16550;1068;48174;492;376;30024;532;16550;1068;48174;394;284;30094;462;16550;1068;48174;140;92;30164;392;16550;1068;48174;180;132;30234;322;16550;1068;48174;204;156;30304;252;16550;1068;48174;204;156;30304;252;16550;1068;48174;164;116;
3250;3 ms;97;48271;0;13;19300;11018;16606;1250;48174;3613;2640;29053;1265;16606;1250;48174;935;608;29434;884;16606;1250;48174;430;280;29629;689;16606;1250;48174;198;150;29824;494;16606;1250;48174;124;76;29889;429;16606;1250;48174;224;176;29954;364;16606;1250;48174;168;120;30019;299;16606;1250;48174;124;76;30084;234;16606;1250;48174;124;76;30084;234;16606;1250;48174;134;86;
3280;3 ms;97;48271;0;13;19434;10673;16990;1077;48174;3421;2456;28898;1209;16990;1077;48174;918;738;29223;884;16990;1077;48174;530;384;29418;689;16990;1077;48174;480;360;29613;494;16990;1077;48174;316;268;29678;429;16990;1077;48174;124;76;29743;364;16990;1077;48174;124;76;29808;299;16990;1077;48174;124;76;29873;234;16990;1077;48174;124;76;29873;234;16990;1077;48174;124;76;
3310;3 ms;97;48271;0;13;19490;10309;17198;1177;48174;4163;3016;28590;1209;17198;1177;48174;534;486;28915;884;17198;1177;48174;132;84;29110;689;17198;1177;48174;132;84;29305;494;17198;1177;48174;252;204;29370;429;17198;1177;48174;340;292;29435;364;17198;1177;48174;220;172;29500;299;17198;1177;48174;132;84;29565;234;17198;1177;48174;162;114;29565;234;17198;1177;48174;156;108;
3340;3 ms;97;48271;0;12;19276;9494;18410;994;48174;4717;3764;27654;1116;18410;994;48174;401;222;27954;816;18410;994;48174;235;188;28134;636;18410;994;48174;209;162;28314;456;18410;994;48174;135;88;28374;396;18410;994;48174;135;88;28434;336;18410;994;48174;135;88;28494;276;18410;994;48174;135;88;28554;216;18410;994;48174;193;118;28554;216;18410;994;48174;181;112;
3370;3 ms;97;48271;0;11;19217;9283;17226;2448;48174;4154;3020;27477;1023;17226;2448;48174;524;482;27752;748;17226;2448;48174;330;288;27917;583;17226;2448;48174;270;228;28082;418;17226;2448;48174;190;148;28137;363;17226;2448;48174;126;84;28192;308;17226;2448;48174;126;84;28247;253;17226;2448;48174;156;114;28302;198;17226;2448;48174;160;118;28302;198;17226;2448;48174;134;92;
3400;3 ms;97;48271;0;11;19270;8844;17628;2432;48174;3966;2836;27091;1023;17628;2432;48174;656;482;27366;748;17628;2432;48174;330;288;27531;583;17628;2432;48174;200;158;27696;418;17628;2432;48174;186;144;27751;363;17628;2432;48174;280;238;27806;308;17628;2432;48174;214;172;27861;253;17628;2432;48174;156;114;27916;198;17628;2432;48174;160;118;27916;198;17628;2432;48174;126;84;
3430;3 ms;97;48271;0;11;19330;8658;17888;2298;48174;3246;2476;26965;1023;17888;2298;48174;516;474;27240;748;17888;2298;48174;438;396;27405;583;17888;2298;48174;264;154;27570;418;17888;2298;48174;252;148;27625;363;17888;2298;48174;324;234;27680;308;17888;2298;48174;300;216;27735;253;17888;2298;48174;126;84;27790;198;17888;2298;48174;156;114;27790;198;17888;2298;48174;150;108;
3460;3 ms;97;48271;0;10;18988;8648;18202;2336;48174;3604;2652;26706;930;18202;2336;48174;646;604;26956;680;18202;2336;48174;732;592;27106;530;18202;2336;48174;412;298;27256;380;18202;2336;48174;186;144;27306;330;18202;2336;48174;122;80;27356;280;18202;2336;48174;122;80;27406;230;18202;2336;48174;122;80;27456;180;18202;2336;48174;122;80;27456;180;18202;2336;48174;122;80;
3490;3 ms;97;48271;0;10;19042;8352;18426;2354;48174;3784;2832;26464;930;18426;2354;48174;640;470;26714;680;18426;2354;48174;428;284;26864;530;18426;2354;48174;118;76;27014;380;18426;2354;48174;118;76;27064;330;18426;2354;48174;118;76;27114;280;18426;2354;48174;118;76;27164;230;18426;2354;48174;178;136;27214;180;18426;2354;48174;186;144;27214;180;18426;2354;48174;118;76;
3520;3 ms;97;48271;0;10;19617;7893;18710;1954;48174;3422;2652;26580;930;18710;1954;48174;644;474;26830;680;18710;1954;48174;532;388;26980;530;18710;1954;48174;196;154;27130;380;18710;1954;48174;122;80;27180;330;18710;1954;48174;172;130;27230;280;18710;1954;48174;166;124;27280;230;18710;1954;48174;122;80;27330;180;18710;1954;48174;180;110;27330;180;18710;1954;48174;168;104;
3550;3 ms;97;48271;0;9;20385;7587;19244;958;48174;4334;3388;27135;837;19244;958;48174;250;214;27360;612;19244;958;48174;216;180;27495;477;19244;958;48174;190;154;27630;342;19244;958;48174;176;140;27675;297;19244;958;48174;170;134;27720;252;19244;958;48174;116;80;27765;207;19244;958;48174;116;80;27810;162;19244;958;48174;116;80;27810;162;19244;958;48174;116;80;
3580;3 ms;97;48271;0;9;20429;7342;18736;1667;48174;3786;2840;26934;837;18736;1667;48174;246;210;27159;612;18736;1667;48174;220;184;27294;477;18736;1667;48174;186;150;27429;342;18736;1667;48174;180;144;27474;297;18736;1667;48174;116;80;27519;252;18736;1667;48174;196;160;27564;207;18736;1667;48174;184;148;27609;162;18736;1667;48174;146;110;27609;162;18736;1667;48174;140;104;
3610;3 ms;97;48271;0;8;20463;7083;19928;700;48174;3054;2472;26709;837;19928;700;48174;376;340;26993;553;19928;700;48174;324;288;27122;424;19928;700;48174;254;150;27242;304;19928;700;48174;362;264;27282;264;19928;700;48174;274;238;27322;224;19928;700;48174;238;164;27362;184;19928;700;48174;182;114;27402;144;19928;700;48174;116;80;27402;144;19928;700;48174;116;80;
3640;3 ms;97;48271;0;8;20397;6615;19062;2100;48174;4150;3204;26268;744;19062;2100;48174;250;214;26468;544;19062;2100;48174;316;280;26588;424;19062;2100;48174;264;228;26708;304;19062;2100;48174;116;80;26748;264;19062;2100;48174;116;80;26788;224;19062;2100;48174;116;80;26828;184;19062;2100;48174;146;110;26868;144;19062;2100;48174;150;114;26868;144;19062;2100;48174;116;80;
3670;3 ms;97;48271;0;7;20470;6296;16494;4914;48174;3410;2464;26022;744;16494;4914;48174;238;202;26222;544;16494;4914;48174;412;376;26342;424;16494;4914;48174;256;220;26462;304;16494;4914;48174;228;192;26514;252;16494;4914;48174;216;180;26570;196;16494;4914;48174;108;72;26605;161;16494;4914;48174;108;72;26640;126;16494;4914;48174;108;72;26640;126;16494;4914;48174;108;72;

Fixed time simulation end ########################################

