voltage_trace: voltage_traces/voltage_trace3.txt
Fixed time simulation start ######################################
hazard_threshold_val;time;shtdwn_counter;clk_counter;trace_rom_addr;executed_batches;I_layer1_pwr_apprx_values_idle_state;I_layer1_pwr_apprx_compute_state;I_layer1_pwr_apprx_values_save_state;I_layer1_pwr_apprx_values_rec_state;nv_reg1_pwr_apprx_values_poweron_state;nv_reg1_pwr_apprx_values_rec_state;nv_reg1_pwr_apprx_values_save_state;I_layer2_pwr_apprx_values_idle_state;I_layer2_pwr_apprx_compute_state;I_layer2_pwr_apprx_values_save_state;I_layer2_pwr_apprx_values_rec_state;nv_reg2_pwr_apprx_values_poweron_state;nv_reg2_pwr_apprx_values_rec_state;nv_reg2_pwr_apprx_values_save_state;I_layer3_pwr_apprx_values_idle_state;I_layer3_pwr_apprx_compute_state;I_layer3_pwr_apprx_values_save_state;I_layer3_pwr_apprx_values_rec_state;nv_reg3_pwr_apprx_values_poweron_state;nv_reg3_pwr_apprx_values_rec_state;nv_reg3_pwr_apprx_values_save_state;I_layer4_pwr_apprx_values_idle_state;I_layer4_pwr_apprx_compute_state;I_layer4_pwr_apprx_values_save_state;I_layer4_pwr_apprx_values_rec_state;nv_reg4_pwr_apprx_values_poweron_state;nv_reg4_pwr_apprx_values_rec_state;nv_reg4_pwr_apprx_values_save_state;
2500;3 ms;191;65507;4585;20;15036;15990;32128;2162;65316;28960;26968;30366;660;32128;2162;65316;3284;2986;30466;560;32128;2162;65316;2610;2324;30666;360;32128;2162;65316;2147;1905;
2505;3 ms;191;65507;4585;19;15852;15504;31790;2170;65316;28790;26684;30729;627;31790;2170;65316;3354;3058;30824;532;31790;2170;65316;2402;2210;31014;342;31790;2170;65316;1965;1773;
2510;3 ms;191;65507;4585;19;16877;15051;31224;2164;65316;27500;25448;31301;627;31224;2164;65316;3292;3052;31396;532;31224;2164;65316;2452;2228;31586;342;31224;2164;65316;1952;1760;
2515;3 ms;191;65507;4585;18;16919;14599;31624;2174;65316;26970;24860;30924;594;31624;2174;65316;3322;3078;31014;504;31624;2174;65316;2408;2216;31194;324;31624;2174;65316;1964;1772;
2520;3 ms;191;65507;4585;18;18087;14217;31012;2000;65316;25948;24036;31710;594;31012;2000;65316;2822;2590;31800;504;31012;2000;65316;2152;1944;31980;324;31012;2000;65316;1814;1612;
2525;3 ms;191;65507;4585;18;18426;13452;31692;1746;65316;25870;24224;31317;561;31692;1746;65316;2742;2528;31402;476;31692;1746;65316;2040;1850;31572;306;31692;1746;65316;1735;1533;
2530;3 ms;191;65507;4585;16;19008;13268;31378;1662;65316;24188;22608;31747;529;31378;1662;65316;2548;2282;31828;448;31378;1662;65316;2038;1848;31988;288;31378;1662;65316;1742;1558;
2535;3 ms;191;65507;4585;16;19694;12952;30920;1750;65316;23326;21628;32118;528;30920;1750;65316;2956;2696;32198;448;30920;1750;65316;1956;1800;32358;288;30920;1750;65316;1582;1426;
2540;3 ms;191;65507;4585;15;20268;12592;30698;1758;65316;22978;21272;32358;502;30698;1758;65316;2342;2186;32440;420;30698;1758;65316;1704;1548;32590;270;30698;1758;65316;1516;1360;
2545;3 ms;191;65507;4585;15;21141;12029;30392;1754;65316;22374;20672;32675;495;30392;1754;65316;2254;2046;32750;420;30392;1754;65316;1672;1516;32900;270;30392;1754;65316;1468;1312;
2550;3 ms;191;65507;4585;14;21479;11739;30344;1754;65316;21382;19680;32756;462;30344;1754;65316;2364;2156;32826;392;30344;1754;65316;1832;1676;32966;252;30344;1754;65316;1496;1340;
2555;3 ms;191;65507;4585;14;22021;11453;30170;1672;65316;20368;18852;33012;462;30170;1672;65316;2314;2058;33082;392;30170;1672;65316;1770;1526;33222;252;30170;1672;65316;1464;1264;
2560;3 ms;191;65507;4585;13;22646;10912;30000;1758;65316;20354;18648;33129;429;30000;1758;65316;1758;1602;33194;364;30000;1758;65316;1514;1358;33324;234;30000;1758;65316;1360;1204;
2565;3 ms;191;65507;4585;13;23000;10386;30276;1654;65316;19424;17848;32957;429;30276;1654;65316;2202;2052;33022;364;30276;1654;65316;1720;1542;33152;234;30276;1654;65316;1392;1220;
2570;3 ms;191;65507;4585;12;23640;9950;30198;1528;65316;18732;17348;33194;396;30198;1528;65316;2314;2074;33254;336;30198;1528;65316;1612;1404;33374;216;30198;1528;65316;1292;1148;
2575;3 ms;191;65507;4585;13;24248;9444;30226;1398;65316;17440;16200;33296;396;30226;1398;65316;2176;1844;33356;336;30226;1398;65316;1532;1336;33476;216;30226;1398;65316;1238;1088;
2580;3 ms;191;65507;4585;11;24951;9359;29528;1478;65316;16686;15252;33947;363;29528;1478;65316;1588;1456;34002;308;29528;1478;65316;1298;1166;34112;198;29528;1478;65316;1126;994;
2585;3 ms;191;65507;4585;11;25385;9003;29450;1478;65316;15722;14288;34025;363;29450;1478;65316;1586;1454;34080;308;29450;1478;65316;1204;1072;34190;198;29450;1478;65316;1066;934;
2590;3 ms;191;65507;4585;13;25484;8446;30040;1346;65316;15148;13900;33600;330;30040;1346;65316;1516;1384;33650;280;30040;1346;65316;1286;1154;33750;180;30040;1346;65316;1146;960;
2595;3 ms;191;65507;4585;10;25825;8177;29988;1326;65316;14190;13012;33672;330;29988;1326;65316;1886;1602;33722;280;29988;1326;65316;1428;1208;33821;181;29988;1326;65316;1102;926;
2600;3 ms;191;65507;4585;9;26008;7786;30146;1376;65316;13916;12668;33497;297;30146;1376;65316;1544;1412;33542;252;30146;1376;65316;1298;1082;33631;163;30146;1376;65316;1058;860;
2605;3 ms;191;65507;4585;9;27124;7548;29314;1330;65316;12738;11448;34374;298;29314;1330;65316;1676;1452;34420;252;29314;1330;65316;1202;1082;34510;162;29314;1330;65316;916;796;
2610;3 ms;191;65507;4585;8;27529;7035;29624;1128;65316;12654;11560;34300;264;29624;1128;65316;1226;1124;34340;224;29624;1128;65316;938;836;34420;144;29624;1128;65316;840;738;
2615;3 ms;191;65507;4585;8;27682;6747;29759;1128;65316;12126;11032;34165;264;29759;1128;65316;1256;1154;34205;224;29759;1128;65316;952;850;34285;144;29759;1128;65316;811;709;
2620;3 ms;191;65507;4585;7;28058;6086;30126;1046;65316;11520;10612;33913;231;30126;1046;65316;1160;1010;33948;196;30126;1046;65316;966;776;34017;127;30126;1046;65316;814;668;
2625;3 ms;191;65507;4585;7;28450;5708;30100;1058;65316;11570;10544;33927;231;30100;1058;65316;1102;1006;33962;196;30100;1058;65316;898;802;34032;126;30100;1058;65316;784;688;
2630;3 ms;191;65507;4585;6;28661;5511;30100;1044;65316;10836;9872;33941;231;30100;1044;65316;1558;1414;33988;184;30100;1044;65316;1080;952;34064;108;30100;1044;65316;829;733;
2635;3 ms;191;65507;4585;6;29775;5089;29468;984;65316;11022;10068;34666;198;29468;984;65316;1012;870;34696;168;29468;984;65316;796;706;34756;108;29468;984;65316;722;632;
2640;3 ms;191;65507;4585;5;30681;4723;29008;904;65316;10624;9796;35206;198;29008;904;65316;1036;904;35258;146;29008;904;65316;840;724;35314;90;29008;904;65316;700;616;
2645;3 ms;191;65507;4585;5;33164;3948;27434;770;65316;10078;9332;36946;166;27434;770;65316;1226;1050;36972;140;27434;770;65316;856;784;37022;90;27434;770;65316;696;624;
2650;3 ms;191;65507;4585;4;33181;3821;27554;760;65316;9936;9248;36870;132;27554;760;65316;1052;880;36890;112;27554;760;65316;796;692;36930;72;27554;760;65316;684;612;
2655;3 ms;191;65507;4585;4;34315;3539;26824;638;65316;9320;8704;37721;133;26824;638;65316;1288;1118;37742;112;26824;638;65316;802;736;37782;72;26824;638;65316;662;596;
2660;3 ms;191;65507;4585;4;37072;3490;24190;564;65316;9186;8640;40430;132;24190;564;65316;892;786;40450;112;24190;564;65316;706;652;40490;72;24190;564;65316;626;572;
2665;3 ms;191;65507;4585;4;37051;3393;24304;568;65316;8782;8232;40312;132;24304;568;65316;816;762;40332;112;24304;568;65316;622;568;40372;72;24304;568;65316;562;508;
2670;3 ms;191;65507;4585;4;37129;3311;24308;568;65316;8298;7748;40308;132;24308;568;65316;838;784;40328;112;24308;568;65316;590;536;40368;72;24308;568;65316;522;468;
2675;3 ms;191;65507;4585;3;37495;3043;24210;568;65316;7898;7348;40439;99;24210;568;65316;598;544;40454;84;24210;568;65316;558;504;40484;54;24210;568;65316;518;464;
2680;3 ms;191;65507;4585;3;37643;2957;24148;568;65316;7022;6472;40501;99;24148;568;65316;604;550;40516;84;24148;568;65316;548;494;40546;54;24148;568;65316;482;428;
2685;3 ms;191;65507;4585;3;37727;2915;24106;568;65316;6450;5900;40543;99;24106;568;65316;842;788;40558;84;24106;568;65316;478;424;40588;54;24106;568;65316;438;384;
2690;3 ms;191;65507;4585;3;39555;2865;22328;568;65316;6058;5508;42321;99;22328;568;65316;544;490;42336;84;22328;568;65316;450;396;42366;54;22328;568;65316;410;356;
2695;3 ms;191;65507;4585;3;40716;2856;21246;498;65316;5858;5376;43473;99;21246;498;65316;584;536;43488;84;21246;498;65316;444;396;43518;54;21246;498;65316;377;329;
2700;3 ms;191;65507;4585;3;40722;2776;21320;498;65316;5858;5376;43399;99;21320;498;65316;476;428;43414;84;21320;498;65316;436;388;43444;54;21320;498;65316;396;348;
2705;3 ms;191;65507;4585;3;41471;2783;20702;360;65316;5406;5116;44155;99;20702;360;65316;516;474;44170;84;20702;360;65316;546;448;44199;55;20702;360;65316;454;368;
2710;3 ms;191;65507;4585;3;42383;2743;19846;344;65316;5252;4968;45027;99;19846;344;65316;704;620;45042;84;19846;344;65316;478;410;45072;54;19846;344;65316;344;308;
2715;3 ms;191;65507;4585;3;42385;2737;19836;358;65316;5378;5032;45023;99;19836;358;65316;498;462;45038;84;19836;358;65316;374;338;45068;54;19836;358;65316;348;312;
2720;3 ms;191;65507;4585;3;42572;2656;19730;358;65316;5174;4828;45129;99;19730;358;65316;486;450;45144;84;19730;358;65316;392;356;45174;54;19730;358;65316;352;316;
2725;3 ms;191;65507;4585;3;42653;2579;19760;324;65316;4712;4428;45133;99;19760;324;65316;470;434;45148;84;19760;324;65316;464;400;45178;54;19760;324;65316;382;324;
2730;3 ms;191;65507;4585;3;42741;2559;19672;344;65316;4580;4296;45201;99;19672;344;65316;614;530;45216;84;19672;344;65316;472;404;45246;54;19672;344;65316;332;296;
2735;3 ms;191;65507;4585;3;42741;2521;19696;358;65316;4570;4224;45163;99;19696;358;65316;458;422;45178;84;19696;358;65316;364;328;45208;54;19696;358;65316;324;288;
2740;3 ms;191;65507;4585;3;43698;2498;18832;288;65316;4430;4152;46097;99;18832;288;65316;444;414;46112;84;18832;288;65316;320;290;46142;54;18832;288;65316;294;264;
2745;3 ms;191;65507;4585;3;43970;2448;18610;288;65316;4158;3880;46319;99;18610;288;65316;428;398;46334;84;18610;288;65316;304;274;46364;54;18610;288;65316;278;248;
2750;3 ms;191;65507;4585;3;43983;2415;18630;288;65316;4230;3952;46299;99;18630;288;65316;378;348;46314;84;18630;288;65316;368;338;46344;54;18630;288;65316;322;292;
2755;3 ms;191;65507;4585;3;43977;2367;18684;288;65316;4026;3748;46245;99;18684;288;65316;366;336;46260;84;18684;288;65316;356;326;46290;54;18684;288;65316;310;280;
2760;3 ms;191;65507;4585;2;44089;2361;18578;288;65316;4078;3800;46371;79;18578;288;65316;420;390;46394;56;18578;288;65316;288;258;46414;36;18578;288;65316;282;252;
2765;3 ms;191;65507;4585;2;44074;2346;18608;288;65316;4022;3744;46354;66;18608;288;65316;254;224;46364;56;18608;288;65316;284;254;46384;36;18608;288;65316;278;248;
2770;3 ms;191;65507;4585;2;44152;2290;18586;288;65316;3546;3268;46376;66;18586;288;65316;226;196;46386;56;18586;288;65316;256;226;46406;36;18586;288;65316;250;220;
2775;3 ms;191;65507;4585;2;44334;2244;18450;288;65316;3478;3200;46512;66;18450;288;65316;222;192;46522;56;18450;288;65316;252;222;46542;36;18450;288;65316;246;216;
2780;3 ms;191;65507;4585;2;44332;2216;18480;288;65316;3410;3132;46482;66;18480;288;65316;218;188;46492;56;18480;288;65316;248;218;46512;36;18480;288;65316;242;212;
2785;3 ms;191;65507;4585;2;44513;2183;18332;288;65316;3278;3000;46630;66;18332;288;65316;214;184;46640;56;18332;288;65316;244;214;46660;36;18332;288;65316;214;184;
2790;3 ms;191;65507;4585;2;44603;2135;18290;288;65316;3210;2932;46672;66;18290;288;65316;260;230;46682;56;18290;288;65316;244;214;46702;36;18290;288;65316;218;188;
2795;3 ms;191;65507;4585;2;44787;1951;18290;288;65316;3074;2796;46672;66;18290;288;65316;368;338;46682;56;18290;288;65316;304;274;46702;36;18290;288;65316;242;212;
2800;3 ms;191;65507;4585;2;45054;1868;18140;254;65316;2612;2396;46856;66;18140;254;65316;344;314;46866;56;18140;254;65316;346;288;46886;36;18140;254;65316;261;209;
2805;3 ms;191;65507;4585;2;45052;1826;18164;274;65316;2480;2264;46812;66;18164;274;65316;488;410;46822;56;18164;274;65316;350;288;46842;36;18164;274;65316;218;188;
2810;3 ms;191;65507;4585;2;45148;1758;18136;274;65316;2344;2128;46840;66;18136;274;65316;538;460;46850;56;18136;274;65316;410;348;46870;36;18136;274;65316;230;200;
2815;3 ms;191;65507;4585;1;45288;1574;18174;280;65316;2106;1836;46796;66;18174;280;65316;848;714;46806;56;18174;280;65316;362;332;46833;29;18174;280;65316;224;194;
2820;3 ms;191;65507;4585;1;45505;1565;17992;254;65316;2120;1904;47037;33;17992;254;65316;416;386;47042;28;17992;254;65316;280;222;47052;18;17992;254;65316;200;148;
2825;3 ms;191;65507;4585;1;45592;1500;17950;274;65316;1980;1764;47059;33;17950;274;65316;344;266;47064;28;17950;274;65316;204;142;47074;18;17950;274;65316;138;108;
2830;3 ms;191;65507;4585;1;45858;1432;17738;288;65316;1910;1632;47257;33;17738;288;65316;126;96;47262;28;17738;288;65316;126;96;47272;18;17738;288;65316;126;96;
2835;3 ms;191;65507;4585;1;45944;1372;17712;288;65316;1706;1428;47283;33;17712;288;65316;114;84;47288;28;17712;288;65316;114;84;47298;18;17712;288;65316;114;84;
2840;3 ms;191;65507;4585;1;45948;1212;17868;288;65316;1842;1564;47127;33;17868;288;65316;122;92;47132;28;17868;288;65316;122;92;47142;18;17868;288;65316;122;92;
2845;3 ms;191;65507;4585;1;46361;1099;17568;288;65316;1502;1224;47427;33;17568;288;65316;102;72;47432;28;17568;288;65316;102;72;47442;18;17568;288;65316;102;72;
2850;3 ms;191;65507;4585;1;46533;1063;17432;288;65316;1094;816;47563;33;17432;288;65316;78;48;47568;28;17432;288;65316;78;48;47578;18;17432;288;65316;78;48;
2855;3 ms;191;65507;4585;1;56767;1049;7352;148;65316;822;680;57783;33;7352;148;65316;58;40;57788;28;7352;148;65316;58;40;57798;18;7352;148;65316;58;40;
2860;3 ms;191;65507;4585;1;56869;881;7418;148;65316;890;748;57717;33;7418;148;65316;62;44;57722;28;7418;148;65316;62;44;57732;18;7418;148;65316;62;44;
2865;3 ms;191;65507;4585;1;60226;876;4136;78;65316;754;680;61069;33;4136;78;65316;52;40;61074;28;4136;78;65316;52;40;61084;18;4136;78;65316;52;40;
2870;3 ms;191;65507;4585;1;60226;876;4136;78;65316;754;680;61069;33;4136;78;65316;52;40;61074;28;4136;78;65316;52;40;61084;18;4136;78;65316;52;40;
2875;3 ms;191;65507;4585;1;60226;868;4144;78;65316;754;680;61061;33;4144;78;65316;52;40;61066;28;4144;78;65316;52;40;61076;18;4144;78;65316;52;40;
2880;3 ms;191;65507;4585;1;60226;868;4144;78;65316;754;680;61061;33;4144;78;65316;52;40;61066;28;4144;78;65316;52;40;61076;18;4144;78;65316;52;40;
2885;3 ms;191;65507;4585;0;60171;787;4280;78;65316;878;804;60927;31;4280;78;65316;168;156;60958;0;4280;78;65316;60;48;60958;0;4280;78;65316;60;48;
2890;3 ms;191;65507;4585;0;60159;787;4292;78;65316;882;808;60926;20;4292;78;65316;168;156;60946;0;4292;78;65316;60;48;60946;0;4292;78;65316;60;48;
2895;3 ms;191;65507;4585;0;60159;787;4292;78;65316;882;808;60926;20;4292;78;65316;168;156;60946;0;4292;78;65316;60;48;60946;0;4292;78;65316;60;48;
2900;3 ms;191;65507;4585;0;60147;787;4304;78;65316;886;812;60934;0;4304;78;65316;60;48;60934;0;4304;78;65316;60;48;60934;0;4304;78;65316;60;48;
2905;3 ms;191;65507;4585;0;60147;787;4304;78;65316;886;812;60934;0;4304;78;65316;60;48;60934;0;4304;78;65316;60;48;60934;0;4304;78;65316;60;48;
2910;3 ms;191;65507;4585;0;60151;631;4456;78;65316;1026;952;60782;0;4456;78;65316;68;56;60782;0;4456;78;65316;68;56;60782;0;4456;78;65316;68;56;
2915;3 ms;191;65507;4585;0;60151;631;4456;78;65316;1026;952;60782;0;4456;78;65316;68;56;60782;0;4456;78;65316;68;56;60782;0;4456;78;65316;68;56;
2920;3 ms;191;65507;4585;0;60151;631;4456;78;65316;1026;952;60782;0;4456;78;65316;68;56;60782;0;4456;78;65316;68;56;60782;0;4456;78;65316;68;56;
2925;3 ms;191;65507;4585;0;60159;615;4464;78;65316;1026;952;60774;0;4464;78;65316;68;56;60774;0;4464;78;65316;68;56;60774;0;4464;78;65316;68;56;
2930;3 ms;191;65507;4585;0;60159;615;4464;78;65316;1026;952;60774;0;4464;78;65316;68;56;60774;0;4464;78;65316;68;56;60774;0;4464;78;65316;68;56;
2935;3 ms;191;65507;4585;0;60159;615;4464;78;65316;1026;952;60774;0;4464;78;65316;68;56;60774;0;4464;78;65316;68;56;60774;0;4464;78;65316;68;56;
2940;3 ms;191;65507;4585;0;60159;607;4472;78;65316;1026;952;60766;0;4472;78;65316;68;56;60766;0;4472;78;65316;68;56;60766;0;4472;78;65316;68;56;
2945;3 ms;191;65507;4585;0;60163;459;4616;78;65316;1162;1088;60622;0;4616;78;65316;76;64;60622;0;4616;78;65316;76;64;60622;0;4616;78;65316;76;64;
2950;3 ms;191;65507;4585;0;60163;459;4616;78;65316;1162;1088;60622;0;4616;78;65316;76;64;60622;0;4616;78;65316;76;64;60622;0;4616;78;65316;76;64;
2955;3 ms;191;65507;4585;0;60163;451;4624;78;65316;1162;1088;60614;0;4624;78;65316;76;64;60614;0;4624;78;65316;76;64;60614;0;4624;78;65316;76;64;
2960;3 ms;191;65507;4585;0;60171;443;4624;78;65316;1162;1088;60614;0;4624;78;65316;76;64;60614;0;4624;78;65316;76;64;60614;0;4624;78;65316;76;64;
2965;3 ms;191;65507;4585;0;60171;443;4624;78;65316;1162;1088;60614;0;4624;78;65316;76;64;60614;0;4624;78;65316;76;64;60614;0;4624;78;65316;76;64;
2970;3 ms;191;65507;4585;0;60171;435;4632;78;65316;1162;1088;60606;0;4632;78;65316;76;64;60606;0;4632;78;65316;76;64;60606;0;4632;78;65316;76;64;
2975;3 ms;191;65507;4585;0;60171;431;4636;78;65316;1162;1088;60602;0;4636;78;65316;76;64;60602;0;4636;78;65316;76;64;60602;0;4636;78;65316;76;64;
2980;3 ms;191;65507;4585;0;60171;423;4644;78;65316;1162;1088;60594;0;4644;78;65316;76;64;60594;0;4644;78;65316;76;64;60594;0;4644;78;65316;76;64;
2985;3 ms;191;65507;4585;0;60171;407;4660;78;65316;1162;1088;60578;0;4660;78;65316;76;64;60578;0;4660;78;65316;76;64;60578;0;4660;78;65316;76;64;
2990;3 ms;191;65507;4585;0;60179;399;4660;78;65316;1162;1088;60578;0;4660;78;65316;76;64;60578;0;4660;78;65316;76;64;60578;0;4660;78;65316;76;64;
2995;3 ms;191;65507;4585;0;60179;231;4828;78;65316;1162;1088;60410;0;4828;78;65316;76;64;60410;0;4828;78;65316;76;64;60410;0;4828;78;65316;76;64;
3000;3 ms;191;65507;4585;0;60179;223;4836;78;65316;1162;1088;60402;0;4836;78;65316;76;64;60402;0;4836;78;65316;76;64;60402;0;4836;78;65316;76;64;
3005;3 ms;191;65507;4585;0;60179;223;4836;78;65316;1162;1088;60402;0;4836;78;65316;76;64;60402;0;4836;78;65316;76;64;60402;0;4836;78;65316;76;64;
3010;3 ms;191;65507;4585;0;60179;215;4844;78;65316;1162;1088;60394;0;4844;78;65316;76;64;60394;0;4844;78;65316;76;64;60394;0;4844;78;65316;76;64;
3015;3 ms;191;65507;4585;0;60175;203;4860;78;65316;1026;952;60378;0;4860;78;65316;68;56;60378;0;4860;78;65316;68;56;60378;0;4860;78;65316;68;56;
3020;3 ms;191;65507;4585;0;60175;195;4868;78;65316;1026;952;60370;0;4868;78;65316;68;56;60370;0;4868;78;65316;68;56;60370;0;4868;78;65316;68;56;
3025;3 ms;191;65507;4585;0;60183;179;4876;78;65316;1026;952;60362;0;4876;78;65316;68;56;60362;0;4876;78;65316;68;56;60362;0;4876;78;65316;68;56;
3030;3 ms;191;65507;4585;0;60183;175;4880;78;65316;1026;952;60358;0;4880;78;65316;68;56;60358;0;4880;78;65316;68;56;60358;0;4880;78;65316;68;56;
3035;3 ms;191;65507;4585;0;60183;167;4888;78;65316;1026;952;60350;0;4888;78;65316;68;56;60350;0;4888;78;65316;68;56;60350;0;4888;78;65316;68;56;
3040;3 ms;191;65507;4585;0;60179;159;4900;78;65316;890;816;60338;0;4900;78;65316;60;48;60338;0;4900;78;65316;60;48;60338;0;4900;78;65316;60;48;
3045;3 ms;191;65507;4585;0;60179;151;4908;78;65316;890;816;60330;0;4908;78;65316;60;48;60330;0;4908;78;65316;60;48;60330;0;4908;78;65316;60;48;
3050;3 ms;191;65507;4585;0;60179;143;4916;78;65316;890;816;60322;0;4916;78;65316;60;48;60322;0;4916;78;65316;60;48;60322;0;4916;78;65316;60;48;
3055;3 ms;191;65507;4585;0;60187;135;4916;78;65316;890;816;60322;0;4916;78;65316;60;48;60322;0;4916;78;65316;60;48;60322;0;4916;78;65316;60;48;
3060;3 ms;191;65507;4585;0;60187;169;4882;78;65316;822;748;60356;0;4882;78;65316;56;44;60356;0;4882;78;65316;56;44;60356;0;4882;78;65316;56;44;
3065;3 ms;191;65507;4585;0;60183;161;4894;78;65316;686;612;60344;0;4894;78;65316;48;36;60344;0;4894;78;65316;48;36;60344;0;4894;78;65316;48;36;
3070;3 ms;191;65507;4585;0;60183;161;4894;78;65316;686;612;60344;0;4894;78;65316;48;36;60344;0;4894;78;65316;48;36;60344;0;4894;78;65316;48;36;
3075;3 ms;191;65507;4585;0;60183;145;4910;78;65316;686;612;60328;0;4910;78;65316;48;36;60328;0;4910;78;65316;48;36;60328;0;4910;78;65316;48;36;
3080;3 ms;191;65507;4585;0;60183;141;4914;78;65316;686;612;60324;0;4914;78;65316;48;36;60324;0;4914;78;65316;48;36;60324;0;4914;78;65316;48;36;
3085;3 ms;191;65507;4585;0;60183;141;4914;78;65316;686;612;60324;0;4914;78;65316;48;36;60324;0;4914;78;65316;48;36;60324;0;4914;78;65316;48;36;
3090;3 ms;191;65507;4585;0;60187;121;4930;78;65316;550;476;60308;0;4930;78;65316;40;28;60308;0;4930;78;65316;40;28;60308;0;4930;78;65316;40;28;
3095;3 ms;191;65507;4585;0;60187;117;4934;78;65316;550;476;60304;0;4934;78;65316;40;28;60304;0;4934;78;65316;40;28;60304;0;4934;78;65316;40;28;
3100;3 ms;191;65507;4585;0;60187;117;4934;78;65316;550;476;60304;0;4934;78;65316;40;28;60304;0;4934;78;65316;40;28;60304;0;4934;78;65316;40;28;
3105;3 ms;191;65507;4585;0;60187;109;4942;78;65316;550;476;60296;0;4942;78;65316;40;28;60296;0;4942;78;65316;40;28;60296;0;4942;78;65316;40;28;
3110;3 ms;191;65507;4585;0;60187;101;4950;78;65316;550;476;60288;0;4950;78;65316;40;28;60288;0;4950;78;65316;40;28;60288;0;4950;78;65316;40;28;
3115;3 ms;191;65507;4585;0;60187;97;4954;78;65316;550;476;60284;0;4954;78;65316;40;28;60284;0;4954;78;65316;40;28;60284;0;4954;78;65316;40;28;
3120;3 ms;191;65507;4585;0;60191;85;4962;78;65316;414;340;60276;0;4962;78;65316;32;20;60276;0;4962;78;65316;32;20;60276;0;4962;78;65316;32;20;
3125;3 ms;191;65507;4585;0;60191;77;4970;78;65316;414;340;60268;0;4970;78;65316;32;20;60268;0;4970;78;65316;32;20;60268;0;4970;78;65316;32;20;
3130;3 ms;191;65507;4585;0;60191;77;4970;78;65316;414;340;60268;0;4970;78;65316;32;20;60268;0;4970;78;65316;32;20;60268;0;4970;78;65316;32;20;
3135;3 ms;191;65507;4585;0;60191;73;4974;78;65316;414;340;60264;0;4974;78;65316;32;20;60264;0;4974;78;65316;32;20;60264;0;4974;78;65316;32;20;
3140;3 ms;191;65507;4585;0;60191;65;4982;78;65316;414;340;60256;0;4982;78;65316;32;20;60256;0;4982;78;65316;32;20;60256;0;4982;78;65316;32;20;
3145;3 ms;191;65507;4585;0;60191;65;4982;78;65316;414;340;60256;0;4982;78;65316;32;20;60256;0;4982;78;65316;32;20;60256;0;4982;78;65316;32;20;
3150;3 ms;191;65507;4585;0;60195;45;4998;78;65316;278;204;60240;0;4998;78;65316;24;12;60240;0;4998;78;65316;24;12;60240;0;4998;78;65316;24;12;
3155;3 ms;191;65507;4585;0;60195;41;5002;78;65316;278;204;60236;0;5002;78;65316;24;12;60236;0;5002;78;65316;24;12;60236;0;5002;78;65316;24;12;
3160;3 ms;191;65507;4585;0;60195;41;5002;78;65316;278;204;60236;0;5002;78;65316;24;12;60236;0;5002;78;65316;24;12;60236;0;5002;78;65316;24;12;
3165;3 ms;191;65507;4585;0;60195;33;5010;78;65316;278;204;60228;0;5010;78;65316;24;12;60228;0;5010;78;65316;24;12;60228;0;5010;78;65316;24;12;
3170;3 ms;191;65507;4585;0;60195;33;5010;78;65316;278;204;60228;0;5010;78;65316;24;12;60228;0;5010;78;65316;24;12;60228;0;5010;78;65316;24;12;
Fixed time simulation end ########################################

