voltage_trace: voltage_traces/voltage_trace3.txt
Fixed time simulation start ######################################
hazard_threshold_val;time;shtdwn_counter;clk_counter;trace_rom_addr;executed_batches;I_layer1_pwr_apprx_values_idle_state;I_layer1_pwr_apprx_compute_state;I_layer1_pwr_apprx_values_save_state;I_layer1_pwr_apprx_values_rec_state;nv_reg1_pwr_apprx_values_poweron_state;nv_reg1_pwr_apprx_values_rec_state;nv_reg1_pwr_apprx_values_save_state;I_layer2_pwr_apprx_values_idle_state;I_layer2_pwr_apprx_compute_state;I_layer2_pwr_apprx_values_save_state;I_layer2_pwr_apprx_values_rec_state;nv_reg2_pwr_apprx_values_poweron_state;nv_reg2_pwr_apprx_values_rec_state;nv_reg2_pwr_apprx_values_save_state;I_layer3_pwr_apprx_values_idle_state;I_layer3_pwr_apprx_compute_state;I_layer3_pwr_apprx_values_save_state;I_layer3_pwr_apprx_values_rec_state;nv_reg3_pwr_apprx_values_poweron_state;nv_reg3_pwr_apprx_values_rec_state;nv_reg3_pwr_apprx_values_save_state;I_layer4_pwr_apprx_values_idle_state;I_layer4_pwr_apprx_compute_state;I_layer4_pwr_apprx_values_save_state;I_layer4_pwr_apprx_values_rec_state;nv_reg4_pwr_apprx_values_poweron_state;nv_reg4_pwr_apprx_values_rec_state;nv_reg4_pwr_apprx_values_save_state;
2653;3 ms;191;65507;4585;4;34133;3690;24824;2669;65316;9486;8804;37691;132;24824;2669;65316;1140;1022;37711;112;24824;2669;65316;848;782;37751;72;24824;2669;65316;694;628;
2660;3 ms;191;65507;4585;4;37060;3489;24060;707;65316;9182;8636;40417;132;24060;707;65316;892;786;40437;112;24060;707;65316;676;622;40477;72;24060;707;65316;602;548;
2672;3 ms;191;65507;4585;4;37374;3307;23932;703;65316;7962;7412;40549;132;23932;703;65316;822;768;40569;112;23932;703;65316;574;520;40609;72;23932;703;65316;514;460;
2691;3 ms;191;65507;4585;3;39546;2801;20052;2917;65316;6062;5512;42248;99;20052;2917;65316;548;494;42263;84;20052;2917;65316;454;400;42293;54;20052;2917;65316;414;360;
2700;3 ms;191;65507;4585;3;40709;2774;19888;1945;65316;5862;5380;43384;99;19888;1945;65316;530;482;43399;84;19888;1945;65316;410;362;43429;54;19888;1945;65316;376;328;
2710;3 ms;191;65507;4585;3;42380;2753;19736;447;65316;5374;5032;45034;99;19736;447;65316;550;462;45049;84;19736;447;65316;404;368;45079;54;19736;447;65316;364;328;
2729;3 ms;191;65507;4585;3;42731;2554;18698;1333;65316;4580;4296;45186;99;18698;1333;65316;564;480;45201;84;18698;1333;65316;472;404;45231;54;18698;1333;65316;332;296;
2740;3 ms;191;65507;4585;3;43686;2498;18776;356;65316;4430;4152;46085;99;18776;356;65316;444;414;46100;84;18776;356;65316;320;290;46130;54;18776;356;65316;302;272;
2748;3 ms;191;65507;4585;3;43966;2428;18566;356;65316;4230;3952;46295;99;18566;356;65316;378;348;46310;84;18566;356;65316;338;308;46340;54;18566;356;65316;306;276;
2767;3 ms;191;65507;4585;2;44060;2316;18584;356;65316;3818;3540;46310;66;18584;356;65316;242;212;46320;56;18584;356;65316;272;242;46340;36;18584;356;65316;266;236;
2780;3 ms;191;65507;4585;2;44324;2212;18424;356;65316;3410;3132;46470;66;18424;356;65316;218;188;46480;56;18424;356;65316;248;218;46500;36;18424;356;65316;242;212;
2786;3 ms;191;65507;4585;2;44505;2163;18296;352;65316;3278;3000;46602;66;18296;352;65316;214;184;46612;56;18296;352;65316;244;214;46632;36;18296;352;65316;214;184;
2805;3 ms;191;65507;4585;2;45043;1823;18102;348;65316;2480;2264;46800;66;18102;348;65316;488;410;46810;56;18102;348;65316;350;288;46830;36;18102;348;65316;218;188;
2820;3 ms;191;65507;4585;1;45498;1560;17906;352;65316;2120;1904;47025;33;17906;352;65316;416;386;47030;28;17906;352;65316;246;188;47040;18;17906;352;65316;200;148;
2824;3 ms;191;65507;4585;1;45585;1512;17800;419;65316;2112;1896;47064;33;17800;419;65316;406;328;47069;28;17800;419;65316;212;150;47079;18;17800;419;65316;146;116;
2843;3 ms;191;65507;4585;1;45933;1192;17768;423;65316;1706;1428;47092;33;17768;423;65316;114;84;47097;28;17768;423;65316;114;84;47107;18;17768;423;65316;114;84;
2860;3 ms;191;65507;4585;1;56867;880;7400;169;65316;890;748;57714;33;7400;169;65316;62;44;57719;28;7400;169;65316;62;44;57729;18;7400;169;65316;62;44;
2862;3 ms;191;65507;4585;1;56957;876;4136;3347;65316;822;680;57800;33;4136;3347;65316;58;40;57805;28;4136;3347;65316;58;40;57815;18;4136;3347;65316;58;40;
2881;3 ms;191;65507;4585;1;60226;868;4144;78;65316;754;680;61061;33;4144;78;65316;52;40;61066;28;4144;78;65316;52;40;61076;18;4144;78;65316;52;40;
2900;3 ms;191;65507;4585;0;60147;787;4304;78;65316;886;812;60934;0;4304;78;65316;60;48;60934;0;4304;78;65316;60;48;60934;0;4304;78;65316;60;48;
2940;3 ms;191;65507;4585;0;60159;607;4472;78;65316;1026;952;60766;0;4472;78;65316;68;56;60766;0;4472;78;65316;68;56;60766;0;4472;78;65316;68;56;
2980;3 ms;191;65507;4585;0;60171;423;4644;78;65316;1162;1088;60594;0;4644;78;65316;76;64;60594;0;4644;78;65316;76;64;60594;0;4644;78;65316;76;64;
3020;3 ms;191;65507;4585;0;60175;195;4868;78;65316;1026;952;60370;0;4868;78;65316;68;56;60370;0;4868;78;65316;68;56;60370;0;4868;78;65316;68;56;
3060;3 ms;191;65507;4585;0;60187;123;4928;78;65316;890;816;60310;0;4928;78;65316;60;48;60310;0;4928;78;65316;60;48;60310;0;4928;78;65316;60;48;

Fixed time simulation end ########################################

