NVREG2


3100;3 ms;191;65507;4585;0;60185;116;4908;107;65316;550;476;60301;0;4908;107;65316;40;28;60301;0;4908;107;65316;40;28;60301;0;4908;107;65316;40;28;
3140;3 ms;191;65507;4585;0;60189;64;4956;107;65316;414;340;60253;0;4956;107;65316;32;20;60253;0;4956;107;65316;32;20;60253;0;4956;107;65316;32;20;
3180;3 ms;191;65507;4585;0;60201;28;4984;103;65316;278;204;60229;0;4984;103;65316;24;12;60229;0;4984;103;65316;24;12;60229;0;4984;103;65316;24;12;
3220;3 ms;191;65507;4585;0;60202;0;0;5114;65316;12;0;60202;0;0;5114;65316;12;0;60202;0;0;5114;65316;12;0;60202;0;0;5114;65316;12;0;
3260;3 ms;191;65507;4585;0;65316;0;0;0;65316;0;0;65316;0;0;0;65316;0;0;65316;0;0;0;65316;0;0;65316;0;0;0;65316;0;0;

NVREG5

3082;3 ms;191;65507;4585;0;60169;85;4846;216;65316;695;510;60254;0;4846;216;65316;60;30;60254;0;4846;216;65316;60;30;60254;0;4846;216;65316;60;30;
3101;3 ms;191;65507;4585;0;60177;65;4862;212;65316;695;510;60242;0;4862;212;65316;60;30;60242;0;4862;212;65316;60;30;60242;0;4862;212;65316;60;30;
3120;3 ms;191;65507;4585;0;60183;41;4880;212;65316;525;340;60224;0;4880;212;65316;50;20;60224;0;4880;212;65316;50;20;60224;0;4880;212;65316;50;20;
3139;3 ms;191;65507;4585;0;60183;29;4892;212;65316;525;340;60212;0;4892;212;65316;50;20;60212;0;4892;212;65316;50;20;60212;0;4892;212;65316;50;20;
3158;3 ms;191;65507;4585;0;60189;13;2532;2582;65316;355;170;60202;0;2532;2582;65316;40;10;60202;0;2532;2582;65316;40;10;60202;0;2532;2582;65316;40;10;
3177;3 ms;191;65507;4585;0;60189;9;2536;2582;65316;355;170;60198;0;2536;2582;65316;40;10;60198;0;2536;2582;65316;40;10;60198;0;2536;2582;65316;40;10;
3196;3 ms;191;65507;4585;0;60197;1;2540;2578;65316;355;170;60198;0;2540;2578;65316;40;10;60198;0;2540;2578;65316;40;10;60198;0;2540;2578;65316;40;10;
3215;3 ms;191;65507;4585;0;60202;0;0;5114;65316;30;0;60202;0;0;5114;65316;30;0;60202;0;0;5114;65316;30;0;60202;0;0;5114;65316;30;0;
3234;3 ms;191;65507;4585;0;60202;0;0;5114;65316;30;0;60202;0;0;5114;65316;30;0;60202;0;0;5114;65316;30;0;60202;0;0;5114;65316;30;0;
3253;3 ms;191;65507;4585;0;65316;0;0;0;65316;0;0;65316;0;0;0;65316;0;0;65316;0;0;0;65316;0;0;65316;0;0;0;65316;0;0;
3272;3 ms;191;65507;4585;0;65316;0;0;0;65316;0;0;65316;0;0;0;65316;0;0;65316;0;0;0;65316;0;0;65316;0;0;0;65316;0;0;
3291;3 ms;191;65507;4585;0;65316;0;0;0;65316;0;0;65316;0;0;0;65316;0;0;65316;0;0;0;65316;0;0;65316;0;0;0;65316;0;0;
3310;3 ms;191;65507;4585;0;65316;0;0;0;65316;0;0;65316;0;0;0;65316;0;0;65316;0;0;0;65316;0;0;65316;0;0;0;65316;0;0;
3329;3 ms;191;65507;4585;0;65316;0;0;0;65316;0;0;65316;0;0;0;65316;0;0;65316;0;0;0;65316;0;0;65316;0;0;0;65316;0;0;
3348;3 ms;191;65507;4585;0;65316;0;0;0;65316;0;0;65316;0;0;0;65316;0;0;65316;0;0;0;65316;0;0;65316;0;0;0;65316;0;0;
3367;3 ms;191;65507;4585;0;65316;0;0;0;65316;0;0;65316;0;0;0;65316;0;0;65316;0;0;0;65316;0;0;65316;0;0;0;65316;0;0;
3386;3 ms;191;65507;4585;0;65316;0;0;0;65316;0;0;65316;0;0;0;65316;0;0;65316;0;0;0;65316;0;0;65316;0;0;0;65316;0;0;
3405;3 ms;191;65507;4585;0;65316;0;0;0;65316;0;0;65316;0;0;0;65316;0;0;65316;0;0;0;65316;0;0;65316;0;0;0;65316;0;0;
3424;3 ms;191;65507;4585;0;65316;0;0;0;65316;0;0;65316;0;0;0;65316;0;0;65316;0;0;0;65316;0;0;65316;0;0;0;65316;0;0;
3443;3 ms;191;65507;4585;0;65316;0;0;0;65316;0;0;65316;0;0;0;65316;0;0;65316;0;0;0;65316;0;0;65316;0;0;0;65316;0;0;
3462;3 ms;191;65507;4585;0;65316;0;0;0;65316;0;0;65316;0;0;0;65316;0;0;65316;0;0;0;65316;0;0;65316;0;0;0;65316;0;0;
3481;3 ms;191;65507;4585;0;65316;0;0;0;65316;0;0;65316;0;0;0;65316;0;0;65316;0;0;0;65316;0;0;65316;0;0;0;65316;0;0;
3500;3 ms;191;65507;4585;0;65316;0;0;0;65316;0;0;65316;0;0;0;65316;0;0;65316;0;0;0;65316;0;0;65316;0;0;0;65316;0;0;
3519;3 ms;191;65507;4585;0;65316;0;0;0;65316;0;0;65316;0;0;0;65316;0;0;65316;0;0;0;65316;0;0;65316;0;0;0;65316;0;0;
3538;3 ms;191;65507;4585;0;65316;0;0;0;65316;0;0;65316;0;0;0;65316;0;0;65316;0;0;0;65316;0;0;65316;0;0;0;65316;0;0;
3557;3 ms;191;65507;4585;0;65316;0;0;0;65316;0;0;65316;0;0;0;65316;0;0;65316;0;0;0;65316;0;0;65316;0;0;0;65316;0;0;
3576;3 ms;191;65507;4585;0;65316;0;0;0;65316;0;0;65316;0;0;0;65316;0;0;65316;0;0;0;65316;0;0;65316;0;0;0;65316;0;0;
3595;3 ms;191;65507;4585;0;65316;0;0;0;65316;0;0;65316;0;0;0;65316;0;0;65316;0;0;0;65316;0;0;65316;0;0;0;65316;0;0;
3614;3 ms;191;65507;4585;0;65316;0;0;0;65316;0;0;65316;0;0;0;65316;0;0;65316;0;0;0;65316;0;0;65316;0;0;0;65316;0;0;
3633;3 ms;191;65507;4585;0;65316;0;0;0;65316;0;0;65316;0;0;0;65316;0;0;65316;0;0;0;65316;0;0;65316;0;0;0;65316;0;0;
3652;3 ms;191;65507;4585;0;65316;0;0;0;65316;0;0;65316;0;0;0;65316;0;0;65316;0;0;0;65316;0;0;65316;0;0;0;65316;0;0;
3671;3 ms;191;65507;4585;0;65316;0;0;0;65316;0;0;65316;0;0;0;65316;0;0;65316;0;0;0;65316;0;0;65316;0;0;0;65316;0;0;
3690;3 ms;191;65507;4585;0;65316;0;0;0;65316;0;0;65316;0;0;0;65316;0;0;65316;0;0;0;65316;0;0;65316;0;0;0;65316;0;0;
3709;3 ms;191;65507;4585;0;65316;0;0;0;65316;0;0;65316;0;0;0;65316;0;0;65316;0;0;0;65316;0;0;65316;0;0;0;65316;0;0;
3728;3 ms;191;65507;4585;0;65316;0;0;0;65316;0;0;65316;0;0;0;65316;0;0;65316;0;0;0;65316;0;0;65316;0;0;0;65316;0;0;
3747;3 ms;191;65507;4585;0;65316;0;0;0;65316;0;0;65316;0;0;0;65316;0;0;65316;0;0;0;65316;0;0;65316;0;0;0;65316;0;0;
3766;3 ms;191;65507;4585;0;65316;0;0;0;65316;0;0;65316;0;0;0;65316;0;0;65316;0;0;0;65316;0;0;65316;0;0;0;65316;0;0;
3785;3 ms;191;65507;4585;0;65316;0;0;0;65316;0;0;65316;0;0;0;65316;0;0;65316;0;0;0;65316;0;0;65316;0;0;0;65316;0;0;
3804;3 ms;191;65507;4585;0;65316;0;0;0;65316;0;0;65316;0;0;0;65316;0;0;65316;0;0;0;65316;0;0;65316;0;0;0;65316;0;0;
3823;3 ms;191;65507;4585;0;65316;0;0;0;65316;0;0;65316;0;0;0;65316;0;0;65316;0;0;0;65316;0;0;65316;0;0;0;65316;0;0;
3842;3 ms;191;65507;4585;0;65316;0;0;0;65316;0;0;65316;0;0;0;65316;0;0;65316;0;0;0;65316;0;0;65316;0;0;0;65316;0;0;
3861;3 ms;191;65507;4585;0;65316;0;0;0;65316;0;0;65316;0;0;0;65316;0;0;65316;0;0;0;65316;0;0;65316;0;0;0;65316;0;0;
3880;3 ms;191;65507;4585;0;65316;0;0;0;65316;0;0;65316;0;0;0;65316;0;0;65316;0;0;0;65316;0;0;65316;0;0;0;65316;0;0;
3899;3 ms;191;65507;4585;0;65316;0;0;0;65316;0;0;65316;0;0;0;65316;0;0;65316;0;0;0;65316;0;0;65316;0;0;0;65316;0;0;
3918;3 ms;191;65507;4585;0;65316;0;0;0;65316;0;0;65316;0;0;0;65316;0;0;65316;0;0;0;65316;0;0;65316;0;0;0;65316;0;0;
3937;3 ms;191;65507;4585;0;65316;0;0;0;65316;0;0;65316;0;0;0;65316;0;0;65316;0;0;0;65316;0;0;65316;0;0;0;65316;0;0;
3956;3 ms;191;65507;4585;0;65316;0;0;0;65316;0;0;65316;0;0;0;65316;0;0;65316;0;0;0;65316;0;0;65316;0;0;0;65316;0;0;
3975;3 ms;191;65507;4585;0;65316;0;0;0;65316;0;0;65316;0;0;0;65316;0;0;65316;0;0;0;65316;0;0;65316;0;0;0;65316;0;0;
3994;3 ms;191;65507;4585;0;65316;0;0;0;65316;0;0;65316;0;0;0;65316;0;0;65316;0;0;0;65316;0;0;65316;0;0;0;65316;0;0;
4013;3 ms;191;65507;4585;0;65316;0;0;0;65316;0;0;65316;0;0;0;65316;0;0;65316;0;0;0;65316;0;0;65316;0;0;0;65316;0;0;
4032;3 ms;191;65507;4585;0;65316;0;0;0;65316;0;0;65316;0;0;0;65316;0;0;65316;0;0;0;65316;0;0;65316;0;0;0;65316;0;0;
4051;3 ms;191;65507;4585;0;65316;0;0;0;65316;0;0;65316;0;0;0;65316;0;0;65316;0;0;0;65316;0;0;65316;0;0;0;65316;0;0;




NVREG11
3090;3 ms;191;65507;4585;0;60173;23;2512;2608;65316;781;374;60196;0;2512;2608;65316;88;22;60196;0;2512;2608;65316;88;22;60196;0;2512;2608;65316;88;22;
3130;3 ms;191;65507;4585;0;60181;7;2524;2604;65316;781;374;60188;0;2524;2604;65316;88;22;60188;0;2524;2604;65316;88;22;60188;0;2524;2604;65316;88;22;
3170;3 ms;191;65507;4585;0;60189;7;2456;2664;65316;781;374;60196;0;2456;2664;65316;88;22;60196;0;2456;2664;65316;88;22;60196;0;2456;2664;65316;88;22;
3210;3 ms;191;65507;4585;0;60202;0;0;5114;65316;66;0;60202;0;0;5114;65316;66;0;60202;0;0;5114;65316;66;0;60202;0;0;5114;65316;66;0;
3250;3 ms;191;65507;4585;0;65316;0;0;0;65316;0;0;65316;0;0;0;65316;0;0;65316;0;0;0;65316;0;0;65316;0;0;0;65316;0;0;
3290;3 ms;191;65507;4585;0;65316;0;0;0;65316;0;0;65316;0;0;0;65316;0;0;65316;0;0;0;65316;0;0;65316;0;0;0;65316;0;0;




