voltage_trace: voltage_traces/voltage_trace2.txt
Fixed time simulation start ######################################
hazard_threshold_val;time;shtdwn_counter;clk_counter;trace_rom_addr;executed_batches;I_layer1_pwr_apprx_values_idle_state;I_layer1_pwr_apprx_compute_state;I_layer1_pwr_apprx_values_save_state;I_layer1_pwr_apprx_values_rec_state;nv_reg1_pwr_apprx_values_poweron_state;nv_reg1_pwr_apprx_values_rec_state;nv_reg1_pwr_apprx_values_save_state;I_layer2_pwr_apprx_values_idle_state;I_layer2_pwr_apprx_compute_state;I_layer2_pwr_apprx_values_save_state;I_layer2_pwr_apprx_values_rec_state;nv_reg2_pwr_apprx_values_poweron_state;nv_reg2_pwr_apprx_values_rec_state;nv_reg2_pwr_apprx_values_save_state;I_layer3_pwr_apprx_values_idle_state;I_layer3_pwr_apprx_compute_state;I_layer3_pwr_apprx_values_save_state;I_layer3_pwr_apprx_values_rec_state;nv_reg3_pwr_apprx_values_poweron_state;nv_reg3_pwr_apprx_values_rec_state;nv_reg3_pwr_apprx_values_save_state;I_layer4_pwr_apprx_values_idle_state;I_layer4_pwr_apprx_compute_state;I_layer4_pwr_apprx_values_save_state;I_layer4_pwr_apprx_values_rec_state;nv_reg4_pwr_apprx_values_poweron_state;nv_reg4_pwr_apprx_values_rec_state;nv_reg4_pwr_apprx_values_save_state;I_layer5_pwr_apprx_values_idle_state;I_layer5_pwr_apprx_compute_state;I_layer5_pwr_apprx_values_save_state;I_layer5_pwr_apprx_values_rec_state;nv_reg5_pwr_apprx_values_poweron_state;nv_reg5_pwr_apprx_values_rec_state;nv_reg5_pwr_apprx_values_save_state;I_layer6_pwr_apprx_values_idle_state;I_layer6_pwr_apprx_compute_state;I_layer6_pwr_apprx_values_save_state;I_layer6_pwr_apprx_values_rec_state;nv_reg6_pwr_apprx_values_poweron_state;nv_reg6_pwr_apprx_values_rec_state;nv_reg6_pwr_apprx_values_save_state;
2660;3 ms;97;48271;0;31;11434;24706;10594;1440;48174;5742;4656;34497;1643;10594;1440;48174;754;688;34807;1333;10594;1440;48174;434;368;35427;713;10594;1440;48174;262;196;35582;558;10594;1440;48174;292;226;35582;558;10594;1440;48174;286;220;
2690;3 ms;97;48271;0;30;11316;24108;11379;1371;48174;5760;4776;33834;1590;11379;1371;48174;434;368;34134;1290;11379;1371;48174;394;328;34734;690;11379;1371;48174;426;332;34884;540;11379;1371;48174;400;302;34884;540;11379;1371;48174;302;236;
2720;3 ms;97;48271;0;29;11819;23397;11958;1000;48174;5954;4976;33679;1537;11958;1000;48174;676;616;33969;1247;11958;1000;48174;392;332;34549;667;11958;1000;48174;298;238;34694;522;11958;1000;48174;324;264;34694;522;11958;1000;48174;312;252;
2750;3 ms;97;48271;0;28;11692;22409;12944;1129;48174;5420;4548;32617;1484;12944;1129;48174;976;756;32897;1204;12944;1129;48174;510;408;33457;644;12944;1129;48174;248;188;33597;504;12944;1129;48174;248;188;33597;504;12944;1129;48174;248;188;
2780;3 ms;97;48271;0;27;11751;21871;13534;1018;48174;4774;4004;32191;1431;13534;1018;48174;1302;1000;32461;1161;13534;1018;48174;498;396;33001;621;13534;1018;48174;236;176;33136;486;13534;1018;48174;266;206;33136;486;13534;1018;48174;260;200;
2810;3 ms;97;48271;0;26;11902;20932;13766;1574;48174;4858;3888;31456;1378;13766;1574;48174;456;232;31716;1118;13766;1574;48174;208;148;32236;598;13766;1574;48174;208;148;32366;468;13766;1574;48174;238;178;32366;468;13766;1574;48174;232;172;
2840;3 ms;97;48271;0;25;12085;20186;14402;1501;48174;4330;3356;30946;1325;14402;1501;48174;538;396;31196;1075;14402;1501;48174;284;224;31696;575;14402;1501;48174;302;242;31821;450;14402;1501;48174;298;238;31821;450;14402;1501;48174;252;192;
2870;3 ms;97;48271;0;24;12049;19638;14450;2037;48174;3584;2712;30415;1272;14450;2037;48174;580;360;30655;1032;14450;2037;48174;306;204;31135;552;14450;2037;48174;206;146;31255;432;14450;2037;48174;176;116;31255;432;14450;2037;48174;176;116;
2900;3 ms;97;48271;0;24;12710;19236;14784;1444;48174;3468;2704;30674;1272;14784;1444;48174;162;108;30914;1032;14784;1444;48174;280;188;31394;552;14784;1444;48174;262;176;31514;432;14784;1444;48174;162;108;31514;432;14784;1444;48174;162;108;
2930;3 ms;97;48271;0;23;13376;18888;11442;4468;48174;3570;2808;30992;1272;11442;4468;48174;328;280;31275;989;11442;4468;48174;160;112;31735;529;11442;4468;48174;190;142;31850;414;11442;4468;48174;194;146;31850;414;11442;4468;48174;168;120;
2960;3 ms;97;48271;0;23;13470;18402;11916;4386;48174;3246;2488;30653;1219;11916;4386;48174;318;188;30883;989;11916;4386;48174;152;104;31343;529;11916;4386;48174;182;134;31458;414;11916;4386;48174;216;168;31458;414;11916;4386;48174;176;128;
2990;3 ms;97;48271;0;22;17026;17743;12596;809;48174;3126;2364;33603;1166;12596;809;48174;388;340;33823;946;12596;809;48174;136;88;34263;506;12596;809;48174;136;88;34373;396;12596;809;48174;136;88;34373;396;12596;809;48174;136;88;
3020;3 ms;97;48271;0;21;17042;17314;13074;744;48174;3034;2484;33190;1166;13074;744;48174;894;604;33410;946;13074;744;48174;286;196;33850;506;13074;744;48174;186;138;33976;380;13074;744;48174;248;172;33978;378;13074;744;48174;202;132;
3050;3 ms;97;48271;0;21;16969;16875;13512;818;48174;3138;2376;32731;1113;13512;818;48174;304;256;32941;903;13512;818;48174;184;136;33361;483;13512;818;48174;140;92;33466;378;13512;818;48174;140;92;33466;378;13512;818;48174;140;92;
3080;3 ms;97;48271;0;20;16845;16461;14054;814;48174;2938;2176;32246;1060;14054;814;48174;224;176;32446;860;14054;814;48174;228;180;32846;460;14054;814;48174;208;160;32946;360;14054;814;48174;178;130;32946;360;14054;814;48174;144;96;
3110;3 ms;97;48271;0;19;17012;15740;14624;798;48174;3028;2372;31692;1060;14624;798;48174;558;428;31892;860;14624;798;48174;266;180;32292;460;14624;798;48174;210;130;32392;360;14624;798;48174;144;96;32400;352;14624;798;48174;144;96;
3140;3 ms;97;48271;0;19;16921;15531;15002;720;48174;2924;2268;31445;1007;15002;720;48174;478;348;31635;817;15002;720;48174;184;136;32015;437;15002;720;48174;266;190;32110;342;15002;720;48174;244;164;32110;342;15002;720;48174;144;96;
3170;3 ms;97;48271;0;19;16979;15010;15494;691;48174;2838;2280;30982;1007;15494;691;48174;232;184;31172;817;15494;691;48174;266;180;31552;437;15494;691;48174;278;198;31647;342;15494;691;48174;240;164;31647;342;15494;691;48174;194;124;
3200;3 ms;97;48271;0;18;17072;14696;15626;780;48174;2433;1848;30814;954;15626;780;48174;454;328;30994;774;15626;780;48174;262;172;31354;414;15626;780;48174;132;84;31444;324;15626;780;48174;192;144;31444;324;15626;780;48174;180;132;
3230;3 ms;97;48271;0;17;17079;14038;16294;763;48174;3275;2596;30216;901;16294;763;48174;148;100;30386;731;16294;763;48174;148;100;30726;391;16294;763;48174;148;100;30811;306;16294;763;48174;148;100;30811;306;16294;763;48174;148;100;
3260;3 ms;97;48271;0;17;17252;13656;16510;756;48174;2527;1852;30007;901;16510;756;48174;296;248;30177;731;16510;756;48174;264;216;30517;391;16510;756;48174;200;152;30602;306;16510;756;48174;200;152;30602;306;16510;756;48174;160;112;
3290;3 ms;97;48271;0;16;17150;13379;16906;739;48174;2619;1948;29667;862;16906;739;48174;303;244;29841;688;16906;739;48174;172;124;30161;368;16906;739;48174;158;110;30241;288;16906;739;48174;162;114;30241;288;16906;739;48174;128;80;
3320;3 ms;97;48271;0;16;17194;12609;17640;731;48174;3155;2492;28955;848;17640;731;48174;148;100;29115;688;17640;731;48174;188;140;29435;368;17640;731;48174;182;134;29515;288;17640;731;48174;178;130;29515;288;17640;731;48174;172;124;
3350;3 ms;97;48271;0;15;17346;12332;17913;583;48174;2725;2172;28883;795;17913;583;48174;223;180;29033;645;17913;583;48174;219;176;29333;345;17913;583;48174;207;164;29408;270;17913;583;48174;169;126;29408;270;17913;583;48174;163;120;
3380;3 ms;97;48271;0;14;17348;11765;18355;706;48174;3034;2384;28371;742;18355;706;48174;468;344;28511;602;18355;706;48174;230;188;28791;322;18355;706;48174;142;100;28861;252;18355;706;48174;142;100;28861;252;18355;706;48174;143;101;
3410;3 ms;97;48271;0;14;17412;11115;17915;1732;48174;3034;2380;27785;742;17915;1732;48174;310;268;27925;602;17915;1732;48174;142;100;28205;322;17915;1732;48174;172;130;28275;252;17915;1732;48174;236;194;28275;252;17915;1732;48174;190;148;
3440;3 ms;97;48271;0;13;17289;10982;17774;2129;48174;2814;2164;27582;689;17774;2129;48174;544;420;27712;559;17774;2129;48174;222;180;27972;299;17774;2129;48174;134;92;28037;234;17774;2129;48174;164;122;28037;234;17774;2129;48174;158;116;
3470;3 ms;97;48271;0;13;17339;10642;18080;2113;48174;2820;2268;27292;689;18080;2113;48174;372;252;27422;559;18080;2113;48174;216;132;27682;299;18080;2113;48174;130;88;27747;234;18080;2113;48174;130;88;27747;234;18080;2113;48174;130;88;
3500;3 ms;97;48271;0;13;17391;10503;18138;2142;48174;2598;1944;27205;689;18138;2142;48174;114;72;27335;559;18138;2142;48174;114;72;27595;299;18138;2142;48174;114;72;27660;234;18138;2142;48174;114;72;27660;234;18138;2142;48174;114;72;
3530;3 ms;97;48271;0;12;17792;10107;18550;1725;48174;2710;2056;27263;636;18550;1725;48174;122;80;27383;516;18550;1725;48174;162;120;27623;276;18550;1725;48174;156;114;27683;216;18550;1725;48174;122;80;27683;216;18550;1725;48174;122;80;
3560;3 ms;97;48271;0;12;18951;9455;19152;616;48174;2826;2280;27770;636;19152;616;48174;132;96;27890;516;19152;616;48174;132;96;28130;276;19152;616;48174;132;96;28190;216;19152;616;48174;192;156;28190;216;19152;616;48174;180;144;
3590;3 ms;97;48271;0;11;18953;9333;19256;632;48174;2504;2060;27703;583;19256;632;48174;120;84;27813;473;19256;632;48174;120;84;28033;253;19256;632;48174;120;84;28088;198;19256;632;48174;150;114;28088;198;19256;632;48174;144;108;
3620;3 ms;97;48271;0;11;19134;8690;19812;538;48174;2384;1948;27241;583;19812;538;48174;620;420;27351;473;19812;538;48174;168;132;27571;253;19812;538;48174;212;148;27626;198;19812;538;48174;254;186;27626;198;19812;538;48174;148;112;
3650;3 ms;97;48271;0;10;19020;8421;20038;695;48174;2408;1964;26911;530;20038;695;48174;534;420;27011;430;20038;695;48174;306;228;27211;230;20038;695;48174;162;126;27261;180;20038;695;48174;226;190;27261;180;20038;695;48174;156;120;
3680;3 ms;97;48271;0;10;19204;8077;17076;3817;48174;2486;1944;26751;530;17076;3817;48174;446;328;26851;430;17076;3817;48174;160;124;27051;230;17076;3817;48174;116;80;27101;180;17076;3817;48174;116;80;27101;180;17076;3817;48174;116;80;
3710;3 ms;97;48271;0;9;19078;7847;17436;3813;48174;2594;2056;26448;477;17436;3813;48174;532;332;26538;387;17436;3813;48174;164;128;26718;207;17436;3813;48174;120;84;26763;162;17436;3813;48174;120;84;26763;162;17436;3813;48174;120;84;
3740;3 ms;97;48271;0;9;19122;7622;16726;4704;48174;2598;2052;26267;477;16726;4704;48174;112;76;26357;387;16726;4704;48174;112;76;26537;207;16726;4704;48174;112;76;26582;162;16726;4704;48174;112;76;26582;162;16726;4704;48174;112;76;
3770;3 ms;97;48271;0;9;19174;7464;16840;4696;48174;2390;1844;26161;477;16840;4696;48174;112;76;26251;387;16840;4696;48174;112;76;26431;207;16840;4696;48174;142;106;26476;162;16840;4696;48174;176;140;26476;162;16840;4696;48174;136;100;
3800;3 ms;97;48271;0;9;19316;7231;15432;6195;48174;2282;1736;26070;477;15432;6195;48174;268;232;26160;387;15432;6195;48174;196;160;26340;207;15432;6195;48174;108;72;26385;162;15432;6195;48174;108;72;26385;162;15432;6195;48174;108;72;
3830;3 ms;97;48271;0;8;20582;7033;16014;4545;48174;2158;1728;27191;424;16014;4545;48174;514;320;27271;344;16014;4545;48174;186;156;27431;184;16014;4545;48174;136;106;27471;144;16014;4545;48174;102;72;27471;144;16014;4545;48174;102;72;
3860;3 ms;97;48271;0;8;20618;6777;16238;4541;48174;2170;1732;26971;424;16238;4541;48174;186;156;27051;344;16238;4541;48174;142;112;27211;184;16238;4541;48174;136;106;27251;144;16238;4541;48174;102;72;27251;144;16238;4541;48174;102;72;
3890;3 ms;97;48271;0;8;24033;6318;16556;1267;48174;2170;1840;29927;424;16556;1267;48174;184;160;30007;344;16556;1267;48174;180;156;30167;184;16556;1267;48174;168;144;30207;144;16556;1267;48174;100;76;30207;144;16556;1267;48174;100;76;
3920;3 ms;97;48271;0;7;24924;6220;15176;1854;48174;1748;1520;30773;371;15176;1854;48174;168;144;30843;301;15176;1854;48174;172;148;30983;161;15176;1854;48174;122;98;31018;126;15176;1854;48174;88;64;31018;126;15176;1854;48174;88;64;
3950;3 ms;97;48271;0;7;26533;5822;15558;261;48174;1738;1516;31984;371;15558;261;48174;334;316;32054;301;15558;261;48174;130;112;32194;161;15558;261;48174;116;98;32229;126;15558;261;48174;120;102;32229;126;15558;261;48174;86;68;
3980;3 ms;97;48271;0;7;26565;5538;15814;257;48174;1950;1728;31732;371;15814;257;48174;338;320;31802;301;15814;257;48174;134;116;31942;161;15814;257;48174;120;102;31977;126;15814;257;48174;124;106;31977;126;15814;257;48174;90;72;
4010;3 ms;97;48271;0;6;26418;5353;16146;257;48174;2166;1944;31453;318;16146;257;48174;90;72;31513;258;16146;257;48174;90;72;31633;138;16146;257;48174;90;72;31663;108;16146;257;48174;90;72;31663;108;16146;257;48174;90;72;
4040;3 ms;97;48271;0;6;26588;4976;16382;228;48174;2170;1948;31246;318;16382;228;48174;174;156;31306;258;16382;228;48174;138;120;31426;138;16382;228;48174;94;76;31456;108;16382;228;48174;94;76;31456;108;16382;228;48174;94;76;
4070;3 ms;97;48271;0;6;26608;4731;16378;457;48174;1954;1732;31021;318;16378;457;48174;166;148;31081;258;16378;457;48174;130;112;31201;138;16378;457;48174;86;68;31231;108;16378;457;48174;86;68;31231;108;16378;457;48174;86;68;
Fixed time simulation end ########################################

