0
170040
185800
224800
316760
320400
347720
413320
403360
379360
368840
359200
350160
342360
335320
329160
325640
320880
313040
320800
328880
337760
406240
471760
460560
448240
428840
406720
393720
381560
369640
359120
399920
428800
414840
399720
371120
351080
334400
322200
312320
304720
298040
292920
278000
289000
299440
306680
311400
313960
312720
308800
303200
284200
267720
253280
240520
229760
220880
213320
206680
215200
222120
228200
222240
219360
218280
217600
216760
215040
212640
200640
193120
185520
179520
174880
172280
172400
175280
207800
215280
210320
202200
198320
198560
201080
203040
232320
264920
255600
245400
234400
222680
211280
210440
235960
229560
221320
238960
253440
264600
272560
279640
287520
294120
300240
280480
268960
262200
258560
255320
251240
245520
242280
236680
238240
248480
256040
261080
262360
263280
265560
267920
258480
282520
305160
323360
335120
341400
342680
340560
335720
313840
293200
273800
256640
241040
227160
215720
205760
215840
241200
264680
266440
268400
271520
274800
279120
284320
289360
275560
273360
271920
270960
270480
270440
271680
272240
265600
252560
245480
239640
264160
284760
296520
306480
292520
276560
286760
311680
332960
350920
364080
371040
371280
364400
343040
318160
293000
270520
256840
253160
259840
277720
307680
308720
345600
381160
421560
463600
504080
540960
574080
602080
589120
616080
641720
669960
700000
731200
762560
790560
816960
798640
819520
829120
837360
845640
853080
861400
870520
862560
870720
912240
938200
964760
988000
1011400
1034480
1054560
1042520
1063360
1104240
1133920
1162440
1191360
1218000
1241240
1260400
1273760
1273080
1266080
1261760
1258040
1256480
1255280
1257680
1261480
1273360
1275720
1279000
1281680
1284720
1286880
1289840
1291840
1336640
1355440
1371440
1384560
1402640
1415680
1424200
1430680
1418760
1390200
1352880
1320520
1291440
1267240
1245640
1229000
1217360
1330320
1520920
1472920
1436160
1404880
1376160
1353120
1560360
1605720
1637920
1633160
1643520
1976520
2040600
1987720
1946680
1911880
1885800
1861360
1826040
1796000
1768840
1744680
1729160
1716400
1705200
1718880
1704480
1688240
1676320
1666960
1740960
2098320
2066200
1948840
1929880
1878800
1837040
1799920
1765840
1817440
2147240
2106160
1972200
1972520
1941080
1911040
1884160
1860200
1838240
1819920
1803880
1713280
1725400
1705440
1689280
1674680
1661480
1649600
1639080
1629120
1542880
1517560
1479120
1445600
1414920
1388120
1364080
1340280
1320200
1298920
1350400
1377760
1402560
1423880
1444040
1462360
1480920
1477000
1465720
1517440
1549640
1574800
1598680
1622480
1648760
1669080
1643040
1612600
1614480
1615120
1618360
1622160
1628320
1945680
2077600
1986760
1954880
1948080
1937120
1926800
1921400
1918200
1909560
1900240
1828560
1797400
1765120
1736800
1711520
1686760
1663680
1641520
1620480
1541160
1592800
1613880
1630160
1644080
1651840
1659880
1668280
1675240
1601520
1668720
1689960
1706960
1721200
1732720
1742320
1748360
1752680
1679600
1697440
1685200
1677040
1669440
1663520
1656880
1647680
1639400
1580520
1619360
1625160
1632960
1639800
1645520
1649840
1654240
1657800
1604720
1641920
1652040
1658960
1665240
1671080
1677400
1686320
1682800
1624520
1633080
1634440
1633680
1631080
1634920
1638880
1948960
2133840
2012360
1963960
1919480
1878000
1842320
1817760
1792880
1768000
1711560
1704600
1747040
1790800
1832200
1868360
1900240
1930240
1959920
1890960
1979920
2047840
2103000
2152480
2198200
2237400
2274080
2305760
2218240
2629240
2714800
3024280
3119800
3303480
3497080
3481840
3724680
3438520
3340360
3207800
3089920
2984240
2890440
2807240
2733160
2666280
2515640
2448440
2384400
2327920
2278800
2234160
2197080
2162960
2128680
2066960
2106120
2112680
2117400
2119880
2121000
2124920
2130720
2115080
2059640
2469120
2511800
2829160
2988480
3065920
3260520
3239200
3451240
3297360
3145200
3022160
2914520
2815280
2726240
2645840
2577120
2433400
2391360
2354400
2317760
2286320
2259280
2236920
2217040
2198800
2097800
2086240
2073160
2061040
2049040
2036200
2025800
2016000
2006320
1947520
1982120
2079040
2579880
2560440
2492920
2435440
2383600
2338760
2236800
2244520
2221080
2198320
2183200
2171760
2157280
2153080
2132800
2071640
2099880
2103640
2107960
2111440
2118240
2128600
2138000
2095000
2173440
2667920
2702240
3075120
3242840
3329240
3579600
3518520
3670080
3807000
3662120
3472400
3315680
3179720
3065160
2971640
2892120
2779560
2674160
2615440
2555200
2501680
2459240
2423520
2390960
2360880
2277120
2238880
2209240
2176880
2154440
2134760
2116880
2096960
2078200
1991240
2000840
2037560
2063160
2080320
2096680
2108880
2120720
2130240
2038440
2059680
2075720
2088560
2099880
2216040
2781320
2771680
2698360
2541760
2489600
2437400
2394080
2357480
2325040
2296720
2268320
2245600
2207280
2818800
3063080
3357880
3746360
3736040
4175440
4090120
4269800
4283960
4262480
4398640
4397760
4466200
4507600
4510200
4592840
4301520
4328800
4237480
3933760
3688280
3483000
3306080
3155000
3024040
2841920
2790200
2738080
2690600
2645800
2609560
2578560
2549400
2524640
2487600
2447360
2415400
2377600
2345680
2316840
2290560
2264080
2248360
2234360
2220560
2217160
2212480
2205560
2198200
2185440
2165800
2136280
2111400
2090760
2070840
2052120
2036680
2026080
2021000
2433160
2718000
2994760
3198120
3416360
3723840
3707360
4103680
4052920
3785640
3967640
3977720
4080840
4316680
4049600
3782720
3550920
3354960
3188440
3050440
2929960
3183960
3274480
3107080
2975360
2891280
2813680
2745720
2685120
2629360
2579960
2536680
2503160
2874720
3490040
3515200
4031960
4099640
4362120
4664400
4549160
4568280
4749480
4614920
4996880
4789680
5074120
5094120
5039280
5252120
4976320
4605880
4287120
4023520
3811840
3630840
3473640
3334080
3142800
3009320
2917160
2838440
2764400
2695680
2633800
2578680
2529160
2398280
2764680
2950280
3224200
3552120
3529120
3856000
3757600
4049960
3762720
3961880
4331720
4239840
4652240
4524360
4755600
4737640
4783400
4700840
4580880
4235440
3958240
3723760
3526440
3354120
3206640
3076480
2882760
3208640
3328000
3535400
3661680
3740840
3818720
3875800
3914120
3596560
3429760
3292440
3176760
3080760
3007560
2950440
2898520
2783880
2818640
3224080
3224640
3441200
3567120
3581360
3820480
3698560
3778680
3914640
3722280
3553960
3419120
3300960
3198400
3106040
3027200
2864800
2844400
2857720
2861560
2863600
2866800
2868640
2869200
2870000
2719560
3093920
3359280
3447200
3827120
3724640
4034160
4177040
4075000
4038320
4401800
4512440
4166000
4192760
4239960
3935040
3685720
3435000
3249360
3145280
3058640
2982880
2914720
2844160
2780800
2724560
2578960
2488280
2408000
2336840
2269560
2209240
2154640
2104560
2060080
1956960
1921880
1885400
1853080
1823400
1795960
1770520
1748160
1727760
1688720
1737280
1775840
1808600
1838760
1870280
1899640
1920760
1880000
1892360
1916680
1938920
1954960
1969160
1974440
1978840
1982640
1895320
1831320
1782000
1736120
1695680
1660720
1630760
1603760
1580160
1531520
1595000
1647360
1693240
1731080
1765120
1795560
1824160
1844000
1740400
1699880
1664600
1634120
1608960
1588840
1571080
1553280
1499240
1508240
1537440
1564320
1586760
1603600
1621680
1634240
1643240
1573040
1538560
1510160
1485480
1464000
1444760
1428600
1414520
1401480
1364920
1427720
1467720
1504080
1536600
1564000
1590080
1612640
1631560
1577320
1607160
1632320
1654040
1675520
1698720
1716920
1730440
1688440
1640920
1636400
1634360
1633360
1628400
1625640
1622800
1621000
1550440
1586600
1621200
1650080
1671920
1693160
1715640
1737040
1758360
1714680
1808400
1877320
1943840
2007680
2068040
2125160
2184160
2234560
2166840
2219880
2268880
2315840
2360760
2410040
2455120
2490280
2434800
2348640
2315280
2290720
2270040
2246600
2227480
2209680
2194440
2095160
2172280
2234440
2289280
2335320
2375440
2412840
2444920
2474480
2399280
2492080
2566680
2632480
2691840
2738800
2785160
2830480
2835360
2715680
2718760
2722400
2727920
2734960
2742360
2743480
2743040
2640240
2618720
2655280
2683320
2701360
2712520
2723120
2732720
2739240
2613080
2641360
2659360
2677880
2691480
2702280
2710600
2716200
2723240
2605760
2635320
2660640
2681160
2699480
2716440
2738560
2761360
2726280
2725120
3126560
3168800
3478120
3493440
3750280
3532240
3349040
3279160
3508560
3454520
3271040
3119240
2990320
2876560
2776280
2688960
2573960
2590280
2605400
2620040
2631600
2643400
2657760
2673320
2636320
2535600
2531920
2528000
2530640
2532840
2529080
2522400
2517960
2492520
2444520
2404400
2369200
2338080
2312720
2296880
2279360
2259720
2250200
2241160
2233440
2224840
2217520
2213040
2207880
2211400
2267440
2318760
2362000
2396360
2428000
2452360
2472920
2491120
2456000
2394720
2341360
2303040
2270480
2238320
2205760
2180520
2198840
2685880
2751120
2648600
2564000
2492480
2428920
2370240
2318000
2346880
2390000
2895600
3382880
3280960
3202720
3135720
3084720
3533040
3761480
3576440
3425960
3293240
3181720
3083560
2997720
3013600
3471000
3454600
3875000
3816280
4120400
4151840
4262240
4255920
3997040
4284600
4159880
4411880
4275120
4532120
4366040
4585200
4265240
4401160
4548080
4261280
4025400
3827000
3658400
3513800
3390880
3175120
3080000
2992160
2915280
2846840
2787080
2733760
2685280
2642200
2503200
2455080
2407840
2364320
2326480
2290320
2263280
2239320
2194720
2117600
2119280
2114760
2116000
2119280
2119840
2117160
2114480
2034480
2099520
2196080
2280960
2348440
2404920
2454920
2499400
2538280
2423600
2383960
2345680
2313320
2286120
2257840
2235760
2215680
2198920
2142120
2247160
2336080
2412440
2477800
2536000
2596920
2649560
2643080
2658000
3084200
3145400
3481800
3509880
3843040
3792600
4105680
3791080
3642680
3514640
3406640
3397880
4017680
3944920
3768080
3621320
3396000
3370280
3323360
3282400
3247080
3216560
3187000
3162720
3140080
3012680
3471440
3463360
3876800
3808760
4150040
4043720
4336080
4059400
3839240
3683800
3551080
3436000
3337400
3249640
3173000
3106360
2940440
2948480
2945960
2943560
2939880
2935440
2932120
2932360
2928400
2762760
2693680
2621680
2555720
2499080
2447960
2404120
2373160
2313720
2220760
2192720
2163840
2139680
2124000
2106320
2086920
2067320
1986640
2033120
2116000
2187440
2242960
2292840
2336640
2374560
2404920
2312280
2386200
2446000
2494680
2539240
2575920
2606920
2634960
2658480
2511880
2527720
2984040
3013920
3420200
3384880
3719480
3648480
3919120
3772040
3667320
3580120
3500960
3426960
3362400
3310200
3266760
3075360
2955120
2848000
2754760
2670800
2597320
2534120
2478000
2425280
2331880
2374560
2405160
2431320
2451080
2471080
2487760
2509640
2503160
2364800
2319640
2280040
2247360
2223200
2202120
2179920
2157960
2071760
2123320
2210880
2292600
2355920
2415760
2461440
2499120
2535360
2428560
2432360
2433000
2431000
2428320
2425960
2422680
2418280
2414640
2291240
2262040
2228840
2195920
2168160
2141680
2120040
2107960
2071160
2059960
2137840
2196920
2248000
2300400
2795240
3224760
3147640
3045600
2924160
2912000
2901480
2898800
2903880
2908480
2907160
2906960
2791200
2770560
2790520
2799160
2801920
2800280
2797200
2792880
2791040
2643320
2572400
2505680
2444040
2386560
2335200
2291720
2254000
2222280
2139760
2177920
2203120
2218560
2221720
2218520
2215760
2212640
2162560
2102800
2118840
2128680
2136720
2138600
2132320
2123960
2115360
2022520
2028240
2052360
2064680
2071440
2074760
2077520
2079360
2076160
1974040
1955960
1937840
1923000
1910400
1899080
1892440
1884320
1877720
1805800
1815320
1817240
1821440
1825440
1832800
1848080
1866160
1839600
1835040
1897920
1954760
2010120
2057040
2092240
2126120
2152240
2071560
2002760
1954960
1908240
1868840
1832760
1802840
1775640
1751440
1671400
1664920
1655480
1649880
1643000
1635200
1629280
1624320
1620600
1589840
1665280
1727360
1780960
1828880
1872080
1915600
1952720
1942600
1888600
1905440
1919040
1937600
1952800
1964080
1971040
1976960
1963960
1934080
1907120
1883560
1861760
1845040
1836440
1827240
1815440
1811160
1807320
1803440
1798400
1795800
1792000
1787560
1787600
1837400
1884000
1914880
1942440
1968240
1988360
2007480
2022920
1988480
1933760
1886120
1849000
1815960
1786320
1756440
1746480
2065640
2151760
2078200
2015600
1962800
1915400
1875920
1839200
1806000
1832240
1870280
1906960
1933120
1952720
1968920
1983480
1995480
1990800
1975120
1962960
1952240
1950360
1947240
1944240
1937720
1916000
1870400
1830920
1794440
1762240
1734080
1709400
1687840
1662480
1593720
1586880
1581440
1575840
1570160
1568880
1567240
1563400
1519280
1526400
1571120
1614400
1651000
1679320
1702880
1725960
1747360
1676080
1687080
