2389
2389
2392
2394
2397
2398
2401
2405
2404
2405
2407
2407
2409
2410
2411
2412
2412
2413
2414
2418
2415
2416
2417
2417
2415
2418
2418
2421
2418
2418
2412
2400
2398
2402
2400
2400
2400
2395
2384
2383
2383
2381
2382
2380
2374
2366
2362
2365
2362
2362
2360
2360
2347
2341
2343
2342
2341
2340
2340
2331
2321
2322
2321
2319
2318
2318
2310
2301
2302
2301
2299
2297
2295
2290
2280
2280
2282
2273
2263
2257
2260
2260
2261
2260
2259
2254
2244
2250
2251
2251
2252
2252
2244
2236
2238
2241
2239
2241
2241
2237
2226
2226
2229
2228
2228
2228
2226
2216
2218
2217
2215
2217
2214
2215
2204
2201
2202
2202
2204
2202
2202
2191
2185
2187
2187
2187
2186
2187
2178
2169
2170
2172
2168
2169
2169
2162
2152
2154
2155
2154
2152
2151
2146
2136
2133
2137
2135
2135
2133
2128
2120
2116
2117
2116
2116
2114
2111
2103
2098
2099
2101
2096
2094
2093
2083
2077
2079
2077
2078
2074
2073
2065
2058
2056
2058
2056
2054
2053
2045
2037
2039
2037
2035
2033
2031
2024
2018
2016
2016
2017
2013
2011
2006
1998
1992
1995
1993
1991
1989
1986
1979
1977
1974
1972
1971
1966
1965
1959
1952
1954
1950
1948
1946
1944
1934
1930
1929
1928
1926
1924
1922
1920
1908
1907
1906
1904
1899
1900
1895
1887
1889
1884
1882
1881
1877
1873
1866
1863
1863
1861
1859
1858
1854
1846
1842
1841
1836
1838
1835
1834
1829
1820
1821
1819
1816
1811
1813
1806
1799
1799
1799
1797
1797
1793
1787
1781
1778
1779
1776
1775
1774
1769
1762
1760
1760
1756
1756
1755
1752
1745
1742
1742
1742
1740
1737
1735
1727
1722
1729
1732
1733
1738
1735
1736
1729
1724
1725
1729
1731
1732
1734
1727
1721
1729
1727
1728
1729
1730
1723
1720
1722
1725
1729
1728
1729
1726
1718
1720
1724
1723
1726
1727
1726
1720
1717
1722
1722
1725
1723
1726
1719
1716
1723
1722
1724
1725
1726
1718
1715
1719
1721
1722
1722
1726
1719
1712
1717
1720
1719
1723
1725
1719
1715
1716
1720
1722
1723
1722
1719
1712
1716
1720
1721
1723
1728
1721
1714
1716
1720
1719
1724
1726
1723
1715
1717
1720
1721
1723
1725
1722
1714
1717
1721
1722
1724
1726
1722
1714
1716
1716
1721
1723
1725
1721
1711
1715
1718
1717
1717
1722
1716
1709
1712
1715
1715
1719
1719
1713
1706
1708
1708
1711
1712
1714
1708
1700
1704
1704
1704
1706
1707
1700
1694
1697
1698
1699
1699
1700
1693
1686
1687
1690
1690
1691
1694
1684
1679
1681
1681
1678
1681
1681
1674
1669
1671
1672
1675
1671
1671
1664
1659
1661
1662
1662
1661
1662
1653
1650
1652
1650
1651
1650
1649
1643
1639
1641
1642
1641
1640
1638
1631
1626
1630
1629
1630
1630
1627
1620
1618
1618
1614
1617
1616
1614
1607
1605
1607
1608
1605
1603
1600
1594
1592
1591
1590
1589
1586
1585
1578
1573
1572
1572
1571
1568
1566
1560
1557
1558
1554
1553
1550
1547
1537
1538
1537
1535
1537
1531
1529
1523
1520
1519
1517
1517
1515
1512
1506
1505
1504
1501
1501
1498
1493
1490
1488
1487
1487
1486
1484
1480
1475
1470
1473
1472
1471
1470
1467
1462
1461
1461
1459
1459
1456
1454
1449
1448
1449
1450
1448
1446
1443
1436
1438
1439
1437
1437
1436
1434
1430
1428
1429
1428
1427
1424
1424
1418
1419
1422
1419
1420
1420
1416
1407
1411
1412
1411
1411
1411
1407
1403
1403
1404
1403
1403
1404
1398
1393
1395
1399
1395
1395
1395
1389
1384
1386
1388
1387
1386
1388
1385
1377
1379
1379
1380
1376
1381
1375
1371
1375
1373
1373
1373
1373
1367
1363
1365
1367
1366
1366
1369
1361
1357
1358
1358
1359
1360
1360
1355
1354
1353
1353
1354
1353
1353
1348
1346
1348
1349
1350
1351
1350
1344
1341
1344
1343
1348
1347
1347
1344
1339
1342
1343
1345
1343
1347
1341
1338
1341
1343
1345
1347
1347
1340
1338
1340
1343
1345
1347
1347
1344
1338
1342
1343
1345
1345
1348
1342
1339
1343
1345
1349
1347
1348
1343
1339
1343
1349
1350
1353
1358
1358
1360
1364
1365
1368
1372
1374
1376
1379
1381
1385
1385
1386
1388
1390
1390
1394
1397
1399
1402
1402
1404
1406
1407
1407
1410
1412
1413
1415
1416
1417
1421
1415
1408
1410
1412
1409
1414
1413
1411
1409
1405
1407
1407
1407
1406
1406
1400
1398
1399
1399
1402
1399
1399
1393
1389
1388
1391
1390
1390
1392
1384
1379
1381
1380
1377
1379
1379
1374
1368
1368
1370
1367
1366
1365
1361
1353
1354
1354
1352
1352
1352
1346
1341
1339
1338
1334
1335
1332
1330
1324
1322
1323
1319
1316
1314
1312
1305
1304
1302
1300
1299
1296
1293
1288
1284
1280
1280
1278
1276
1272
1269
1265
1262
1260
1257
1254
1249
1247
1243
1240
1237
1236
1231
1228
1225
1220
1216
1215
1211
1208
1204
1201
1199
1194
1191
1187
1183
1178
1177
1173
1169
1167
1163
1159
1156
1153
1147
1144
1141
1138
1134
1131
1127
1126
1119
1116
1113
1108
1105
1101
1099
1095
1093
1087
1084
1080
1076
1071
1069
1066
1062
1060
1057
1053
1049
1046
1041
1039
1034
1032
1029
1026
1023
1022
1015
1013
1008
1005
1001
1000
996
993
990
986
985
980
977
974
970
964
965
961
958
956
952
950
946
944
939
937
934
932
928
926
924
920
917
914
911
906
906
902
899
897
897
891
888
886
881
876
877
874
871
868
867
867
860
858
855
852
847
847
843
842
840
837
834
831
828
823
823
821
819
816
813
812
808
806
803
800
794
795
793
790
788
789
783
780
777
775
773
771
769
766
764
761
762
756
754
751
748
748
745
743
741
739
736
733
732
728
724
724
722
720
718
716
716
711
709
707
704
700
701
698
698
696
693
691
690
688
684
685
683
682
679
678
678
675
675
673
672
667
668
668
668
667
670
666
663
662
662
663
663
662
662
660
659
660
661
661
661
659
659
659
661
661
666
664
665
662
661
665
666
669
671
672
670
672
674
676
679
680
683
680
682
687
690
694
696
698
695
695
703
706
711
716
718
716
717
723
728
733
734
740
737
740
747
754
758
763
765
762
759
764
767
767
769
770
771
766
767
770
770
770
775
774
772
774
779
778
781
783
782
780
782
786
788
792
795
794
791
795
798
799
805
808
809
805
810
814
816
821
825
822
821
825
831
835
839
846
843
839
844
849
850
860
863
863
860
864
871
875
880
884
884
881
887
893
898
904
908
908
903
909
915
921
927
932
932
929
934
941
946
951
954
958
951
958
965
970
977
981
982
977
983
988
994
1001
1008
1005
1003
1007
1016
1020
1026
1031
1031
1025
1033
1040
1046
1054
1057
1055
1051
1056
1062
1070
1077
1083
1081
1075
1084
1091
1096
1099
1108
1105
1099
1108
1116
1122
1127
1134
1129
1125
1132
1141
1146
1153
1159
1158
1150
1158
1166
1171
1178
1184
1180
1175
1184
1192
1201
1203
1210
1205
1200
1207
1218
1224
1230
1239
1230
1227
1237
1243
1247
1255
1261
1255
1253
1264
1271
1276
1280
1287
1280
1277
1290
1296
1303
1309
1313
1307
1306
1316
1320
1329
1334
1338
1332
1333
1343
1352
1356
1361
1365
1358
1357
1369
1375
1383
1390
1391
1385
1386
1396
1399
1410
1414
1418
1410
1413
1425
1435
1440
1448
1455
1450
1445
1456
1466
1474
1479
1485
1481
1475
1484
1496
1502
1509
1517
1511
1505
1520
1526
1532
1539
1546
1540
1534
1546
1555
1565
1569
1578
1569
1563
1576
1585
1592
1597
1607
1600
1595
1604
1614
1621
1627
1632
1628
1622
1634
1645
1649
1656
1664
1655
1648
1663
1671
1678
1683
1691
1683
1682
1690
1699
1706
1711
1715
1710
1706
1719
1729
1734
1739
1746
1737
1732
1746
1754
1762
1767
1773
1765
1765
1774
1781
1788
1794
1797
1792
1791
1802
1812
1817
1822
1828
1819
1818
1830
1837
1845
1850
1856
1848
1846
1858
1865
1873
1876
1884
1874
1873
1887
1892
1901
1906
1912
1900
1901
1912
1920
1928
1933
1940
1933
1928
1940
1947
1955
1958
1968
1959
1957
1967
1975
1982
1988
1990
1985
1981
1993
2001
2009
2014
2024
2011
2008
2020
2027
2035
2040
2048
2039
2033
2046
2053
2062
2064
2074
2064
2060
2072
2080
2087
2094
2098
2087
2085
2097
2102
2113
2118
2124
2113
2111
2124
2129
2137
2143
2148
2137
2136
2148
2155
2165
2169
2174
2162
2161
2171
2180
2188
2193
2199
2186
2186
2198
2204
2214
2218
2222
2211
2212
2234
2247
2265
2272
2283
2272
2270
2288
2305
2319
2331
2345
2332
2326
2346
2358
2373
2385
2399
2386
2380
2400
2415
2429
2438
2453
2439
2430
2452
2466
2479
2491
2503
2489
2481
2501
2514
2527
2537
2552
2539
2528
2549
2564
2573
2584
2597
2584
2570
2594
2608
2622
2628
2642
2631
2618
2637
2652
2662
2673
2684
2674
2661
2681
2694
2703
2713
2725
2712
2703
2720
2737
2742
2753
2764
2756
2743
2758
2773
2781
2791
2802
2793
2780
2795
2809
2816
2827
2835
2830
2816
2830
2844
2851
2862
2871
2864
2852
2862
2877
2885
2895
2904
2897
2886
2895
2910
2916
2925
2935
2928
2915
2925
2940
2947
2956
2964
2956
2941
2955
2969
2976
2985
2994
2987
2969
2983
2996
3002
3012
3021
3014
2998
3010
3024
3030
3037
3048
3040
3024
3036
3049
3055
3063
3076
3062
3047
3060
3072
3077
3088
3098
3086
3070
3084
3095
3100
3110
3119
3110
3094
3106
3119
3125
3137
3142
3134
3119
3125
3140
3146
3159
3163
3156
3138
3148
3162
3167
3176
3183
3176
3160
3168
3183
3187
3196
3202
3193
3175
3189
3202
3207
3214
3222
3212
3194
3191
3188
3183
3175
3170
3166
3151
3139
3135
3131
3126
3121
3113
3102
3090
3089
3084
3080
3074
3069
3056
3045
3044
3041
3037
3032
3030
3018
3004
3004
3001
2996
2990
2990
2978
2966
2967
2964
2961
2955
2956
2942
2932
2933
2931
2928
2924
2924
2908
2900
2901
2897
2893
2893
2891
2881
2869
2871
2869
2867
2863
2861
2848
2843
2844
2842
2841
2839
2835
2822
2816
2818
2813
2816
2813
2813
2797
2792
2794
2792
2791
2790
2786
2773
2769
2772
2768
2771
2770
2763
2751
2747
2748
2748
2748
2747
2742
2729
2726
2729
2725
2727
2726
2720
2708
2706
2709
2707
2712
2705
2701
2688
2685
2687
2686
2688
2687
2679
2667
2665
2669
2666
2667
2666
2659
2647
2647
2649
2648
2647
2646
2638
2627
2624
2630
2628
2631
2627
2618
2607
2608
2610
2608
2608
2608
2598
2586
2590
2593
2589
2588
2588
2577
2563
2570
2570
2572
2569
2568
2557
2547
2547
2550
2550
2548
2548
2539
2529
2531
2531
2528
2528
2526
2514
2508
2509
2513
2507
2507
2506
2496
2484
2488
2488
2486
2485
2484
2474
2466
2467
2466
2464
2462
2459
2452
2443
2447
2444
2442
2441
2438
2430
2420
2421
2421
2418
2418
2418
2415
2401
2399
2400
2397
2396
2395
2391
2383
2377
2379
2377
2374
2372
2369
2359
2355
2357
2354
2354
2353
2348
2337
2333
2335
2330
2332
2329
2328
2317
2312
2313
2310
2306
2307
2305
2296
2290
2291
2289
2290
2285
2285
2275
2267
2265
2268
2266
2265
2263
2254
2246
2246
2243
2244
2242
2241
2233
2224
2226
2227
2223
2222
2221
2214
2202
2204
2204
2202
2202
2201
2196
2187
2183
2185
2183
2183
2180
2177
2168
2166
2167
2165
2165
2162
2158
2151
2148
2150
2147
2148
2145
2145
2134
2130
2132
2132
2131
2129
2130
2123
2114
2116
2117
2116
2112
2116
2109
2100
2103
2103
2102
2102
2101
2096
2086
2088
2090
2089
2089
2091
2085
2074
2076
2077
2076
2078
2078
2071
2067
2064
2067
2065
2066
2066
2063
2055
2054
2055
2054
2057
2055
2053
2044
2041
2041
2043
2044
2043
2045
2033
2029
2032
2031
2033
2031
2030
2022
2018
2021
2021
2022
2020
2020
2012
2003
2009
2009
2009
2009
2010
2001
1994
1996
1997
1998
1997
1997
1990
1982
1986
1986
1985
1985
1985
1976
1971
1972
1974
1973
1971
1971
1967
1956
1954
1952
1947
1944
1940
1935
1929
1922
1919
1916
1911
1903
1903
1895
1890
1887
1882
1878
1874
1867
1862
1855
1853
1848
1844
1839
1835
1828
1822
1818
1813
1806
1804
1799
1792
1791
1782
1777
1774
1767
1763
1757
1751
1746
1742
1737
1733
1727
1721
1715
1710
1702
1701
1696
1691
1687
1679
1675
1670
1665
1656
1655
1650
1645
1639
1635
1631
1625
1620
1614
1609
1603
1599
1595
1590
1586
1580
1574
1570
1566
1559
1555
1551
1546
1540
1535
1532
1530
1522
1517
1512
1507
1499
1498
1493
1489
1487
1481
1475
1470
1466
1461
1457
1452
1448
1443
1439
1435
1429
1425
1421
1416
1411
1407
1404
1399
1395
1390
1386
1381
1376
1370
1369
1364
1360
1356
1351
1349
1342
1339
1334
1331
1325
1322
1318
1314
1311
1308
1303
1297
1293
1288
1285
1282
1277
1273
1270
1265
1263
1257
1253
1249
1245
1237
1237
1233
1229
1227
1222
1217
1214
1210
1204
1202
1198
1195
1191
1187
1184
1183
1176
1172
1168
1164
1160
1158
1154
1150
1149
1143
1139
1136
1132
1125
1124
1122
1118
1114
1111
1109
1104
1101
1097
1093
1089
1086
1084
1080
1077
1076
1070
1066
1063
1060
1057
1056
1060
1058
1054
1051
1053
1055
1056
1058
1057
1055
1055
1055
1058
1059
1061
1061
1061
1057
1054
1059
1060
1062
1062
1064
1060
1060
1061
1061
1063
1063
1064
1060
1057
1060
1064
1063
1063
1065
1060
1055
1060
1062
1063
1063
1064
1063
1057
1060
1062
1062
1060
1064
1062
1058
1060
1062
1062
1063
1065
1062
1058
1059
1061
1061
1063
1065
1065
1058
1059
1061
1060
1063
1064
1062
1058
1061
1061
1061
1061
1063
1059
1057
1058
1061
1062
1063
1066
1064
1060
1061
1062
1061
1066
1065
1066
1062
1061
1064
1065
1066
1066
1068
1064
1062
1066
1068
1071
1074
1072
1068
1066
1068
1071
1075
1075
1076
1075
1070
1074
1077
1079
1078
1083
1079
1076
1081
1083
1087
1089
1090
1086
1084
1085
1092
1095
1097
1101
1095
1093
1098
1101
1103
1107
1110
1105
1104
1110
1115
1119
1120
1124
1118
1116
1123
1127
1131
1135
1141
1143
1147
1152
1156
1159
1165
1169
1173
1177
1183
1189
1191
1193
1198
1202
1204
1211
1216
1221
1226
1231
1233
1237
1241
1244
1250
1248
1243
1248
1253
1257
1265
1266
1263
1259
1261
1269
1272
1277
1281
1284
1276
1278
1284
1287
1292
1295
1297
1292
1294
1306
1320
1326
1336
1342
1349
1340
1342
1355
1363
1376
1379
1388
1382
1378
1389
1399
1407
1414
1424
1417
1414
1425
1434
1441
1447
1452
1451
1444
1457
1468
1472
1479
1487
1484
1476
1487
1496
1503
1510
1516
1516
1508
1515
1525
1530
1535
1545
1546
1538
1545
1554
1559
1568
1572
1573
1569
1571
1581
1587
1596
1600
1609
1598
1598
1609
1614
1624
1628
1637
1630
1626
1637
1644
1651
1655
1667
1658
1652
1665
1673
1681
1690
1695
1692
1684
1694
1700
1710
1718
1726
1726
1716
1723
1735
1739
1751
1757
1759
1750
1754
1767
1775
1783
1789
1796
1787
1784
1800
1808
1818
1825
1835
1826
1820
1833
1844
1853
1861
1870
1864
1855
1869
1883
1888
1898
1905
1902
1894
1905
1917
1926
1935
1943
1943
1933
1939
1955
1961
1974
1980
1984
1975
1981
1992
2000
2012
2017
2026
2016
2016
2032
2040
2051
2058
2069
2056
2053
2068
2080
2089
2097
2109
2102
2091
2107
2119
2127
2135
2147
2144
2135
2144
2157
2165
2176
2182
2185
2175
2182
2196
2203
2216
2226
2228
2217
2218
2233
2238
2253
2259
2272
2259
2253
2269
2278
2285
2296
2308
2297
2286
2301
2315
2329
2333
2343
2350
2352
2338
2343
2357
2363
2374
2379
2386
2373
2370
2385
2395
2403
2409
2420
2407
2399
2417
2423
2431
2438
2447
2436
2426
2440
2454
2457
2465
2473
2468
2453
2466
2477
2483
2491
2498
2497
2486
2489
2502
2507
2516
2517
2525
2510
2515
2524
2530
2539
2543
2548
2537
2532
2545
2552
2560
2564
2574
2560
2552
2564
2571
2574
2584
2591
2582
2568
2581
2589
2595
2598
2608
2601
2587
2597
2607
2612
2620
2624
2620
2607
2611
2620
2625
2633
2639
2637
2623
2623
2633
2636
2644
2647
2648
2637
2633
2642
2647
2652
2654
2658
2644
2635
2648
2652
2659
2659
2664
2653
2642
2649
2654
2658
2660
2664
2656
2643
2650
2653
2654
2658
2659
2651
2642
2644
2649
2647
2650
2651
2646
2635
2632
2637
2636
2638
2636
2635
2626
2618
2621
2619
2620
2615
2618
2606
2600
2600
2599
2598
2595
2594
2585
2574
2575
2574
2571
2570
2569
2558
2547
2545
2544
2538
2537
2535
2528
2516
2513
2509
2504
2503
2498
2492
2482
2477
2474
2469
2467
2460
2453
2442
2434
2434
2428
2426
2419
2413
2402
2396
2391
2387
2382
2376
2371
2360
2353
2346
2341
2330
2322
2314
2303
2296
2290
2283
2278
2268
2261
2251
2241
2236
2229
2222
2214
2207
2199
2191
2188
2177
2170
2163
2155
2146
2142
2135
2130
2121
2114
2108
2101
2090
2087
2081
2074
2068
2060
2055
2051
2041
2035
2029
2022
2014
2010
2003
1999
1991
1986
1979
1972
1964
1960
1955
1949
1942
1937
1932
1927
1919
1915
1910
1904
1898
1895
1889
1884
1882
1874
1869
1864
1858
1853
1849
1845
1840
1836
1830
1827
1824
1818
1813
1809
1802
1798
1792
1787
1785
1780
1777
1771
1767
1758
1756
1753
1748
1745
1741
1738
1733
1725
1724
1719
1715
1709
1710
1702
1698
1698
1691
1689
1684
1680
1675
1671
1668
1666
1662
1658
1657
1652
1643
1642
1639
1635
1634
1630
1625
1620
1617
1615
1612
1608
1602
1602
1600
1597
1593
1590
1587
1587
1580
1577
1574
1570
1567
1564
1561
1558
1554
1550
1547
1543
1537
1535
1532
1529
1525
1521
1518
1516
1508
1504
1500
1495
1492
1488
1484
1480
1474
1470
1467
1463
1457
1454
1448
1444
1440
1436
1432
1432
1424
1418
1413
1409
1403
1401
1396
1394
1391
1382
1378
1374
1369
1362
1360
1356
1352
1347
1343
1340
1334
1330
1325
1320
1313
1312
1307
1303
1300
1295
1289
1286
1282
1277
1273
1269
1265
1261
1256
1252
1251
1244
1240
1236
1231
1228
1224
1220
1216
1214
1208
1204
1200
1195
1192
1188
1184
1180
1177
1174
1172
1165
1162
1158
1152
1151
1146
1143
1139
1138
1132
1128
1125
1120
1116
1113
1110
1106
1102
1100
1099
1092
1089
1085
1081
1076
1075
1071
1068
1066
1061
1057
1054
1050
1044
1044
1041
1038
1034
1031
1030
1024
1021
1018
1014
1008
1008
1005
1002
1002
995
992
990
987
980
980
977
975
972
969
968
964
962
958
955
950
952
949
946
946
941
940
938
936
931
932
930
927
926
925
925
922
921
919
916
911
915
913
913
913
910
908
906
907
904
905
904
902
900
899
902
900
900
900
898
893
894
896
895
897
900
895
892
892
893
893
894
895
894
890
891
894
893
894
894
893
890
890
892
893
897
895
895
892
890
889
894
895
895
896
894
895
894
896
898
897
898
896
894
897
899
900
901
902
900
893
899
901
902
903
905
905
898
899
899
897
895
897
895
891
893
893
890
890
891
884
884
885
885
884
885
886
880
877
878
877
873
876
876
873
871
871
870
870
868
867
865
862
862
862
862
860
859
856
854
853
849
852
850
850
847
847
844
843
842
840
840
837
834
834
833
832
833
829
826
824
822
821
820
818
818
816
813
811
810
809
806
806
803
801
799
799
799
795
794
791
789
785
786
784
783
782
782
777
775
774
772
770
770
767
764
762
763
760
758
757
754
750
750
749
747
746
747
742
740
738
736
732
734
732
730
727
726
728
723
721
719
716
715
713
712
710
711
707
705
702
701
697
699
696
695
693
691
692
687
686
684
682
679
680
678
676
676
673
671
670
668
663
665
663
662
661
659
660
655
653
652
650
649
648
646
643
644
642
640
639
638
634
634
634
633
632
630
632
627
625
625
623
622
622
621
620
618
617
616
615
614
612
612
610
610
609
609
610
607
606
603
601
596
597
596
593
592
593
588
586
584
582
581
579
577
575
574
573
569
569
567
565
560
561
560
558
557
557
553
551
549
548
544
545
544
542
540
539
540
536
533
532
530
526
527
525
524
522
524
519
517
517
514
513
511
510
509
507
508
505
503
501
499
495
496
494
494
492
493
489
487
487
485
481
482
481
479
478
477
476
474
472
471
467
468
467
466
464
466
461
460
458
457
456
455
453
452
451
450
448
446
445
443
439
441
440
439
437
439
435
434
432
431
429
429
427
426
426
424
423
421
420
418
415
416
415
414
413
413
411
409
407
406
403
404
403
402
401
400
398
397
397
395
390
392
391
390
389
390
387
385
384
383
379
381
382
379
378
378
375
374
373
372
369
370
369
368
367
368
365
363
363
361
357
360
358
357
357
357
355
352
352
351
348
349
348
347
346
346
345
344
342
341
337
339
338
337
336
336
335
334
332
332
329
330
330
329
329
329
327
326
326
324
320
323
322
321
321
321
322
319
318
316
316
316
315
315
313
313
316
312
311
309
308
308
308
308
307
306
308
305
303
303
302
299
301
300
300
299
300
297
297
297
296
293
294
294
293
292
292
294
290
289
289
287
286
286
286
284
284
286
283
282
282
280
278
278
277
278
277
276
274
274
274
272
270
271
271
270
269
268
267
266
265
265
263
264
263
261
261
260
260
258
258
257
256
253
255
255
253
253
253
251
250
250
249
247
248
247
246
245
245
247
243
242
241
240
237
240
240
239
238
239
236
236
236
234
230
233
232
232
231
231
230
229
228
228
225
226
226
225
224
225
225
223
222
221
219
217
220
218
218
217
219
216
216
215
214
211
213
212
212
212
212
210
210
210
208
207
208
207
206
206
206
209
205
204
204
202
202
203
203
202
201
204
200
199
200
199
198
199
198
198
197
199
195
195
194
193
190
193
192
192
191
192
190
190
189
188
184
187
186
186
185
186
185
184
183
182
180
182
181
181
180
181
179
179
178
178
174
177
176
175
175
175
176
173
174
173
170
171
171
170
170
170
170
169
168
168
166
167
166
166
165
165
168
163
163
162
161
162
161
161
161
161
163
160
159
158
157
156
158
157
156
156
158
155
156
154
154
151
153
153
153
153
153
152
151
151
151
150
150
150
150
150
150
154
149
149
148
148
146
148
148
147
148
150
147
147
146
146
147
146
146
147
147
148
146
146
146
145
142
145
146
146
146
148
146
146
146
146
143
147
148
147
147
148
148
148
149
148
146
149
149
150
151
152
151
151
151
150
150
152
153
153
154
155
157
155
156
157
156
157
158
158
158
160
163
162
163
162
162
160
164
166
167
168
169
167
169
171
171
169
173
173
173
175
178
178
179
181
180
178
182
182
184
186
187
191
186
186
185
183
181
183
182
182
181
182
179
178
177
177
175
176
175
174
174
174
173
171
171
170
168
169
169
168
167
167
167
165
165
164
162
163
163
162
161
161
163
160
159
158
157
157
157
156
156
155
157
154
154
153
152
152
152
151
150
150
153
149
148
147
147
144
146
145
146
146
147
145
144
144
143
139
142
142
142
141
142
140
140
139
138
135
138
138
137
137
138
136
135
135
134
132
134
134
133
134
134
133
132
131
131
128
131
130
130
130
131
129
129
128
128
125
127
127
127
126
126
129
125
125
124
124
121
123
123
123
123
124
122
121
121
120
118
120
120
119
119
120
120
118
118
117
116
117
117
116
117
116
116
115
115
115
113
113
114
114
115
114
115
113
112
112
111
108
111
111
111
110
111
110
109
109
109
106
108
108
108
108
109
107
106
107
106
103
106
106
105
105
105
104
104
104
103
102
103
103
107
110
115
116
119
119
118
120
125
128
130
133
134
133
136
139
141
143
146
147
146
149
152
157
156
158
159
158
157
163
165
167
169
172
170
171
174
175
175
179
180
180
180
185
185
187
189
189
186
190
192
194
196
198
198
197
198
200
200
203
204
206
205
206
210
208
210
211
212
209
211
214
215
217
219
219
218
217
219
219
222
223
224
224
224
225
227
227
228
226
229
228
229
231
232
233
233
233
232
231
234
235
236
236
237
236
236
237
238
237
239
240
239
239
241
241
242
241
242
241
240
242
242
243
243
246
243
242
243
243
240
244
244
244
243
245
244
243
244
244
241
244
245
245
245
246
246
246
246
245
245
246
245
246
247
246
247
245
245
245
244
244
245
245
245
245
246
244
243
243
241
239
241
241
240
240
241
238
238
238
237
235
238
236
236
235
236
236
233
233
232
230
231
231
230
230
230
231
228
228
227
226
223
226
226
224
224
225
223
223
222
221
219
220
220
219
219
219
221
216
216
216
215
213
214
213
212
211
212
210
209
209
208
204
206
206
205
204
204
203
202
201
200
199
198
197
197
196
196
198
194
193
193
191
191
190
190
189
189
190
187
186
186
185
182
184
182
182
182
183
180
179
179
178
175
176
176
175
175
176
174
173
173
172
168
170
169
169
168
168
168
166
166
165
162
164
164
163
163
164
162
162
162
161
158
159
159
160
159
159
159
158
158
157
155
157
158
158
157
157
157
157
157
157
155
156
156
156
156
157
159
156
156
155
154
153
155
155
156
155
156
155
155
155
155
153
155
155
154
154
155
155
154
154
153
150
153
153
153
153
154
152
152
151
151
147
151
150
150
150
151
149
149
148
148
144
148
148
145
146
146
145
145
144
144
142
143
143
142
142
143
143
141
141
141
139
140
141
143
144
146
150
148
148
148
148
150
153
154
156
155
156
156
159
161
162
160
163
163
166
167
170
175
173
174
172
175
178
180
182
185
185
186
189
191
193
195
196
199
198
201
206
209
211
214
215
214
216
221
223
227
231
233
233
234
238
241
243
248
250
249
251
256
261
262
265
268
264
268
273
276
279
283
287
284
285
290
292
294
299
302
301
302
308
309
312
315
318
314
317
321
323
327
330
335
331
330
334
335
339
342
345
343
342
349
349
351
353
354
355
353
357
359
361
366
366
365
363
366
365
370
373
375
375
377
376
378
381
381
384
383
382
384
387
391
391
392
392
390
389
396
397
400
401
405
400
401
404
405
405
410
412
410
410
415
416
418
419
421
418
419
423
425
429
431
432
430
430
433
434
438
441
444
441
441
448
448
450
452
454
453
452
456
459
461
467
466
466
463
467
471
473
476
479
478
478
479
483
486
488
490
490
488
491
494
497
498
500
502
498
498
501
504
506
507
512
508
506
509
510
511
513
517
515
514
517
517
520
522
522
523
520
523
525
527
531
531
530
527
530
529
534
535
537
536
538
536
538
539
541
543
542
540
541
544
545
550
548
548
545
545
549
550
551
553
553
550
550
553
554
552
556
557
554
553
556
559
557
558
558
555
552
557
558
559
559
563
560
560
561
562
559
563
564
563
563
565
567
565
565
565
564
561
565
564
564
564
563
564
563
562
560
561
561
560
559
557
558
556
554
554
553
549
548
548
547
546
546
544
542
540
538
535
536
535
534
530
529
530
527
525
524
522
517
518
517
515
514
515
510
508
507
505
503
502
500
498
496
495
493
491
490
487
484
484
482
479
479
478
475
474
471
469
465
466
465
463
461
459
459
455
454
452
450
445
447
445
445
442
442
438
437
435
434
429
431
429
428
427
426
425
430
437
440
445
452
452
451
456
465
468
475
479
482
477
485
493
498
505
511
514
511
515
524
528
538
543
546
544
549
557
562
570
575
578
578
581
590
597
605
613
617
614
614
622
630
638
643
651
649
647
656
664
672
676
685
681
681
691
697
706
713
720
717
714
723
732
739
746
754
755
749
759
768
773
779
789
788
784
793
803
811
816
823
822
818
825
836
842
850
858
858
853
860
870
875
884
891
893
888
894
905
912
918
924
926
920
927
938
942
951
959
960
955
959
970
974
984
990
992
986
992
1003
1007
1015
1022
1023
1016
1023
1034
1039
1047
1055
1056
1051
1054
1063
1069
1078
1083
1086
1080
1084
1096
1099
1107
1112
1113
1108
1113
1123
1129
1139
1141
1145
1139
1140
1150
1156
1164
1169
1173
1168
1172
1179
1184
1192
1196
1201
1209
1217
1223
1231
1236
1242
1249
1255
1258
1268
1274
1281
1286
1292
1298
1303
1309
1316
1321
1326
1333
1339
1345
1352
1356
1361
1367
1372
1370
1366
1371
1377
1380
1389
1393
1395
1387
1385
1388
1386
1391
1391
1390
1385
1382
1385
1384
1387
1385
1388
1382
1378
1382
1382
1385
1387
1385
1379
1376
1379
1379
1382
1382
1384
1380
1373
1377
1377
1379
1377
1381
1374
1370
1373
1374
1377
1375
1376
1370
1366
1366
1369
1371
1370
1373
1366
1361
1364
1364
1362
1365
1365
1360
1355
1357
1359
1358
1358
1359
1353
1347
1351
1351
1351
1352
1353
1346
1341
1342
1343
1344
1343
1344
1339
1334
1335
1339
1335
1335
1335
1331
1322
1326
1327
1327
1328
1326
1321
1316
1317
1314
1317
1317
1317
1313
1308
1309
1309
1308
1308
1307
1300
1299
1298
1299
1298
1298
1297
1294
1289
1287
1289
1288
1288
1287
1285
1279
1282
1279
1279
1277
1276
1273
1269
1267
1269
1270
1267
1266
1265
1259
1255
1258
1257
1257
1256
1254
1250
1247
1248
1245
1246
1244
1245
1244
1244
1244
1244
1243
1242
1241
1240
1241
1240
1239
1238
1238
1238
1238
1235
1234
1233
1231
1233
1231
1230
1230
1231
1227
1227
1227
1224
1219
1215
1215
1215
1213
1212
1213
1206
1202
1202
1201
1196
1197
1197
1194
1192
1188
1187
1186
1185
1181
1181
1176
1175
1174
1172
1173
1171
1167
1162
1157
1150
1149
1145
1140
1137
1132
1128
1124
1119
1113
1111
1107
1103
1098
1095
1090
1090
1082
1079
1075
1070
1066
1063
1060
1055
1054
1048
1043
1041
1036
1030
1029
1026
1022
1018
1015
1014
1008
1004
1000
996
992
990
986
982
981
976
973
969
966
961
959
955
952
949
946
945
939
936
932
929
923
922
919
916
913
913
907
904
901
898
892
892
889
886
884
880
879
874
872
868
865
860
860
858
855
852
851
847
844
841
837
836
835
832
830
828
826
822
819
817
814
811
810
808
806
804
804
799
797
794
792
791
790
786
784
783
782
780
778
776
773
770
770
768
768
766
767
762
759
758
757
752
754
753
751
749
748
751
746
745
744
740
739
739
738
737
738
735
734
732
730
728
730
729
728
727
724
726
724
723
723
724
717
718
718
718
718
720
717
717
713
712
714
714
714
714
715
713
709
710
709
710
708
710
707
705
707
709
707
707
708
704
702
704
704
704
705
707
707
700
700
700
697
698
697
695
693
694
692
691
690
690
686
685
685
685
683
684
686
682
680
678
678
675
678
676
676
674
676
673
673
673
672
671
670
668
669
669
670
672
669
667
664
665
665
665
665
666
664
661
662
663
663
660
663
661
660
658
661
664
661
661
660
656
654
659
660
660
661
659
656
657
658
657
658
659
657
655
656
659
658
659
659
658
652
656
657
658
660
662
659
656
657
658
659
661
661
661
659
660
661
661
663
663
662
661
661
663
665
669
667
667
665
663
666
667
668
670
672
670
670
670
671
673
673
675
673
671
675
675
677
678
680
677
673
678
680
682
683
685
684
680
682
685
685
685
689
687
685
687
692
691
693
694
693
687
693
695
697
698
700
702
696
697
700
700
700
705
704
701
703
707
706
708
709
709
706
706
710
712
713
714
717
712
711
714
715
717
718
719
716
715
717
719
720
721
723
720
717
720
722
724
725
725
726
727
728
726
731
733
734
735
739
736
738
739
740
741
742
743
744
746
747
752
750
750
752
752
755
755
756
757
760
755
752
756
757
755
758
762
762
764
764
767
766
768
769
768
772
773
775
777
780
781
781
782
784
784
786
788
789
791
793
796
796
798
799
800
799
805
807
809
811
816
814
816
817
818
816
816
816
819
821
823
827
826
829
831
833
835
837
840
843
846
847
849
853
855
856
860
862
865
867
870
874
875
877
879
882
882
887
890
893
895
901
900
903
908
910
912
915
918
921
924
927
933
932
929
925
929
930
936
939
942
946
948
951
954
956
959
963
967
970
973
976
979
986
987
989
994
996
998
1001
1004
1008
1012
1014
1017
1020
1024
1023
1029
1032
1037
1041
1044
1049
1050
1054
1057
1060
1060
1065
1065
1062
1062
1070
1069
1073
1075
1078
1081
1086
1088
1093
1097
1101
1107
1106
1110
1113
1116
1117
1123
1125
1129
1133
1135
1138
1134
1130
1135
1145
1149
1155
1160
1167
1172
1179
1182
1188
1192
1196
1199
1205
1213
1220
1226
1228
1233
1236
1240
1246
1250
1253
1247
1245
1252
1259
1261
1264
1268
1271
1273
1280
1285
1289
1295
1298
1301
1305
1309
1310
1317
1321
1324
1327
1331
1335
1342
1342
1346
1350
1352
1357
1361
1365
1368
1374
1372
1366
1365
1370
1373
1378
1380
1384
1386
1392
1395
1397
1400
1405
1408
1408
1414
1417
1421
1425
1427
1430
1431
1435
1436
1441
1444
1447
1451
1454
1457
1461
1462
1465
1468
1469
1465
1459
1465
1469
1472
1473
1477
1478
1480
1484
1488
1491
1493
1496
1500
1505
1506
1508
1511
1513
1513
1518
1521
1524
1530
1530
1533
1536
1539
1538
1544
1547
1549
1552
1554
1553
1546
1547
1552
1555
1556
1559
1559
1552
1552
1558
1559
1563
1565
1563
1558
1559
1565
1566
1571
1573
1577
1567
1566
1572
1574
1575
1580
1583
1577
1577
1581
1584
1587
1590
1592
1586
1582
1590
1594
1598
1603
1606
1598
1593
1600
1602
1610
1612
1617
1614
1604
1611
1617
1620
1621
1628
1624
1617
1622
1630
1632
1639
1640
1638
1631
1634
1638
1643
1650
1653
1654
1643
1640
1638
1633
1630
1627
1623
1616
1612
1611
1608
1605
1603
1599
1591
1586
1587
1584
1582
1580
1574
1568
1565
1564
1560
1560
1557
1554
1548
1544
1544
1543
1539
1537
1535
1526
1522
1523
1521
1519
1520
1516
1509
1505
1502
1502
1501
1498
1496
1490
1486
1487
1484
1483
1480
1478
1470
1469
1468
1467
1467
1463
1462
1456
1451
1448
1450
1448
1446
1446
1440
1436
1435
1434
1432
1430
1426
1424
1419
1419
1421
1416
1415
1414
1409
1403
1403
1403
1402
1400
1399
1397
1388
1389
1388
1386
1384
1385
1380
1375
1377
1375
1373
1372
1369
1366
1361
1361
1360
1359
1359
1360
1355
1349
1348
1348
1346
1347
1345
1343
1341
1336
1336
1335
1334
1333
1332
1326
1324
1325
1323
1325
1322
1323
1317
1313
1311
1314
1313
1313
1314
1307
1303
1304
1304
1302
1303
1303
1298
1293
1294
1296
1299
1294
1294
1295
1294
1296
1296
1295
1297
1296
1297
1296
1297
1295
1297
1297
1296
1296
1297
1298
1300
1298
1299
1298
1299
1300
1300
1299
1300
1297
1291
1293
1292
1292
1293
1292
1290
1284
1285
1287
1289
1286
1286
1284
1277
1278
1280
1280
1281
1283
1279
1273
1275
1286
1296
1305
1313
1320
1314
1314
1328
1333
1342
1347
1354
1350
1347
1358
1366
1374
1379
1388
1381
1376
1387
1395
1401
1408
1414
1409
1406
1414
1421
1426
1431
1437
1435
1429
1437
1445
1448
1454
1459
1454
1451
1456
1463
1466
1472
1477
1479
1469
1472
1478
1481
1487
1490
1491
1485
1485
1492
1494
1499
1499
1503
1497
1495
1501
1503
1508
1511
1511
1503
1501
1506
1506
1512
1514
1518
1513
1506
1510
1513
1513
1516
1518
1513
1506
1511
1512
1517
1515
1516
1512
1504
1507
1510
1510
1512
1512
1508
1502
1501
1503
1503
1504
1504
1501
1495
1494
1498
1494
1495
1494
1493
1482
1483
1485
1483
1485
1481
1480
1474
1470
1468
1469
1469
1465
1465
1459
1456
1455
1454
1453
1450
1447
1443
1439
1438
1438
1435
1434
1431
1425
1417
1420
1418
1416
1414
1413
1408
1403
1401
1398
1395
1391
1391
1387
1381
1381
1377
1376
1372
1370
1364
1361
1358
1356
1353
1351
1349
1345
1339
1336
1334
1328
1329
1327
1323
1320
1314
1312
1309
1307
1300
1301
1297
1292
1291
1288
1286
1283
1279
1275
1270
1265
1267
1263
1261
1260
1252
1249
1248
1245
1240
1241
1239
1234
1229
1229
1229
1227
1224
1223
1222
1215
1214
1213
1213
1212
1212
1210
1206
1201
1200
1202
1202
1201
1200
1197
1194
1194
1194
1195
1194
1192
1192
1187
1188
1191
1191
1192
1193
1191
1184
1187
1189
1190
1192
1193
1193
1190
1188
1192
1194
1196
1197
1199
1193
1194
1201
1200
1204
1206
1207
1199
1202
1207
1210
1215
1218
1222
1216
1213
1219
1224
1227
1232
1238
1232
1229
1236
1241
1246
1250
1253
1251
1246
1254
1259
1265
1271
1278
1272
1267
1274
1281
1287
1292
1298
1297
1294
1297
1304
1309
1316
1318
1323
1317
1321
1330
1334
1342
1347
1349
1343
1345
1352
1359
1367
1372
1375
1368
1371
1380
1385
1391
1398
1402
1395
1396
1405
1412
1423
1423
1430
1424
1420
1431
1438
1444
1450
1458
1451
1447
1457
1462
1470
1477
1484
1479
1472
1482
1494
1496
1502
1509
1503
1499
1507
1516
1522
1527
1533
1530
1524
1529
1540
1545
1551
1557
1554
1547
1559
1564
1569
1575
1581
1577
1570
1579
1589
1593
1601
1606
1603
1594
1601
1612
1616
1624
1629
1630
1624
1626
1636
1640
1647
1649
1652
1645
1648
1660
1662
1670
1674
1674
1663
1667
1671
1664
1658
1664
1669
1674
1675
1679
1673
1664
1673
1678
1681
1688
1690
1686
1678
1686
1689
1698
1703
1708
1703
1696
1705
1713
1717
1723
1729
1724
1719
1726
1736
1743
1748
1755
1754
1745
1750
1762
1769
1777
1783
1785
1778
1781
1793
1799
1809
1813
1820
1811
1814
1829
1835
1846
1851
1857
1848
1849
1864
1872
1883
1889
1898
1888
1888
1903
1912
1921
1931
1941
1932
1931
1944
1955
1965
1974
1987
1977
1970
1987
2000
2010
2020
2036
2024
2015
2032
2045
2054
2067
2078
2073
2062
2077
2093
2102
2111
2125
2120
2109
2125
2139
2149
2162
2173
2170
2159
2170
2183
2196
2208
2220
2217
2206
2217
2233
2239
2256
2265
2266
2255
2263
2280
2288
2302
2310
2313
2302
2304
2325
2333
2349
2355
2362
2349
2350
2366
2378
2391
2398
2407
2395
2393
2413
2421
2433
2441
2451
2435
2435
2452
2465
2474
2482
2495
2481
2471
2492
2504
2514
2524
2535
2524
2513
2531
2543
2553
2562
2570
2566
2553
2571
2583
2591
2601
2610
2606
2593
2606
2621
2628
2639
2649
2650
2633
2643
2657
2664
2677
2686
2685
2671
2680
2695
2702
2714
2722
2725
2711
2706
2711
2716
2715
2721
2719
2714
2701
2700
2705
2706
2711
2712
2709
2696
2695
2701
2702
2707
2709
2706
2694
2693
2701
2703
2708
2709
2707
2695
2691
2703
2705
2713
2714
2713
2700
2699
2706
2712
2720
2723
2722
2709
2709
2720
2724
2731
2734
2732
2717
2721
2733
2738
2744
2748
2745
2732
2735
2748
2752
2762
2767
2763
2750
2756
2770
2772
2781
2786
2780
2768
2776
2789
2793
2802
2808
2803
2786
2798
2810
2816
2824
2832
2825
2811
2825
2834
2840
2848
2855
2850
2837
2848
2860
2865
2874
2883
2873
2860
2872
2885
2892
2901
2910
2901
2889
2901
2914
2920
2927
2939
2927
2916
2930
2942
2951
2959
2967
2957
2943
2961
2973
2982
2991
3003
2993
2975
2994
3007
3015
3025
3039
3025
3010
3029
3042
3051
3059
3073
3059
3045
3065
3079
3088
3099
3112
3094
3083
3102
3114
3126
3136
3151
3132
3120
3140
3153
3164
3174
3187
3172
3157
3177
3192
3202
3214
3223
3211
3193
3212
3229
3239
3252
3261
3250
3233
3249
3265
3274
3285
3296
3287
3270
3286
3301
3308
3320
3328
3321
3301
3317
3332
3341
3350
3359
3352
3333
3345
3361
3367
3378
3387
3379
3362
3367
3377
3380
3387
3388
3387
3372
3367
3377
3380
3387
3386
3385
3370
3365
3375
3377
3383
3383
3384
3365
3364
3369
3371
3376
3375
3375
3360
3357
3360
3362
3366
3365
3368
3352
3341
3348
3352
3353
3353
3358
3339
3328
3334
3336
3334
3337
3342
3326
3310
3316
3319
3317
3320
3321
3308
3291
3296
3299
3298
3300
3299
3286
3270
3274
3273
3275
3277
3275
3265
3249
3250
3250
3251
3252
3250
3241
3226
3225
3228
3228
3226
3223
3217
3199
3198
3201
3200
3199
3196
3190
3174
3170
3173
3170
3170
3167
3163
3148
3143
3144
3141
3141
3137
3132
3119
3113
3118
3112
3113
3109
3105
3092
3082
3085
3084
3082
3078
3077
3065
3053
3054
3053
3051
3048
3047
3035
3024
3025
3024
3022
3016
3019
3005
2993
2996
2995
2993
2991
2992
2976
2963
2966
2963
2963
2960
2963
2949
2936
2937
2936
2934
2932
2931
2921
2908
2907
2909
2907
2905
2902
2894
2881
2877
2881
2877
2880
2874
2867
2854
2852
2852
2849
2849
2846
2839
2827
2823
2827
2822
2821
2818
2812
2797
2796
2797
2797
2793
2790
2786
2774
2768
2770
2767
2766
2762
2759
2748
2744
2742
2740
2739
2734
2733
2721
2715
2722
2728
2730
2735
2734
2731
2719
2721
2726
2727
2731
2734
2728
2715
2716
2722
2720
2727
2726
2726
2711
2711
2715
2714
2718
2718
2717
2704
2700
2706
2707
2712
2709
2707
2695
2689
2695
2696
2700
2697
2698
2685
2679
2682
2686
2687
2686
2689
2676
2668
2671
2676
2676
2675
2678
2665
2656
2661
2665
2664
2665
2667
2656
2645
2650
2653
2655
2655
2657
2648
2639
2640
2644
2644
2645
2645
2639
2628
2631
2635
2635
2638
2637
2632
2620
2622
2628
2627
2630
2632
2627
2612
2614
2619
2617
2623
2624
2620
2607
2607
2612
2611
2611
2616
2612
2599
2599
2605
2604
2609
2608
2606
2594
2590
2592
2596
2600
2603
2599
2587
2582
2587
2588
2592
2591
2593
2581
2575
2580
2584
2584
2584
2587
2574
2565
2570
2574
2576
2575
2578
2565
2555
2561
2564
2564
2566
2568
2558
2547
2556
2556
2556
2557
2558
2550
2538
2545
2547
2548
2548
2550
2539
2530
2534
2539
2538
2540
2542
2537
2524
2526
2531
2530
2529
2533
2528
2520
2518
2521
2522
2523
2526
2521
2509
2510
2514
2514
2518
2521
2516
2503
2502
2506
2507
2510
2511
2509
2499
2494
2500
2497
2503
2502
2503
2492
2487
2497
2506
2510
2516
2519
2525
2510
2505
2514
2523
2525
2529
2535
2524
2511
2523
2529
2533
2537
2542
2533
2524
2530
2537
2541
2544
2550
2544
2532
2541
2545
2549
2554
2557
2551
2539
2545
2553
2555
2561
2566
2559
2547
2552
2559
2560
2567
2571
2570
2555
2558
2567
2567
2574
2577
2574
2562
2564
2573
2573
2583
2583
2581
2570
2569
2579
2581
2588
2590
2592
2579
2576
2583
2588
2594
2596
2598
2585
2582
2591
2598
2601
2602
2607
2594
2588
2597
2603
2608
2611
2618
2604
2594
2605
2611
2616
2620
2627
2617
2605
2617
2622
2626
2631
2635
2629
2617
2626
2633
2637
2643
2648
2638
2628
2637
2645
2650
2656
2661
2659
2644
2649
2659
2662
2668
2675
2673
2663
2664
2675
2677
2685
2690
2690
2677
2679
2689
2694
2703
2710
2705
2693
2695
2706
2709
2719
2724
2722
2709
2711
2724
2725
2737
2741
2743
2729
2730
2741
2746
2758
2759
2763
2749
2746
2759
2765
2776
2778
2784
2771
2765
2776
2785
2793
2796
2801
2787
2784
2797
2802
2811
2815
2822
2806
2802
2815
2825
2830
2835
2844
2830
2818
2832
2842
2848
2854
2862
2854
2842
2850
2861
2868
2872
2881
2870
2858
2856
2855
2852
2850
2845
2837
2824
2825
2824
2821
2819
2818
2809
2796
2795
2796
2789
2792
2790
2784
2768
2768
2769
2766
2766
2765
2758
2745
2744
2746
2743
2746
2742
2735
2723
2720
2724
2721
2723
2721
2717
2704
2700
2701
2702
2704
2703
2699
2687
2682
2686
2685
2686
2685
2682
2667
2666
2670
2670
2671
2670
2665
2652
2650
2656
2654
2657
2657
2652
2640
2641
2645
2643
2645
2646
2638
2629
2629
2636
2633
2637
2637
2628
2614
2621
2625
2626
2628
2631
2622
2612
2614
2619
2620
2622
2622
2615
2603
2613
2615
2616
2619
2621
2615
2603
2606
2612
2614
2616
2620
2616
2599
2605
2610
2611
2616
2619
2613
2600
2604
2611
2612
2614
2621
2610
2599
2607
2612
2615
2620
2623
2611
2600
2608
2610
2619
2622
2629
2618
2606
2612
2616
2622
2626
2630
2623
2612
2616
2625
2630
2630
2635
2627
2615
2619
2628
2632
2637
2641
2635
2622
2624
2634
2636
2643
2647
2639
2627
2633
2640
2642
2647
2651
2640
2631
2638
2648
2649
2654
2659
2649
2637
2645
2652
2655
2659
2664
2655
2647
2651
2658
2661
2664
2671
2662
2651
2658
2664
2667
2671
2675
2666
2654
2663
2673
2678
2684
2689
2695
2684
2672
2682
2686
2695
2700
2709
2699
2687
2694
2702
2706
2714
2719
2716
2703
2707
2718
2724
2730
2733
2733
2719
2721
2733
2737
2745
2749
2752
2739
2733
2746
2753
2761
2764
2774
2759
2751
2763
2770
2776
2781
2787
2778
2766
2780
2786
2791
2797
2804
2796
2782
2792
2801
2806
2812
2818
2816
2801
2806
2816
2819
2824
2833
2826
2814
2819
2829
2833
2838
2845
2843
2828
2831
2843
2845
2854
2861
2860
2846
2842
2851
2858
2866
2869
2870
2856
2853
2862
2866
2875
2878
2884
2871
2862
2873
2879
2884
2888
2895
2884
2868
2881
2889
2895
2898
2903
2891
2877
2888
2895
2899
2903
2909
2898
2885
2896
2901
2905
2910
2913
2906
2894
2900
2907
2908
2916
2918
2913
2901
2902
2911
2913
2920
2922
2922
2911
2904
2913
2915
2919
2923
2929
2916
2905
2913
2919
2921
2924
2930
2916
2905
2914
2919
2923
2927
2931
2921
2907
2913
2916
2922
2927
2930
2920
2906
2912
2916
2920
2925
2929
2920
2906
2911
2919
2918
2923
2926
2923
2905
2908
2917
2918
2922
2923
2923
2905
2905
2912
2914
2918
2920
2916
2902
2901
2901
2904
2902
2902
2903
2897
2885
2882
2886
2884
2886
2885
2882
2868
2865
2869
2869
2870
2869
2866
2853
2849
2854
2850
2855
2856
2852
2839
2835
2840
2837
2845
2843
2845
2831
2825
2831
2834
2836
2836
2841
2826
2813
2823
2828
2830
2831
2835
2826
2811
2818
2824
2826
2830
2832
2826
2814
2817
2822
2824
2828
2829
2827
2814
2818
2824
2825
2831
2834
2827
2813
2819
2826
2829
2835
2840
2837
2822
2824
2835
2837
2841
2847
2846
2834
2834
2843
2846
2853
2858
2861
2847
2845
2855
2860
2869
2874
2879
2864
2857
2868
2877
2884
2890
2898
2885
2873
2887
2894
2903
2909
2918
2903
2894
2908
2918
2925
2932
2941
2929
2912
2931
2942
2950
2957
2966
2960
2944
2955
2968
2974
2985
2992
2991
2978
2985
2996
3002
3014
3019
3025
3010
3012
3024
3032
3044
3049
3059
3045
3037
3054
3063
3074
3082
3096
3081
3066
3083
3096
3104
3114
3127
3116
3101
3114
3128
3135
3147
3156
3151
3135
3145
3160
3168
3179
3188
3186
3169
3172
3193
3200
3212
3219
3222
3205
3203
3224
3231
3244
3250
3258
3240
3236
3254
3265
3275
3280
3294
3277
3266
3285
3295
3304
3314
3321
3313
3297
3306
3319
3326
3335
3339
3352
3331
3319
3332
3339
3348
3354
3365
3344
3331
3344
3352
3359
3365
3373
3360
3343
3355
3365
3372
3374
3381
3370
3351
3363
3373
3379
3383
3388
3382
3363
3367
3378
3381
3388
3391
3384
3366
3373
3380
3382
3390
3391
3391
3373
3373
3380
3381
3388
3388
3391
3373
3366
3376
3378
3383
3383
3385
3367
3360
3368
3369
3371
3373
3380
3359
3349
3355
3358
3358
3361
3365
3350
3333
3341
3344
3345
3348
3346
3334
3317
3321
3326
3325
3325
3325
3316
3300
3298
3304
3300
3302
3300
3293
3277
3275
3281
3274
3275
3272
3268
3252
3247
3251
3246
3246
3241
3237
3224
3215
3217
3215
3214
3210
3210
3196
3183
3182
3183
3180
3177
3176
3167
3149
3150
3150
3144
3144
3141
3130
3116
3115
3114
3109
3108
3104
3095
3082
3077
3073
3072
3072
3067
3061
3047
3040
3039
3037
3035
3030
3026
3013
3004
3005
3004
3000
2995
2994
2977
2969
2970
2970
2965
2961
2959
2945
2934
2934
2934
2930
2929
2926
2917
2907
2902
2902
2898
2895
2894
2885
2877
2870
2871
2866
2864
2863
2858
2845
2839
2840
2837
2837
2836
2830
2817
2807
2801
2798
2793
2789
2781
2770
2758
2754
2751
2744
2739
2734
2726
2713
2710
2711
2700
2697
2692
2682
2672
2669
2667
2661
2658
2653
2646
2632
2631
2629
2624
2622
2616
2612
2602
2596
2596
2592
2589
2582
2582
2571
2568
2565
2562
2562
2557
2557
2545
2538
2540
2538
2537
2535
2537
2523
2514
2516
2513
2514
2514
2514
2505
2494
2497
2497
2494
2496
2496
2489
2478
2479
2483
2483
2482
2482
2477
2466
2462
2470
2469
2474
2471
2468
2457
2454
2460
2460
2463
2463
2463
2452
2449
2453
2453
2457
2455
2459
2447
2442
2448
2450
2452
2454
2457
2447
2438
2445
2449
2451
2454
2459
2449
2438
2445
2449
2450
2455
2459
2455
2442
2447
2453
2454
2456
2462
2459
2448
2450
2458
2459
2468
2467
2467
2455
2453
2462
2465
2472
2475
2476
2465
2460
2468
2473
2478
2480
2485
2474
2467
2477
2480
2484
2488
2494
2478
2473
2483
2491
2492
2495
2501
2493
2482
2489
2497
2499
2505
2509
2504
2496
2497
2505
2506
2511
2516
2513
2503
2503
2512
2514
2520
2520
2523
2511
2509
2518
2521
2527
2531
2533
2521
2515
2523
2528
2534
2536
2543
2531
2521
2530
2533
2539
2543
2548
2540
2528
2531
2535
2538
2537
2537
2537
2535
2528
2517
2522
2520
2520
2520
2519
2511
2500
2501
2503
2501
2502
2501
2497
2482
2482
2483
2479
2480
2478
2475
2464
2460
2461
2459
2457
2456
2452
2441
2437
2438
2435
2436
2431
2429
2418
2411
2411
2410
2409
2409
2404
2393
2386
2385
2384
2382
2379
2378
2369
2358
2359
2359
2353
2351
2349
2339
2331
2330
2328
2323
2322
2318
2311
2299
2299
2297
2293
2289
2285
2280
2272
2266
2265
2260
2256
2251
2247
2238
2236
2230
2225
2222
2216
2213
2204
2198
2195
2191
2187
2183
2177
2169
2161
2158
2149
2149
2143
2142
2130
2123
2119
2115
2106
2104
2100
2092
2084
2080
2076
2072
2064
2058
2052
2042
2037
2033
2026
2023
2015
2009
2001
1995
1990
1983
1977
1971
1965
1957
1952
1945
1939
1931
1925
1917
1912
1906
1900
1895
1887
1880
1874
1866
1861
1854
1847
1841
1836
1829
1826
1816
1810
1804
1797
1789
1785
1779
1775
1767
1761
1756
1749
1743
1738
1732
1726
1720
1715
1711
1703
1697
1691
1684
1680
1675
1669
1665
1658
1653
1647
1641
1633
1631
1625
1619
1615
1609
1605
1599
1593
1587
1582
1574
1572
1568
1562
1560
1551
1547
1541
1535
1531
1526
1520
1517
1511
1507
1504
1497
1492
1487
1482
1476
1472
1468
1464
1461
1454
1449
1444
1438
1435
1430
1426
1421
1416
1413
1408
1403
1399
1394
1387
1385
1381
1376
1374
1367
1363
1359
1354
1348
1346
1341
1337
1332
1328
1327
1320
1316
1312
1308
1303
1299
1296
1293
1287
1283
1278
1274
1269
1267
1262
1259
1255
1251
1247
1243
1240
1236
1232
1224
1224
1220
1216
1215
1208
1205
1201
1196
1192
1190
1186
1182
1179
1175
1175
1168
1163
1160
1155
1153
1149
1146
1143
1139
1136
1132
1129
1123
1122
1118
1115
1112
1108
1106
1101
1098
1095
1090
1083
1084
1081
1078
1077
1072
1068
1065
1061
1059
1056
1052
1049
1046
1044
1039
1037
1033
1029
1023
1024
1020
1018
1016
1012
1009
1006
1003
997
997
994
990
988
986
985
979
976
973
969
967
965
962
959
958
954
951
947
945
943
940
937
934
932
930
927
923
922
918
913
913
910
908
905
904
900
897
895
891
890
887
885
882
880
880
875
873
870
867
865
862
861
858
858
853
851
848
845
842
840
838
835
834
831
829
826
823
821
816
816
813
811
810
806
804
801
799
794
794
792
791
788
786
786
780
777
775
771
770
769
766
764
762
759
757
755
752
750
748
746
745
740
741
738
735
733
731
727
727
725
723
722
719
717
716
713
708
709
707
706
704
703
704
700
696
695
692
692
691
689
688
687
683
683
681
680
676
678
675
674
673
673
670
669
668
666
662
664
663
662
661
663
658
656
656
654
655
654
653
651
649
651
649
647
647
645
645
643
642
643
644
642
641
639
637
634
637
637
636
636
636
633
632
632
631
630
631
629
628
628
631
627
627
626
624
623
622
623
622
622
623
621
619
617
617
614
617
617
617
614
615
613
612
612
609
611
609
607
607
608
610
606
606
606
604
604
605
604
605
605
603
603
603
602
599
601
602
600
600
601
600
600
598
599
594
599
598
598
599
598
597
596
594
591
593
593
593
592
593
592
588
588
587
583
584
584
584
585
586
584
582
581
581
579
581
581
581
579
578
579
578
578
578
575
576
575
575
575
578
574
575
574
569
572
572
572
572
572
572
568
569
569
568
565
568
567
565
565
566
565
565
565
562
562
562
562
561
562
564
560
559
558
556
558
558
557
558
558
554
554
553
552
553
552
550
550
550
551
550
548
548
546
541
545
545
545
545
543
541
541
540
537
540
539
539
537
536
536
535
535
533
531
532
530
530
530
532
529
529
527
525
524
525
524
525
523
522
519
519
519
517
515
516
516
513
514
516
512
511
510
508
507
506
507
506
505
506
503
502
500
499
499
498
497
496
495
493
493
492
491
488
489
488
486
486
485
487
482
482
480
478
478
477
476
475
475
472
471
470
469
466
467
466
464
463
463
465
460
459
458
455
455
455
453
452
452
449
448
447
446
443
444
442
441
440
440
440
436
435
434
431
432
430
429
428
429
426
424
423
421
418
419
419
418
416
415
415
412
411
409
406
407
407
405
404
405
401
400
399
397
396
396
394
393
392
392
389
388
387
385
382
384
383
381
381
380
378
378
376
372
374
373
372
371
370
371
367
366
364
363
363
362
361
360
359
358
356
356
355
352
353
352
351
350
349
351
347
346
345
343
343
342
342
340
341
339
337
337
336
332
334
334
333
332
332
330
329
329
328
325
327
327
326
325
327
323
323
323
322
319
321
321
321
320
321
320
319
318
318
315
318
318
318
317
319
316
317
317
316
317
316
315
316
318
319
317
318
317
316
317
318
318
319
321
319
318
319
320
320
322
323
323
322
325
325
327
328
328
325
327
330
332
334
338
337
337
335
337
341
342
345
347
348
349
348
352
353
356
356
360
358
361
365
370
371
