2207
2228
2281
2312
2355
2388
2405
2392
2381
2370
2359
2349
2343
2329
2319
2310
2297
2291
2280
2271
2262
2252
2243
2234
2225
2217
2209
2198
2190
2183
2172
2163
2155
2146
2138
2131
2136
2167
2199
2228
2250
2277
2297
2325
2348
2373
2396
2420
2441
2460
2481
2502
2523
2542
2561
2579
2591
2612
2633
2651
2669
2688
2708
2727
2744
2761
2776
2797
2814
2831
2824
2809
2795
2783
2770
2758
2745
2734
2722
2712
2698
2686
2675
2660
2653
2642
2631
2619
2645
2670
2690
2711
2734
2754
2777
2797
2822
2842
2864
2879
2892
2914
2932
2946
2963
2981
2994
3014
3029
3044
3055
3073
3090
3107
3119
3136
3152
3167
3182
3198
3212
3228
3241
3255
3237
3221
3205
3190
3175
3162
3146
3131
3117
3100
3090
3078
3063
3049
3034
3020
3010
3005
3031
3051
3070
3086
3104
3124
3144
3160
3180
3199
3216
3233
3251
3261
3282
3301
3313
3330
3342
3358
3369
3382
3397
3409
3422
3430
3447
3460
3473
3484
3496
3513
3525
3537
3550
3561
3575
3590
3599
3585
3566
3545
3531
3517
3497
3481
3464
3448
3433
3417
3401
3386
3370
3356
3342
3326
3312
3336
3355
3371
3385
3401
3417
3435
3452
3467
3482
3500
3514
3530
3544
3558
3573
3587
3604
3622
3634
3643
3656
3663
3674
3689
3700
3711
3724
3737
3747
3760
3769
3781
3793
3802
3813
3801
3777
3759
3739
3719
3704
3686
3668
3651
3632
3618
3602
3584
3567
3551
3535
3520
3502
3488
3472
3455
3441
3426
3411
3396
3382
3367
3354
3338
3323
3345
3371
3357
3363
3396
3417
3445
3461
3477
3459
3443
3427
3410
3394
3382
3363
3347
3332
3316
3303
3288
3274
3260
3246
3232
3219
3230
3265
3285
3314
3337
3343
3326
3310
3291
3279
3266
3249
3234
3220
3202
3192
3179
3165
3151
3139
3127
3113
3100
3119
3152
3173
3203
3224
3227
3211
3194
3180
3165
3152
3137
3123
3110
3100
3083
3070
3057
3044
3033
3024
3008
2996
3022
3053
3075
3101
3126
3120
3106
3092
3077
3063
3049
3032
3022
3009
2995
2983
2971
2957
2947
2935
2923
2911
2901
2938
2969
2991
3015
3042
3027
3013
3001
2984
2971
2957
2944
2932
2919
2907
2894
2883
2874
2860
2848
2837
2822
2825
2863
2887
2915
2935
2954
2941
2928
2914
2901
2889
2876
2863
2850
2838
2824
2814
2803
2794
2780
2769
2758
2748
2755
2790
2814
2843
2863
2885
2868
2855
2841
2826
2816
2805
2792
2779
2767
2754
2744
2733
2722
2712
2701
2692
2680
2693
2729
2749
2781
2803
2812
2799
2786
2774
2759
2748
2736
2724
2713
2701
2692
2678
2668
2657
2643
2637
2628
2617
2637
2672
2693
2723
2747
2749
2737
2724
2713
2704
2688
2676
2664
2654
2642
2634
2620
2610
2599
2589
2579
2569
2560
2550
2541
2534
2521
2512
2503
2490
2485
2476
2467
2456
2449
2457
2486
2504
2527
2542
2560
2548
2536
2525
2514
2502
2492
2482
2474
2461
2451
2441
2429
2422
2414
2405
2396
2387
2394
2421
2441
2464
2478
2499
2488
2476
2465
2453
2443
2433
2423
2413
2402
2393
2384
2374
2365
2356
2346
2339
2330
2337
2365
2385
2409
2422
2439
2428
2417
2406
2396
2386
2375
2365
2355
2344
2337
2327
2321
2309
2300
2292
2281
2276
2286
2316
2335
2360
2381
2391
2381
2369
2355
2349
2339
2331
2319
2310
2299
2290
2281
2272
2263
2254
2247
2241
2230
2241
2270
2288
2315
2333
2348
2337
2326
2315
2306
2296
2287
2276
2267
2258
2249
2240
2230
2221
2214
2206
2199
2189
2201
2230
2248
2274
2292
2307
2297
2287
2278
2266
2256
2246
2234
2228
2219
2211
2201
2192
2183
2175
2168
2159
2152
2163
2194
2212
2237
2256
2275
2265
2255
2246
2235
2225
2216
2205
2197
2188
2179
2171
2162
2156
2145
2137
2129
2118
2127
2157
2182
2203
2222
2245
2234
2224
2214
2205
2196
2186
2180
2168
2158
2149
2141
2132
2125
2115
2107
2100
2090
2096
2126
2148
2172
2190
2216
2204
2193
2184
2172
2165
2155
2149
2138
2129
2120
2108
2104
2095
2086
2079
2071
2066
2056
2049
2042
2031
2028
2021
2017
2007
2000
1993
1983
1979
1973
2008
2033
2022
2052
2085
2110
2141
2166
2175
2166
2156
2146
2137
2127
2118
2109
2101
2092
2083
2075
2067
2058
2049
2040
2033
2025
2055
2092
2117
2149
2176
2186
2176
2166
2157
2148
2139
2129
2120
2111
2101
2093
2085
2077
2067
2059
2051
2042
2034
2061
2098
2124
2155
2183
2192
2182
2172
2161
2154
2144
2136
2125
2116
2108
2097
2090
2081
2073
2065
2056
2050
2039
2067
2103
2125
2161
2188
2201
2187
2177
2168
2156
2149
2140
2132
2122
2114
2108
2096
2087
2078
2069
2062
2054
2044
2068
2105
2129
2163
2188
2202
2191
2181
2173
2163
2153
2144
2134
2125
2118
2110
2099
2090
2082
2072
2064
2056
2048
2069
2106
2132
2165
2190
2204
2192
2184
2174
2168
2155
2146
2137
2125
2119
2110
2101
2093
2084
2078
2066
2059
2049
2069
2108
2133
2166
2190
2210
2198
2190
2180
2170
2161
2153
2144
2134
2125
2115
2104
2098
2089
2082
2072
2062
2054
2067
2107
2132
2166
2189
2212
2204
2191
2182
2172
2159
2154
2144
2137
2127
2116
2108
2099
2090
2082
2074
2065
2057
2066
2104
2131
2162
2186
2212
2202
2192
2182
2172
2161
2154
2144
2136
2126
2118
2110
2100
2091
2081
2070
2065
2057
2050
2039
2031
2024
2012
2007
1998
1992
1984
1977
1973
1961
1956
1984
1994
1987
1979
2009
2029
2048
2068
2087
2108
2132
2153
2172
2193
2216
2232
2252
2270
2286
2306
2326
2344
2360
2379
2394
2413
2429
2449
2465
2483
2502
2520
2535
2550
2565
2582
2598
2615
2608
2595
2583
2571
2560
2549
2538
2526
2516
2506
2495
2484
2474
2462
2453
2443
2435
2422
2447
2467
2482
2503
2520
2537
2558
2578
2597
2613
2630
2646
2661
2681
2695
2710
2727
2741
2757
2770
2785
2800
2816
2831
2847
2865
2876
2893
2904
2915
2933
2949
2961
2977
2991
2998
3015
3029
3044
3057
3071
3085
3093
3078
3062
3048
3033
3020
3006
2993
2979
2965
2953
2940
2927
2914
2901
2890
2880
2865
2864
2886
2897
2918
2932
2947
2964
2981
2994
3013
3028
3044
3060
3074
3090
3103
3117
3130
3142
3151
3165
3179
3190
3204
3212
3227
3239
3251
3262
3275
3287
3302
3311
3323
3333
3341
3348
3334
3315
3298
3282
3266
3252
3238
3223
3208
3193
3180
3165
3150
3137
3123
3109
3097
3101
3122
3134
3150
3162
3179
3195
3208
3223
3238
3257
3269
3281
3297
3306
3324
3339
3349
3363
3374
3384
3396
3408
3420
3434
3444
3456
3468
3477
3490
3500
3510
3521
3531
3532
3515
3496
3480
3464
3447
3430
3414
3400
3385
3368
3353
3338
3320
3314
3344
3346
3334
3363
3385
3404
3394
3378
3362
3346
3331
3314
3299
3285
3269
3254
3242
3227
3212
3199
3184
3171
3157
3145
3175
3199
3220
3241
3262
3252
3236
3218
3206
3192
3176
3162
3148
3133
3120
3106
3093
3080
3068
3055
3045
3029
3019
3050
3074
3096
3119
3139
3129
3114
3098
3085
3071
3057
3043
3030
3017
3004
2991
2978
2964
2953
2943
2930
2918
2909
2940
2965
2987
3007
3030
3020
3006
2993
2979
2966
2952
2937
2926
2914
2901
2888
2877
2863
2853
2842
2831
2819
2810
2843
2870
2890
2911
2935
2921
2910
2896
2883
2870
2857
2844
2832
2820
2809
2797
2786
2774
2766
2752
2741
2730
2720
2755
2783
2803
2824
2849
2835
2825
2812
2800
2787
2774
2763
2750
2739
2727
2714
2704
2694
2684
2672
2662
2651
2644
2677
2704
2726
2747
2770
2760
2744
2732
2719
2704
2696
2685
2672
2661
2650
2637
2628
2618
2608
2598
2588
2579
2577
2610
2633
2657
2679
2704
2692
2678
2666
2655
2640
2631
2619
2607
2596
2586
2578
2564
2554
2544
2531
2525
2516
2516
2549
2574
2597
2617
2642
2629
2617
2605
2594
2586
2572
2561
2549
2537
2527
2519
2507
2497
2487
2476
2468
2460
2450
2441
2432
2424
2414
2404
2396
2385
2378
2369
2364
2352
2343
2374
2404
2427
2451
2478
2469
2458
2451
2437
2426
2415
2406
2395
2387
2376
2366
2356
2345
2337
2328
2319
2312
2305
2342
2369
2395
2418
2443
2434
2423
2414
2401
2391
2380
2368
2360
2350
2342
2331
2320
2315
2302
2294
2285
2273
2277
2313
2339
2367
2387
2409
2398
2387
2376
2366
2356
2346
2338
2326
2316
2306
2297
2287
2280
2269
2260
2252
2241
2251
2286
2310
2340
2361
2379
2367
2356
2346
2332
2325
2315
2308
2296
2286
2276
2264
2258
2249
2240
2231
2223
2217
2229
2264
2286
2315
2340
2351
2340
2329
2319
2309
2298
2290
2279
2270
2260
2251
2241
2231
2223
2213
2205
2197
2190
2209
2245
2266
2294
2322
2328
2318
2307
2297
2289
2277
2267
2258
2245
2239
2230
2223
2211
2201
2194
2181
2176
2168
2193
2227
2251
2282
2306
2309
2298
2284
2278
2268
2259
2248
2238
2229
2219
2211
2201
2192
2183
2175
2168
2158
2151
2176
2211
2235
2265
2290
2292
2281
2270
2261
2251
2242
2232
2222
2215
2203
2194
2185
2173
2168
2159
2154
2141
2134
2165
2195
2223
2250
2278
2275
2263
2258
2244
2235
2224
2214
2206
2197
2188
2178
2169
2158
2151
2143
2134
2125
2118
2111
2102
2095
2086
2077
2072
2064
2060
2050
2043
2034
2025
2050
2082
2104
2133
2156
2167
2154
2144
2134
2125
2116
2108
2098
2090
2081
2072
2063
2056
2048
2040
2032
2026
2016
2036
2069
2088
2119
2142
2152
2141
2131
2122
2111
2104
2095
2087
2077
2069
2062
2052
2044
2036
2026
2019
2012
2005
2024
2057
2078
2106
2130
2142
2133
2123
2114
2106
2096
2087
2078
2066
2060
2052
2046
2035
2027
2019
2008
2002
1995
2013
2046
2068
2100
2119
2132
2121
2109
2103
2094
2086
2076
2067
2057
2050
2041
2033
2024
2016
2009
2001
1992
1985
2001
2036
2057
2089
2110
2122
2112
2102
2093
2084
2076
2067
2058
2050
2040
2032
2024
2013
2007
1999
1992
1983
1975
1994
2025
2048
2078
2101
2110
2101
2093
2081
2072
2063
2051
2046
2038
2032
2020
2013
2004
1992
1987
1980
1971
1964
1985
2021
2039
2068
2091
2100
2092
2083
2075
2065
2056
2047
2038
2030
2021
2013
2005
1998
1988
1981
1972
1962
1957
1976
2013
2030
2060
2084
2091
2083
2073
2065
2055
2046
2039
2029
2021
2012
2001
1994
1987
1980
1971
1963
1955
1945
1970
2003
2025
2055
2078
2087
2077
2067
2058
2046
2040
2032
2026
2015
2007
1998
1987
1982
1974
1965
1957
1950
1946
1934
1928
1921
1910
1906
1900
1896
1886
1881
1874
1864
1861
1872
1908
1908
1903
1943
1970
1998
2022
2049
2046
2037
2032
2019
2010
2002
1991
1985
1975
1968
1960
1953
1944
1936
1929
1921
1912
1908
1946
1976
2004
2030
2058
2052
2042
2034
2024
2016
2008
1999
1991
1982
1971
1965
1956
1950
1941
1934
1926
1917
1913
1950
1981
2010
2035
2065
2091
2120
2148
2173
2199
2227
2252
2277
2302
2326
2347
2373
2397
2415
2441
2463
2487
2509
2533
2557
2577
2599
2622
2645
2665
2686
2706
2694
2683
2671
2658
2646
2635
2624
2611
2600
2589
2575
2567
2556
2548
2534
2523
2513
2504
2537
2563
2586
2606
2632
2622
2608
2595
2583
2570
2561
2551
2539
2528
2517
2504
2496
2486
2475
2465
2456
2446
2443
2476
2501
2525
2546
2573
2565
2549
2538
2527
2512
2505
2494
2483
2472
2462
2455
2441
2432
2421
2407
2402
2392
2391
2423
2448
2473
2494
2521
2509
2498
2486
2476
2468
2454
2443
2432
2422
2413
2403
2393
2382
2373
2362
2354
2344
2342
2375
2400
2427
2447
2473
2461
2449
2439
2428
2421
2407
2397
2386
2374
2366
2356
2347
2338
2328
2322
2309
2300
2300
2330
2360
2386
2406
2432
2421
2408
2399
2389
2377
2367
2357
2348
2341
2328
2317
2307
2297
2289
2280
2271
2262
2253
2244
2234
2228
2218
2210
2201
2193
2184
2176
2168
2159
2151
2184
2206
2195
2218
2252
2274
2303
2327
2332
2322
2311
2302
2291
2281
2272
2260
2253
2243
2235
2225
2215
2206
2194
2187
2179
2170
2197
2230
2256
2282
2308
2311
2297
2290
2280
2271
2260
2251
2241
2232
2223
2213
2204
2194
2186
2180
2167
2159
2150
2178
2212
2236
2264
2289
2289
2278
2268
2258
2248
2239
2229
2220
2210
2201
2192
2181
2173
2164
2157
2147
2138
2132
2162
2196
2221
2248
2275
2268
2259
2247
2237
2228
2216
2209
2200
2192
2181
2172
2163
2151
2145
2136
2127
2119
2114
2155
2181
2209
2235
2262
2259
2249
2239
2229
2219
2209
2200
2190
2181
2172
2162
2155
2145
2137
2127
2118
2110
2104
2143
2174
2199
2226
2253
2250
2239
2229
2219
2209
2202
2190
2181
2171
2159
2153
2145
2138
2127
2118
2110
2099
2095
2132
2163
2191
2216
2248
2234
2224
2214
2204
2195
2186
2177
2167
2158
2148
2139
2131
2122
2113
2104
2096
2087
2089
2125
2154
2184
2207
2238
2227
2216
2206
2196
2188
2178
2168
2159
2150
2142
2132
2123
2114
2104
2097
2089
2082
2082
2119
2147
2173
2200
2231
2222
2210
2201
2192
2181
2171
2162
2149
2144
2135
2129
2117
2108
2100
2088
2081
2074
2066
2057
2050
2045
2034
2026
2018
2010
2003
1996
1989
1979
1973
2008
2033
2024
2035
2073
2100
2133
2157
2176
2165
2155
2146
2136
2127
2119
2109
2101
2091
2083
2074
2065
2057
2048
2041
2032
2024
2040
2078
2106
2140
2167
2179
2169
2159
2150
2141
2131
2122
2113
2105
2096
2086
2078
2069
2060
2052
2044
2037
2027
2049
2089
2112
2148
2176
2183
2173
2164
2155
2145
2135
2126
2115
2108
2099
2093
2081
2073
2064
2053
2047
2039
2031
2061
2098
2127
2157
2187
2188
2175
2168
2159
2152
2139
2130
2121
2110
2103
2095
2086
2077
2069
2063
2052
2043
2034
2068
2107
2136
2169
2197
2191
2181
2170
2162
2153
2142
2133
2125
2115
2106
2098
2088
2080
2071
2064
2055
2046
2042
2081
2115
2145
2174
2206
2195
2186
2175
2166
2156
2145
2138
2129
2122
2111
2102
2092
2081
2075
2067
2058
2049
2052
2094
2124
2156
2181
2205
2197
2188
2180
2168
2159
2149
2139
2131
2122
2113
2104
2096
2089
2077
2069
2061
2051
2061
2101
2130
2164
2188
2212
2202
2192
2182
2173
2163
2155
2145
2136
2127
2116
2109
2099
2091
2082
2073
2065
2055
2066
2106
2135
2169
2193
2216
2204
2195
2185
2174
2166
2156
2149
2138
2129
2120
2108
2102
2093
2084
2076
2067
2061
2050
2041
2033
2021
2017
2009
2004
1993
1985
1977
1967
1962
1962
1995
2022
2046
2072
2095
2118
2143
2165
2191
2213
2239
2259
2286
2312
2331
2356
2377
2398
2421
2444
2463
2484
2504
2522
2538
2560
2584
2602
2623
2641
2657
2679
2699
2718
2738
2756
2777
2792
2807
2792
2776
2765
2753
2740
2728
2716
2702
2692
2681
2669
2657
2646
2636
2624
2613
2602
2599
2627
2648
2673
2685
2708
2726
2746
2768
2784
2808
2830
2848
2868
2880
2898
2916
2932
2949
2966
2982
3000
3015
3030
3046
3063
3078
3096
3111
3126
3140
3152
3170
3184
3194
3214
3232
3244
3260
3273
3287
3303
3317
3332
3347
3361
3344
3326
3310
3294
3277
3264
3249
3234
3218
3204
3188
3175
3161
3146
3133
3120
3106
3102
3124
3144
3161
3174
3192
3215
3229
3248
3270
3292
3305
3324
3339
3353
3369
3386
3401
3416
3429
3440
3458
3473
3484
3496
3509
3520
3538
3552
3565
3579
3592
3604
3620
3631
3643
3655
3664
3670
3653
3632
3613
3596
3578
3561
3545
3528
3512
3495
3480
3464
3447
3432
3416
3401
3387
3390
3414
3426
3443
3456
3473
3492
3508
3525
3539
3558
3572
3583
3596
3612
3629
3648
3657
3674
3685
3697
3711
3724
3733
3744
3757
3771
3783
3767
3748
3728
3708
3693
3675
3657
3639
3620
3605
3589
3571
3555
3539
3548
3582
3608
3626
3649
3668
3691
3714
3734
3756
3776
3795
3816
3834
3850
3868
3885
3905
3924
3935
3911
3891
3872
3856
3833
3814
3797
3775
3760
3742
3725
3707
3690
3672
3659
3639
3622
3616
3644
3669
3691
3707
3728
3706
3689
3672
3653
3635
3619
3601
3586
3569
3552
3535
3518
3505
3492
3474
3459
3443
3441
3476
3497
3522
3538
3555
3536
3521
3502
3485
3469
3449
3437
3422
3406
3391
3376
3361
3347
3333
3319
3305
3291
3302
3332
3353
3380
3396
3411
3394
3378
3361
3346
3328
3315
3300
3284
3270
3257
3242
3232
3215
3201
3188
3175
3162
3174
3208
3228
3257
3276
3282
3267
3251
3236
3221
3208
3192
3177
3163
3147
3137
3124
3110
3097
3085
3070
3058
3047
3066
3101
3120
3149
3175
3173
3158
3142
3129
3114
3102
3086
3072
3059
3046
3032
3020
3007
2995
2982
2973
2959
2948
2974
3004
3030
3058
3082
3077
3062
3046
3033
3021
3006
2993
2980
2967
2957
2941
2929
2917
2905
2894
2886
2872
2860
2894
2926
2951
2977
3005
2993
2981
2967
2952
2938
2925
2908
2899
2888
2874
2862
2850
2837
2828
2817
2805
2794
2787
2826
2859
2884
2908
2939
2925
2913
2902
2885
2872
2859
2845
2834
2821
2810
2797
2786
2776
2764
2753
2742
2729
2721
2710
2701
2689
2679
2669
2658
2649
2639
2629
2619
2610
2602
2627
2648
2635
2648
2681
2703
2729
2748
2762
2746
2737
2724
2712
2700
2688
2678
2665
2653
2642
2629
2620
2609
2598
2589
2578
2567
2580
2613
2633
2661
2681
2696
2685
2670
2657
2645
2632
2623
2612
2600
2589
2578
2565
2557
2548
2537
2528
2518
2509
2522
2556
2577
2606
2627
2642
2631
2617
2605
2593
2582
2571
2560
2549
2537
2527
2519
2507
2497
2486
2477
2468
2460
2473
2507
2528
2553
2577
2592
2580
2569
2557
2547
2535
2523
2512
2499
2491
2481
2470
2461
2450
2440
2432
2423
2414
2428
2463
2484
2517
2536
2550
2538
2525
2516
2506
2493
2481
2472
2459
2451
2440
2430
2421
2411
2403
2392
2382
2374
2386
2423
2446
2479
2498
2512
2500
2488
2477
2466
2455
2445
2434
2427
2414
2403
2394
2380
2374
2365
2355
2347
2337
2353
2388
2410
2441
2463
2476
2465
2453
2443
2431
2418
2410
2400
2392
2379
2369
2359
2349
2340
2331
2322
2312
2305
2327
2358
2381
2411
2433
2447
2436
2425
2414
2403
2391
2382
2372
2362
2351
2341
2333
2323
2313
2303
2293
2287
2278
2299
2332
2354
2385
2405
2425
2413
2402
2391
2382
2373
2360
2349
2340
2326
2320
2310
2301
2292
2282
2272
2264
2255
2247
2239
2231
2224
2215
2207
2199
2189
2184
2176
2170
2161
2161
2193
2196
2203
2234
2256
2283
2301
2327
2313
2303
2292
2279
2272
2262
2256
2244
2234
2224
2215
2206
2198
2189
2179
2171
2164
2165
2197
2221
2243
2267
2292
2280
2270
2259
2249
2241
2231
2221
2212
2203
2195
2184
2175
2166
2156
2149
2141
2134
2135
2167
2192
2215
2237
2261
2250
2240
2230
2222
2211
2201
2192
2179
2173
2164
2158
2146
2138
2129
2121
2113
2105
2109
2142
2166
2192
2212
2237
2224
2216
2206
2197
2187
2177
2168
2157
2149
2141
2132
2123
2115
2108
2098
2090
2083
2081
2117
2143
2171
2189
2213
2203
2191
2184
2174
2164
2156
2146
2141
2128
2119
2110
2101
2093
2086
2076
2069
2061
2062
2096
2122
2147
2167
2195
2186
2173
2164
2155
2144
2136
2128
2121
2110
2101
2091
2081
2074
2067
2058
2051
2043
2047
2077
2102
2128
2146
2177
2167
2157
2147
2138
2128
2119
2111
2102
2093
2084
2076
2067
2058
2050
2041
2034
2027
2028
2059
2085
2111
2131
2160
2149
2139
2130
2121
2115
2103
2093
2084
2072
2068
2059
2051
2042
2034
2025
2018
2010
2012
2045
2070
2096
2117
2145
2134
2124
2115
2105
2097
2088
2078
2070
2060
2052
2044
2035
2027
2019
2013
2003
1995
1988
1978
1973
1967
1961
1953
1946
1939
1930
1925
1919
1912
1906
1944
1985
2011
2042
2075
2072
2062
2054
2047
2036
2028
2019
2007
2002
1993
1985
1978
1970
1961
1953
1946
1937
1931
1973
2010
2041
2072
2105
2103
2095
2086
2076
2068
2059
2051
2040
2033
2023
2013
2008
1999
1993
1982
1975
1966
1956
1999
2035
2065
2096
2130
2127
2114
2104
2095
2086
2078
2069
2060
2051
2042
2033
2027
2016
2009
2000
1992
1985
1981
2022
2057
2088
2118
2152
2143
2131
2122
2111
2101
2094
2085
2077
2067
2059
2053
2042
2033
2024
2013
2008
1999
2005
2044
2078
2110
2138
2169
2158
2148
2139
2130
2120
2111
2102
2091
2084
2075
2068
2057
2049
2041
2031
2023
2015
2022
2064
2096
2132
2157
2183
2173
2161
2153
2144
2135
2125
2116
2107
2096
2089
2080
2071
2062
2055
2049
2037
2027
2039
2077
2111
2145
2173
2192
2182
2172
2162
2153
2143
2134
2125
2116
2108
2097
2089
2080
2071
2063
2055
2046
2038
2055
2096
2125
2161
2188
2207
2196
2187
2177
2167
2158
2146
2139
2130
2123
2112
2103
2094
2083
2077
2068
2060
2051
2069
2111
2137
2172
2200
2212
2202
2193
2185
2174
2163
2155
2144
2136
2127
2118
2110
2101
2095
2082
2075
2065
2054
2048
2040
2035
2024
2015
2008
1998
1991
1983
1976
1968
1961
1969
2009
2041
2073
2100
2130
2120
2109
2100
2091
2081
2072
2064
2055
2046
2038
2030
2021
2013
2005
1994
1987
1980
1986
2025
2057
2090
2115
2148
2138
2128
2119
2110
2102
2091
2082
2073
2061
2056
2047
2041
2030
2021
2013
2002
1996
1999
2041
2073
2106
2135
2161
2150
2141
2127
2122
2113
2105
2095
2085
2076
2068
2058
2050
2042
2033
2027
2017
2008
2016
2054
2087
2121
2148
2175
2165
2155
2142
2136
2126
2117
2108
2099
2093
2081
2072
2063
2054
2046
2038
2030
2022
2031
2070
2101
2135
2160
2184
2173
2164
2154
2144
2134
2125
2117
2107
2100
2090
2081
2071
2062
2055
2046
2038
2029
2045
2087
2111
2147
2173
2203
2233
2264
2295
2323
2352
2381
2406
2435
2464
2492
2518
2544
2571
2597
2617
2644
2667
2696
2720
2747
2769
2793
2819
2845
2869
2891
2914
2925
2911
2898
2883
2869
2856
2839
2830
2819
2806
2793
2781
2767
2757
2744
2733
2722
2710
2723
2758
2780
2812
2833
2844
2831
2819
2804
2791
2777
2764
2754
2742
2729
2718
2706
2697
2683
2671
2660
2646
2639
2660
2694
2716
2748
2767
2780
2766
2754
2741
2729
2718
2705
2692
2681
2668
2657
2646
2635
2625
2613
2602
2591
2581
2570
2560
2550
2541
2530
2519
2509
2498
2489
2479
2470
2460
2465
2499
2520
2550
2571
2596
2584
2572
2563
2549
2538
2526
2512
2505
2495
2484
2473
2463
2452
2442
2433
2423
2413
2416
2450
2476
2502
2522
2543
2531
2520
2512
2497
2487
2476
2462
2455
2445
2434
2423
2413
2407
2395
2384
2375
2363
2373
2408
2431
2459
2480
2499
2489
2477
2466
2456
2444
2434
2423
2413
2402
2391
2382
2372
2365
2354
2344
2334
2322
2336
2371
2394
2423
2444
2467
2453
2442
2429
2416
2409
2399
2389
2378
2369
2357
2348
2338
2328
2319
2310
2302
2292
2302
2337
2358
2390
2411
2436
2422
2410
2400
2387
2378
2368
2358
2348
2338
2331
2320
2308
2299
2289
2280
2272
2262
2271
2306
2329
2360
2381
2405
2393
2383
2374
2362
2351
2341
2329
2321
2312
2304
2292
2282
2272
2261
2254
2246
2238
2245
2281
2308
2334
2356
2380
2368
2359
2349
2337
2327
2317
2305
2297
2288
2278
2268
2259
2251
2240
2231
2222
2211
2221
2257
2285
2311
2333
2354
2340
2332
2321
2310
2301
2291
2285
2271
2262
2251
2243
2234
2224
2215
2206
2197
2187
2202
2237
2262
2293
2313
2335
2323
2313
2301
2288
2282
2272
2264
2252
2243
2233
2223
2215
2205
2196
2187
2179
2173
2162
2153
2144
2136
2129
2121
2113
2105
2097
2088
2081
2074
2076
2115
2148
2180
2205
2236
2268
2299
2329
2357
2390
2418
2446
2474
2498
2530
2555
2587
2619
2646
2673
2697
2722
2749
2768
2796
2821
2847
2870
2897
2922
2942
2972
3000
3025
3049
3072
3097
3116
3139
3161
3179
3182
3168
3150
3135
3120
3102
3091
3077
3063
3050
3036
3023
3009
2996
2982
2968
2956
2945
2969
3002
3024
3050
3076
3098
3128
3159
3185
3211
3238
3256
3278
3301
3321
3345
3369
3386
3408
3428
3451
3470
3490
3511
3525
3547
3570
3587
3609
3633
3653
3675
3698
3715
3734
3752
3770
3792
3810
3829
3847
3865
3845
3824
3804
3784
3764
3748
3733
3712
3694
3676
3660
3642
3625
3608
3592
3576
3560
3553
3584
3609
3629
3648
3673
3696
3721
3741
3760
3786
3806
3832
3857
3879
3896
3916
3933
3952
3969
3984
4004
4020
4030
4050
4064
4086
4108
4125
4139
4156
4172
4190
4208
4219
4237
4248
4266
4283
4295
4309
4323
4314
4289
4267
4244
4222
4201
4179
4162
4138
4117
4097
4077
4060
4038
4019
3999
3976
3962
3983
4010
4024
4046
4066
4086
4106
4128
4147
4166
4187
4205
4225
4246
4258
4283
4306
4325
4340
4358
4371
4386
4387
4362
4337
4314
4293
4270
4248
4227
4204
4184
4163
4143
4123
4103
4092
4117
4137
4152
4170
4185
4205
4216
4235
4253
4268
4287
4300
4322
4343
4357
4371
4385
4403
4412
4427
4440
4452
4467
4476
4481
4454
4431
4407
4384
4362
4338
4317
4295
4272
4251
4230
4208
4189
4168
4148
4127
4106
4104
4130
4145
4166
4176
4197
4210
4229
4244
4262
4277
4297
4313
4328
4343
4360
4375
4393
4407
4421
4430
4445
4461
4478
4489
4502
4514
4529
4540
4553
4566
4576
4587
4599
4600
4575
4550
4526
4502
4478
4454
4430
4405
4387
4364
4341
4321
4295
4277
4256
4235
4215
4211
4237
4253
4270
4280
4300
4307
4332
4345
4363
4377
4396
4411
4426
4441
4457
4473
4489
4506
4516
4527
4542
4554
4569
4585
4597
4608
4621
4633
4647
4659
4670
4679
4690
4695
4665
4639
4613
4588
4565
4540
4516
4492
4469
4447
4424
4402
4379
4358
4336
4319
4294
4290
4314
4329
4349
4357
4377
4388
4407
4422
4438
4453
4470
4488
4500
4516
4530
4544
4560
4575
4588
4595
4610
4625
4639
4651
4665
4679
4692
4704
4716
4727
4736
4747
4756
4754
4724
4698
4671
4644
4622
4597
4573
4549
4525
4502
4480
4457
4434
4411
4386
4370
4346
4355
4378
4388
4407
4420
4434
4449
4430
4405
4386
4359
4336
4313
4294
4275
4251
4231
4210
4191
4170
4150
4157
4175
4180
4194
4209
4219
4228
4238
4252
4264
4272
4283
4291
4303
4313
4321
4330
4339
4348
4359
4372
4378
4389
4396
4406
4414
4424
4432
4440
4450
4458
4436
4412
4387
4365
4344
4320
4297
4275
4249
4234
4210
4190
4169
4146
4129
4109
4090
4074
4094
4108
4121
4128
4142
4123
4101
4083
4060
4041
4021
4002
3985
3967
3948
3930
3912
3895
3881
3861
3843
3826
3813
3837
3852
3865
3876
3889
3876
3857
3837
3818
3801
3784
3769
3750
3733
3716
3700
3686
3669
3653
3638
3620
3607
3595
3620
3637
3652
3667
3686
3670
3652
3634
3613
3600
3584
3567
3551
3535
3522
3506
3492
3478
3464
3449
3438
3420
3407
3435
3455
3471
3486
3505
3493
3476
3459
3443
3427
3412
3396
3382
3367
3354
3339
3324
3313
3301
3286
3271
3259
3243
3272
3295
3312
3329
3348
3338
3321
3305
3289
3271
3259
3247
3231
3218
3204
3189
3178
3166
3153
3140
3128
3117
3106
3134
3157
3174
3194
3217
3206
3190
3176
3157
3146
3132
3118
3104
3091
3080
3066
3054
3042
3028
3019
3008
2995
2983
3011
3034
3054
3074
3094
3087
3072
3058
3044
3030
3016
3002
2990
2978
2966
2954
2942
2929
2919
2909
2897
2886
2875
2865
2854
2842
2831
2820
2811
2801
2790
2780
2769
2758
2749
2771
2810
2833
2867
2893
2903
2886
2873
2859
2847
2835
2822
2809
2797
2785
2773
2762
2751
2739
2728
2718
2708
2697
2722
2759
2786
2818
2850
2850
2836
2822
2809
2797
2783
2772
2759
2747
2739
2724
2712
2700
2690
2680
2673
2659
2649
2680
2718
2745
2775
2804
2806
2793
2784
2767
2754
2742
2730
2718
2709
2694
2682
2671
2658
2650
2639
2629
2619
2609
2643
2678
2705
2735
2762
2761
2750
2735
2723
2710
2695
2686
2674
2662
2650
2640
2631
2617
2607
2596
2583
2577
2568
2606
2643
2671
2698
2733
2722
2708
2695
2684
2673
2660
2649
2636
2623
2613
2603
2593
2581
2570
2560
2550
2541
2535
2578
2612
2643
2671
2704
2691
2677
2667
2653
2642
2630
2618
2606
2595
2584
2573
2562
2551
2541
2533
2520
2511
2513
2555
2588
2623
2646
2676
2662
2646
2637
2626
2614
2602
2591
2582
2568
2558
2545
2535
2525
2516
2504
2494
2485
2490
2533
2565
2600
2625
2648
2638
2623
2611
2598
2586
2575
2567
2553
2544
2531
2517
2510
2499
2490
2479
2470
2463
2476
2516
2545
2580
2607
2626
2611
2599
2586
2573
2564
2552
2539
2529
2519
2511
2498
2487
2476
2464
2458
2448
2437
2452
2485
2510
2539
2559
2583
2570
2557
2548
2535
2524
2512
2500
2491
2480
2473
2460
2449
2438
2427
2420
2410
2402
2407
2441
2470
2496
2515
2537
2526
2515
2505
2492
2482
2470
2457
2449
2438
2428
2418
2408
2401
2389
2380
2371
2362
2370
2407
2429
2459
2480
2505
2495
2484
2472
2462
2451
2442
2429
2419
2408
2395
2388
2379
2367
2359
2349
2339
2333
2335
2371
2397
2425
2449
2472
2460
2448
2433
2426
2416
2405
2395
2384
2373
2364
2354
2345
2335
2326
2319
2308
2299
2303
2335
2366
2395
2416
2442
2429
2417
2407
2397
2386
2376
2365
2357
2345
2336
2325
2313
2307
2297
2288
2280
2271
2277
2314
2340
2369
2391
2412
2402
2390
2379
2368
2357
2347
2337
2330
2317
2308
2298
2287
2279
2270
2261
2252
2245
2256
2289
2314
2344
2367
2391
2380
2368
2358
2347
2334
2326
2316
2306
2297
2287
2280
2268
2259
2250
2240
2232
2225
2232
2268
2293
2321
2344
2364
2352
2342
2332
2323
2311
2300
2290
2277
2271
2262
2252
2242
2234
2223
2216
2208
2199
2214
2249
2275
2303
2325
2340
2326
2318
2308
2298
2288
2278
2267
2258
2249
2239
2231
2221
2212
2202
2194
2186
2175
2192
2229
2259
2287
2310
2333
2322
2312
2302
2290
2281
2271
2263
2251
2241
2232
2223
2215
2206
2196
2186
2178
2167
2178
2216
2243
2273
2297
2323
2310
2299
2289
2276
2268
2259
2249
2239
2230
2219
2210
2202
2193
2184
2175
2168
2158
2167
2203
2227
2262
2286
2309
2298
2287
2276
2267
2257
2247
2237
2228
2220
2208
2200
2190
2178
2172
2164
2158
2147
2155
2193
2220
2252
2276
2307
2296
2286
2275
2265
2255
2243
2236
2226
2218
2206
2197
2188
2176
2170
2161
2152
2144
2147
2185
2214
2245
2267
2297
2286
2279
2266
2256
2245
2233
2226
2216
2207
2198
2188
2180
2169
2160
2150
2143
2135
2138
2175
2204
2235
2257
2285
2274
2264
2252
2243
2236
2222
2214
2205
2193
2186
2177
2168
2158
2150
2140
2131
2124
2131
2168
2197
2232
2253
2279
2267
2257
2247
2238
2228
2218
2208
2197
2189
2180
2171
2161
2154
2145
2135
2126
2119
2122
2164
2192
2223
2245
2267
2256
2246
2236
2226
2216
2207
2199
2188
2178
2168
2157
2151
2142
2135
2124
2115
2107
2118
2156
2182
2214
2238
2258
2246
2236
2226
2213
2206
2196
2190
2177
2168
2158
2150
2141
2131
2122
2114
2107
2098
2108
2141
2160
2190
2209
2230
2217
2207
2197
2184
2177
2167
2159
2149
2140
2131
2122
2114
2103
2096
2088
2081
2073
2083
2115
2134
2164
2183
2202
2191
2182
2177
2163
2153
2143
2135
2126
2118
2108
2099
2090
2079
2073
2065
2058
2051
2058
2094
2114
2140
2159
2183
2172
2162
2153
2143
2134
2123
2115
2106
2098
2090
2081
2075
2064
2055
2047
2036
2032
2039
2072
2095
2122
2141
2165
2155
2144
2135
2126
2118
2108
2098
2089
2077
2072
2064
2059
2047
2038
2030
2022
2015
2023
2055
2078
2107
2125
2147
2137
2125
2117
2109
2101
2090
2080
2072
2061
2055
2047
2038
2030
2022
2018
2006
1999
2006
2039
2062
2090
2109
2130
2119
2108
2102
2091
2082
2074
2065
2060
2047
2038
2030
2019
2014
2006
1999
1990
1983
1990
2024
2047
2075
2096
2116
2108
2097
2088
2078
2067
2060
2052
2045
2035
2026
2017
2007
2001
1993
1985
1978
1971
1978
2011
2034
2062
2082
2102
2093
2083
2074
2064
2053
2047
2038
2029
2020
2013
2007
1995
1987
1979
1972
1964
1958
1965
1998
2022
2048
2070
2092
2082
2072
2064
2058
2045
2036
2027
2021
2011
2003
1994
1986
1978
1968
1962
1954
1947
1955
1994
2026
2054
2078
2109
2139
2170
2198
2226
2253
2284
2309
2337
2362
2388
2414
2440
2466
2489
2512
2539
2562
2589
2614
2638
2661
2686
2710
2734
2752
2777
2799
2822
2819
2804
2790
2776
2763
2752
2740
2729
2715
2703
2691
2680
2668
2656
2645
2633
2624
2612
2639
2670
2691
2719
2743
2769
2794
2821
2844
2868
2890
2912
2935
2959
2981
3006
3023
3044
3060
3082
3106
3129
3145
3167
3188
3208
3228
3248
3267
3289
3308
3330
3319
3301
3285
3268
3254
3238
3223
3208
3193
3178
3165
3150
3136
3122
3108
3098
3081
3067
3096
3124
3145
3168
3190
3209
3232
3258
3282
3305
3322
3343
3365
3388
3404
3422
3442
3463
3483
3499
3518
3535
3554
3573
3590
3603
3621
3640
3659
3679
3695
3710
3728
3741
3764
3780
3795
3810
3826
3830
3809
3790
3770
3752
3733
3716
3697
3679
3661
3641
3627
3611
3593
3576
3560
3544
3527
3536
3564
3580
3604
3623
3641
3663
3682
3702
3723
3743
3761
3779
3798
3817
3834
3851
3868
3886
3902
3920
3934
3948
3967
3976
3996
4011
4025
4040
4047
4066
4082
4096
4110
4126
4142
4158
4171
4184
4197
4210
4226
4239
4225
4202
4214
4232
4239
4245
4223
4199
4178
4157
4134
4114
4093
4069
4054
4033
4013
3994
3972
3956
3937
3919
3899
3897
3920
3936
3950
3960
3970
3950
3933
3910
3889
3871
3852
3835
3818
3800
3784
3765
3748
3731
3714
3698
3679
3664
3666
3688
3703
3722
3731
3754
3766
3784
3802
3817
3833
3852
3867
3883
3897
3912
3930
3944
3958
3971
3985
3998
4013
4027
4043
4056
4070
4083
4095
4111
4123
4137
4148
4161
4167
4142
4120
4099
4078
4057
4037
4018
3999
3977
3958
3938
3917
3901
3882
3863
3846
3828
3825
3849
3862
3881
3890
3907
3927
3942
3952
3969
3980
4000
4015
4028
4043
4057
4072
4088
4101
4114
4122
4136
4154
4166
4180
4187
4200
4216
4225
4240
4247
4261
4271
4284
4294
4302
4315
4328
4334
4345
4355
4365
4378
4388
4398
4407
4382
4362
4338
4315
4293
4271
4249
4229
4206
4185
4163
4140
4126
4103
4083
4063
4041
4029
4051
4067
4080
4093
4108
4096
4070
4049
4027
4009
3993
3970
3952
3932
3914
3896
3878
3860
3842
3825
3808
3790
3775
3800
3816
3833
3847
3864
3850
3829
3810
3792
3773
3756
3738
3722
3707
3688
3672
3655
3638
3624
3607
3591
3575
3558
3584
3602
3616
3629
3645
3631
3616
3594
3578
3561
3545
3531
3514
3498
3484
3465
3454
3439
3423
3409
3396
3382
3370
3395
3414
3427
3444
3465
3450
3433
3416
3398
3385
3369
3354
3340
3324
3312
3298
3284
3270
3254
3244
3232
3218
3205
3231
3250
3269
3285
3304
3291
3275
3262
3245
3230
3215
3197
3187
3176
3161
3148
3135
3121
3110
3098
3085
3073
3064
3094
3112
3131
3147
3164
3156
3145
3125
3112
3097
3083
3070
3057
3044
3031
3017
3007
2995
2983
2970
2960
2948
2941
2968
2990
3008
3026
3048
3036
3021
3007
2995
2980
2966
2953
2939
2928
2917
2905
2895
2882
2869
2860
2848
2837
2830
2860
2883
2902
2921
2941
2961
2983
3005
3024
3042
3063
3079
3101
3119
3137
3154
3170
3188
3207
3222
3239
3256
3271
3292
3309
3323
3339
3355
3372
3388
3404
3418
3411
3394
3382
3361
3345
3328
3313
3298
3283
3267
3252
3235
3223
3209
3195
3180
3166
3152
3172
3195
3209
3226
3244
3245
3228
3213
3197
3180
3168
3153
3139
3125
3111
3099
3084
3071
3057
3041
3031
3020
3005
3023
3048
3061
3085
3101
3103
3089
3073
3062
3045
3031
3018
3001
2991
2981
2965
2952
2940
2927
2915
2904
2891
2880
2898
2936
2956
2986
3006
3027
3013
3002
2984
2970
2957
2943
2930
2917
2904
2891
2879
2868
2855
2842
2830
2820
2809
2815
2852
2876
2905
2928
2950
2935
2921
2908
2896
2881
2868
2855
2840
2830
2820
2806
2794
2783
2771
2761
2751
2740
2746
2784
2809
2841
2860
2882
2867
2854
2840
2831
2815
2803
2791
2778
2765
2754
2742
2731
2720
2711
2699
2688
2677
2686
2724
2749
2780
2801
2821
2808
2794
2782
2769
2757
2746
2733
2721
2707
2694
2686
2675
2664
2653
2643
2632
2623
2632
2669
2696
2725
2749
2768
2755
2741
2727
2716
2705
2692
2680
2668
2656
2645
2634
2623
2612
2602
2593
2582
2573
2584
2618
2646
2677
2700
2715
2703
2688
2678
2665
2654
2642
2631
2621
2608
2597
2586
2571
2565
2555
2544
2535
2525
2539
2579
2602
2635
2659
2671
2661
2645
2634
2621
2606
2598
2588
2576
2564
2554
2540
2532
2522
2512
2502
2492
2486
2506
2543
2566
2594
2623
2631
2617
2606
2594
2580
2571
2559
2548
2537
2526
2517
2505
2494
2484
2471
2464
2457
2446
2473
2509
2531
2564
2591
2593
2582
2570
2561
2546
2535
2524
2513
2502
2493
2480
2470
2460
2447
2442
2431
2421
2412
2443
2486
2510
2544
2573
2606
2638
2672
2700
2733
2761
2789
2821
2851
2881
2906
2938
2974
3002
3028
3056
3081
3110
3136
3160
3185
3213
3241
3267
3290
3317
3341
3369
3394
3419
3448
3475
3497
3524
3549
3573
3596
3615
3641
3651
3631
3612
3595
3577
3562
3542
3525
3507
3492
3478
3459
3443
3427
3409
3396
3381
3366
3377
3413
3436
3465
3486
3515
3542
3570
3597
3622
3646
3671
3701
3730
3751
3774
3796
3821
3844
3864
3884
3905
3926
3945
3969
3989
4010
4030
4053
4074
4097
4113
4139
4164
4186
4208
4224
4243
4261
4280
4302
4298
4273
4250
4228
4205
4183
4162
4142
4122
4102
4080
4061
4040
4018
4002
3982
3963
3944
3958
3991
4010
4036
4056
4083
4105
4131
4151
4175
4197
4224
4252
4273
4295
4317
4335
4355
4372
4393
4411
4428
4445
4463
4478
4499
4518
4532
4552
4568
4584
4604
4620
4633
4656
4678
4695
4710
4728
4744
4758
4772
4787
4785
4761
4733
4706
4679
4654
4630
4605
4580
4557
4533
4511
4491
4465
4442
4418
4398
4376
4382
4412
4426
4452
4467
4491
4512
4533
4552
4575
4596
4614
4633
4650
4674
4691
4709
4733
4757
4771
4742
4716
4691
4665
4640
4618
4590
4566
4541
4519
4495
4471
4449
4424
4450
4476
4491
4516
4534
4556
4572
4592
4606
4632
4655
4682
4698
4716
4732
4753
4773
4789
4804
4821
4836
4853
4867
4880
4855
4824
4803
4774
4747
4721
4695
4672
4647
4623
4598
4574
4551
4531
4504
4481
4457
4442
4470
4493
4512
4526
4549
4571
4591
4611
4637
4662
4684
4698
4717
4737
4755
4773
4790
4807
4824
4842
4859
4870
4884
4901
4917
4932
4947
4956
4976
4991
5009
5024
5036
5044
5063
5079
5089
5101
5113
5119
5088
5057
5027
4998
4972
4942
4916
4889
4861
4836
4810
4786
4760
4734
4712
4690
4662
4656
4683
4703
4723
4733
4755
4775
4794
4811
4828
4847
4864
4888
4915
4926
4943
4958
4979
4994
5008
5022
5035
5052
5062
5080
5092
5108
5120
5138
5147
5158
5171
5188
5193
5209
5227
5240
5249
5262
5274
5282
5282
5282
5282
5272
5239
5206
5177
5147
5117
5087
5061
5032
5004
4977
4950
4924
4899
4872
4845
4820
4811
4842
4856
4876
4885
4904
4925
4941
4957
4974
4993
5010
5025
5043
5055
5075
5101
5114
5128
5139
5156
5171
5185
5198
5212
5217
5231
5248
5259
5270
5279
5282
5282
5282
5282
5282
5282
5282
5282
5282
5282
5282
5282
5282
5282
5256
5221
5192
5162
5133
5104
5076
5048
5021
4993
4974
4996
5011
5023
5033
5048
5063
5075
5086
5065
5036
5007
4978
4950
4924
4898
4872
4846
4820
4792
4773
4746
4722
4697
4674
4651
4627
4652
4671
4687
4701
4721
4698
4671
4644
4622
4598
4574
4550
4528
4506
4484
4462
4442
4420
4399
4382
4358
4336
4318
4350
4372
4388
4404
4422
4401
4376
4353
4330
4308
4287
4270
4247
4227
4207
4189
4169
4149
4131
4111
4093
4075
4067
4098
4120
4140
4158
4173
4150
4127
4106
4089
4065
4046
4026
4009
3991
3973
3955
3938
3920
3904
3885
3870
3852
3851
3888
3906
3932
3947
3963
3943
3923
3903
3883
3864
3846
3831
3811
3794
3777
3760
3746
3729
3712
3696
3680
3665
3670
3703
3724
3750
3768
3781
3762
3742
3722
3706
3689
3670
3653
3635
3623
3605
3590
3576
3560
3546
3533
3516
3502
3513
3548
3570
3596
3615
3625
3606
3588
3571
3553
3537
3519
3505
3488
3473
3457
3444
3430
3416
3401
3387
3371
3360
3374
3409
3430
3459
3479
3488
3471
3453
3434
3420
3407
3388
3373
3356
3342
3329
3315
3301
3288
3275
3262
3249
3236
3251
3290
3311
3339
3361
3369
3349
3335
3319
3304
3288
3272
3260
3244
3229
3215
3201
3189
3177
3164
3152
3138
3127
3115
3102
3091
3079
3067
3055
3044
3031
3017
3009
3000
2986
2990
3024
3052
3075
3098
3124
3107
3092
3082
3064
3049
3034
3022
3009
2996
2982
2970
2955
2948
2935
2924
2913
2901
2901
2933
2959
2985
3003
3029
3017
3000
2985
2971
2958
2945
2932
2918
2906
2894
2887
2871
2860
2848
2837
2827
2816
2818
2853
2877
2905
2926
2948
2934
2920
2907
2893
2880
2867
2852
2841
2830
2817
2806
2794
2781
2773
2763
2752
2742
2748
2785
2807
2835
2855
2868
2858
2846
2831
2819
2805
2792
2781
2768
2756
2745
2734
2727
2713
2702
2691
2682
2672
2689
2721
2744
2773
2795
2805
2793
2779
2766
2755
2741
2729
2717
2701
2694
2684
2672
2660
2651
2638
2630
2621
2611
2629
2665
2690
2716
2739
2745
2733
2720
2706
2695
2683
2670
2660
2648
2636
2625
2614
2606
2594
2584
2574
2562
2556
2580
2612
2634
2663
2688
2691
2678
2665
2653
2642
2632
2618
2606
2594
2584
2573
2566
2552
2542
2532
2523
2514
2505
2533
2567
2592
2618
2644
2642
2630
2618
2607
2594
2583
2571
2559
2549
2538
2527
2517
2507
2497
2487
2478
2467
2460
2493
2529
2551
2577
2605
2597
2585
2573
2562
2550
2540
2528
2516
2505
2491
2484
2475
2464
2454
2445
2434
2427
2418
2409
2401
2393
2387
2376
2367
2358
2350
2342
2336
2326
2317
2343
2376
2398
2427
2450
2477
2503
2529
2554
2581
2603
2628
2653
2680
2702
2726
2748
2774
2790
2814
2837
2859
2881
2903
2926
2949
2967
2989
3012
3032
3052
3072
3063
3052
3037
3023
3009
2994
2984
2967
2953
2939
2927
2914
2904
2888
2875
2862
2851
2837
2862
2891
2910
2934
2957
2979
3001
3024
3047
3071
3092
3113
3132
3150
3174
3195
3213
3232
3248
3267
3286
3302
3321
3337
3359
3380
3394
3412
3428
3448
3468
3484
3504
3518
3535
3558
3570
3587
3602
3617
3635
3650
3651
3632
3611
3595
3578
3560
3543
3526
3510
3493
3476
3459
3441
3428
3415
3397
3381
3365
3379
3406
3419
3444
3459
3481
3500
3517
3538
3556
3574
3593
3610
3630
3649
3663
3682
3698
3714
3730
3745
3760
3772
3788
3805
3820
3836
3855
3866
3878
3895
3912
3925
3939
3952
3956
3935
3914
3893
3873
3854
3833
3817
3798
3779
3761
3741
3726
3708
3690
3673
3655
3639
3644
3666
3681
3701
3713
3735
3753
3769
3785
3803
3822
3839
3855
3871
3887
3904
3919
3934
3946
3958
3976
3992
4006
4019
4027
4044
4058
4073
4086
4098
4110
4125
4135
4147
4140
4114
4097
4074
4054
4033
4011
3992
3974
3954
3934
3914
3897
3877
3858
3840
3817
3804
3786
3768
3750
3731
3716
3699
3682
3665
3649
3632
3621
3599
3605
3638
3658
3688
3705
3731
3757
3777
3802
3828
3848
3877
3906
3928
3950
3973
3993
4014
4040
4062
4079
4099
4121
4134
4156
4175
4193
4211
4231
4252
4265
4287
4310
4327
4348
4364
4383
4400
4413
4430
4446
4448
4423
4399
4375
4354
4329
4306
4284
4259
4243
4219
4198
4177
4157
4136
4116
4097
4076
4083
4113
4128
4153
4168
4190
4214
4229
4256
4282
4302
4324
4342
4363
4380
4398
4418
4439
4455
4471
4487
4504
4516
4534
4546
4563
4575
4594
4609
4623
4639
4660
4677
4694
4708
4724
4737
4751
4764
4778
4791
4801
4794
4766
4739
4713
4688
4662
4637
4612
4588
4563
4536
4518
4493
4470
4446
4425
4403
4381
4394
4420
4433
4455
4469
4489
4506
4523
4546
4562
4582
4593
4616
4639
4656
4670
4686
4703
4718
4740
4751
4764
4773
4789
4804
4820
4833
4845
4859
4874
4884
4900
4908
4921
4937
4947
4958
4967
4945
4914
4886
4858
4832
4804
4779
4753
4727
4702
4678
4654
4629
4605
4579
4559
4534
4516
4542
4559
4577
4590
4607
4625
4643
4662
4680
4695
4710
4728
4741
4754
4771
4783
4801
4815
4835
4854
4870
4883
4895
4911
4922
4935
4946
4929
4898
4871
4843
4817
4790
4764
4738
4713
4688
4663
4642
4614
4590
4590
4611
4617
4631
4638
4649
4664
4675
4687
4700
4709
4719
4735
4743
4753
4760
4771
4768
4741
4713
4685
4662
4637
4612
4588
4563
4540
4519
4493
4471
4447
4426
4404
4383
4361
4360
4387
4395
4413
4422
4417
4394
4372
4347
4326
4304
4283
4266
4242
4222
4201
4182
4161
4142
4123
4104
4085
4067
4078
4102
4111
4127
4147
4138
4117
4094
4071
4054
4034
4015
3997
3978
3960
3946
3924
3907
3888
3872
3856
3838
3821
3840
3865
3878
3898
3915
3903
3883
3867
3845
3826
3807
3790
3775
3756
3739
3723
3705
3690
3675
3659
3643
3628
3613
3640
3663
3681
3697
3720
3709
3690
3670
3650
3636
3618
3601
3585
3570
3555
3540
3524
3509
3494
3480
3468
3451
3437
3465
3490
3510
3528
3550
3534
3517
3502
3482
3465
3448
3433
3421
3404
3391
3375
3361
3348
3334
3320
3307
3294
3287
3315
3338
3359
3373
3401
3384
3367
3351
3332
3319
3303
3288
3274
3260
3247
3233
3220
3207
3191
3181
3172
3156
3152
3184
3207
3230
3249
3269
3253
3237
3225
3207
3191
3175
3162
3149
3135
3122
3109
3094
3084
3072
3060
3048
3036
3039
3068
3091
3115
3129
3150
3137
3119
3104
3089
3075
3061
3048
3034
3022
3009
2997
2985
2973
2959
2950
2940
2927
2916
2904
2893
2883
2871
2860
2850
2839
2831
2819
2807
2795
2790
2822
2848
2869
2890
2911
2937
2961
2984
3006
3027
3051
3071
3094
3114
3130
3155
3176
3194
3212
3231
3251
3272
3291
3309
3327
3347
3370
3385
3403
3420
3435
3456
3473
3469
3451
3433
3417
3401
3384
3368
3353
3337
3322
3305
3290
3273
3260
3247
3230
3216
3202
3218
3247
3262
3284
3302
3321
3342
3363
3381
3400
3416
3436
3460
3475
3493
3508
3524
3542
3555
3573
3588
3606
3623
3637
3651
3667
3681
3699
3715
3729
3744
3755
3774
3788
3802
3802
3782
3763
3744
3725
3706
3685
3670
3653
3635
3617
3599
3583
3567
3551
3533
3517
3501
3512
3534
3546
3566
3580
3601
3616
3633
3649
3665
3684
3699
3715
3734
3748
3764
3780
3794
3803
3817
3835
3848
3861
3875
3890
3903
3915
3928
3941
3956
3967
3984
3959
3938
3918
3898
3882
3859
3840
3820
3804
3783
3766
3748
3730
3712
3697
3677
3660
3646
3668
3687
3701
3715
3730
3744
3764
3779
3793
3808
3826
3839
3858
3869
3882
3895
3908
3926
3932
3947
3959
3973
3985
3998
4009
4021
4034
4048
4057
4069
4079
4083
4064
4042
4021
4000
3977
3960
3940
3921
3901
3882
3864
3844
3826
3808
3787
3772
3754
3735
3719
3700
3684
3667
3650
3633
3617
3601
3586
3567
3551
3534
3568
3600
3619
3642
3667
3652
3633
3615
3598
3580
3563
3548
3529
3513
3497
3481
3466
3450
3435
3420
3402
3391
3381
3418
3446
3471
3495
3523
3505
3486
3467
3453
3440
3420
3404
3388
3372
3358
3343
3329
3313
3300
3289
3271
3256
3253
3294
3324
3349
3372
3396
3379
3362
3346
3330
3315
3298
3287
3268
3253
3239
3225
3212
3197
3183
3170
3154
3144
3150
3190
3217
3248
3273
3289
3273
3256
3241
3226
3210
3196
3180
3164
3152
3139
3124
3111
3097
3084
3072
3059
3047
3059
3103
3130
3162
3188
3197
3178
3166
3150
3135
3121
3107
3094
3078
3065
3050
3035
3025
3015
3000
2987
2975
2963
2989
3029
3054
3088
3117
3120
3104
3088
3072
3061
3048
3032
3018
3004
2988
2978
2964
2952
2940
2928
2920
2904
2894
2925
2966
2995
3028
3060
3057
3040
3028
3013
3000
2986
2972
2960
2946
2932
2919
2906
2894
2883
2869
2858
2846
2835
2876
2915
2946
2979
3013
3006
2989
2974
2960
2947
2934
2920
2907
2894
2879
2868
2855
2843
2831
2820
2811
2797
2790
2836
2874
2908
2941
2975
2959
2945
2930
2918
2903
2891
2878
2865
2851
2838
2826
2811
2802
2791
2778
2767
2756
2742
2735
2725
2714
2704
2694
2687
2674
2664
2653
2644
2634
2627
2648
2671
2686
2707
2724
2742
2763
2783
2802
2818
2837
2854
2869
2892
2907
2926
2947
2966
2978
2997
3013
3031
3045
3061
3079
3092
3103
3119
3135
3150
3166
3181
3196
3207
3225
3241
3251
3270
3288
3305
3317
3332
3345
3356
3370
3386
3382
3364
3347
3331
3315
3299
3284
3269
3254
3240
3222
3208
3192
3179
3166
3151
3136
3122
3130
3155
3167
3186
3199
3216
3235
3249
3264
3280
3296
3310
3329
3348
3364
3376
3392
3406
3419
3435
3446
3461
3468
3482
3497
3509
3523
3540
3546
3563
3579
3592
3605
3616
3628
3641
3653
3666
3674
3686
3684
3661
3647
3628
3609
3592
3572
3556
3541
3524
3507
3490
3475
3458
3442
3426
3407
3395
3406
3425
3435
3453
3464
3480
3494
3510
3524
3537
3556
3573
3589
3602
3615
3631
3644
3657
3669
3681
3696
3708
3716
3728
3741
3752
3768
3784
3795
3804
3817
3830
3840
3850
3861
3874
3884
3894
3903
3903
3882
3864
3842
3822
3803
3784
3768
3747
3730
3711
3693
3677
3659
3641
3625
3607
3592
3594
3616
3625
3639
3653
3669
3685
3694
3712
3732
3747
3761
3774
3786
3801
3817
3828
3837
3850
3862
3877
3884
3894
3895
3874
3854
3835
3815
3796
3777
3762
3740
3722
3704
3686
3670
3652
3643
3680
3708
3734
3762
3791
3819
3846
3872
3896
3922
3948
3968
3995
4015
4036
4045
4020
4001
3981
3960
3940
3920
3901
3886
3863
3843
3823
3806
3790
3770
3752
3733
3716
3728
3765
3785
3816
3837
3852
3829
3810
3790
3770
3755
3734
3716
3700
3680
3663
3646
3629
3612
3595
3581
3563
3547
3561
3597
3622
3653
3675
3691
3669
3653
3635
3617
3599
3582
3565
3548
3531
3516
3497
3484
3471
3452
3437
3421
3406
3420
3460
3482
3516
3538
3558
3539
3521
3503
3484
3470
3453
3436
3421
3402
3389
3374
3359
3344
3330
3316
3301
3286
3297
3336
3363
3399
3419
3435
3417
3400
3384
3368
3351
3336
3320
3307
3289
3274
3260
3244
3232
3219
3204
3191
3176
3194
3235
3259
3293
3318
3333
3315
3299
3283
3266
3252
3238
3221
3206
3192
3175
3163
3150
3137
3123
3110
3099
3084
3102
3144
3165
3203
3232
3242
3226
3210
3194
3179
3164
3150
3135
3121
3110
3093
3079
3065
3053
3041
3027
3016
3003
3019
3064
3089
3125
3152
3163
3150
3132
3117
3102
3088
3074
3060
3044
3032
3017
3005
2992
2979
2967
2955
2943
2931
2955
2998
3019
3059
3087
3099
3085
3069
3054
3040
3026
3011
2999
2985
2975
2958
2945
2932
2920
2908
2895
2884
2871
2857
2849
2838
2826
2815
2804
2797
2782
2772
2760
2750
2739
2748
2803
2846
2892
2925
2960
2944
2930
2915
2903
2892
2876
2862
2849
2837
2825
2812
2800
2788
2773
2763
2752
2740
2756
2812
2855
2899
2936
2963
2948
2935
2923
2907
2893
2879
2867
2855
2841
2829
2816
2806
2791
2779
2767
2753
2743
2772
2825
2861
2909
2946
2963
2948
2935
2920
2908
2893
2879
2866
2851
2840
2828
2815
2802
2790
2774
2766
2753
2742
2777
2832
2873
2916
2956
2963
2949
2936
2921
2908
2894
2879
2867
2855
2842
2829
2816
2806
2791
2779
2767
2755
2743
2792
2843
2882
2926
2970
2969
2954
2940
2926
2913
2898
2886
2872
2855
2847
2835
2820
2808
2796
2782
2771
2758
2746
2802
2853
2897
2936
2982
2970
2957
2943
2928
2914
2901
2885
2875
2861
2847
2836
2823
2813
2798
2785
2773
2761
2756
2816
2860
2904
2943
2989
2973
2958
2944
2930
2917
2904
2889
2876
2861
2850
2838
2825
2812
2799
2783
2774
2762
2767
2824
2869
2918
2952
2988
2973
2959
2945
2932
2917
2903
2889
2877
2863
2850
2838
2825
2813
2799
2787
2774
2759
2778
2835
2874
2922
2958
2988
2976
2961
2948
2933
2919
2907
2892
2878
2865
2853
2840
2828
2814
2801
2789
2777
2765
2752
2740
2728
2718
2706
2695
2684
2670
2663
2654
2643
2633
2626
2655
2689
2711
2737
2755
2780
2804
2827
2855
2882
2904
2929
2950
2973
2993
3013
3037
3060
3080
3100
3119
3141
3155
3176
3199
3216
3240
3256
3280
3303
3319
3341
3360
3376
3395
3416
3433
3450
3467
3478
3457
3443
3425
3410
3391
3374
3360
3343
3328
3312
3297
3282
3267
3252
3237
3221
3208
3210
3236
3254
3278
3289
3314
3335
3355
3374
3392
3416
3433
3453
3469
3486
3507
3528
3550
3565
3578
3599
3615
3633
3647
3664
3675
3692
3705
3726
3743
3759
3774
3791
3806
3818
3835
3851
3865
3882
3895
3909
3921
3934
3932
3909
3892
3871
3851
3832
3810
3794
3775
3757
3739
3721
3704
3686
3668
3651
3631
3617
3628
3653
3664
3683
3698
3716
3732
3749
3767
3786
3803
3815
3831
3848
3864
3883
3895
3910
3926
3942
3955
3969
3985
3998
4014
4027
4038
4046
4061
4073
4089
4099
4114
4127
4141
4150
4168
4185
4195
4207
4218
4230
4242
4254
4263
4277
4287
4297
4298
4273
4252
4229
4207
4185
4163
4143
4122
4101
4080
4056
4041
4020
4000
3981
3959
3943
3941
3965
3976
3994
4004
4022
4033
4049
4059
4079
4093
4107
4119
4131
4149
4165
4176
4187
4189
4167
4145
4122
4101
4077
4060
4040
4019
3999
3976
3960
3941
3921
3908
3937
3958
3976
3997
4016
4034
4056
4076
4094
4111
4126
4146
4158
4178
4194
4211
4227
4247
4261
4275
4293
4305
4326
4344
4363
4382
4399
4409
4424
4436
4450
4461
4476
4484
4503
4520
4535
4557
4570
4587
4604
4610
4620
4632
4642
4653
4663
4673
4648
4621
4595
4565
4548
4521
4497
4472
4449
4427
4405
4382
4360
4338
4318
4295
4273
4257
4280
4299
4308
4318
4331
4308
4284
4261
4239
4219
4198
4179
4158
4137
4117
4095
4081
4059
4039
4022
4001
3983
3976
4001
4017
4034
4047
4061
4079
4095
4107
4127
4142
4160
4171
4185
4198
4214
4226
4240
4250
4262
4276
4291
4303
4312
4329
4341
4352
4366
4378
4388
4399
4410
4410
4385
4363
4338
4315
4292
4266
4251
4226
4205
4184
4163
4142
4121
4101
4081
4062
4044
4044
4065
4073
4089
4101
4103
4081
4060
4039
4019
4000
3980
3961
3942
3926
3905
3888
3869
3851
3836
3817
3800
3782
3787
3809
3820
3838
3848
3852
3834
3812
3794
3774
3757
3743
3723
3707
3689
3673
3657
3642
3626
3610
3594
3580
3563
3570
3593
3601
3625
3635
3641
3623
3601
3586
3570
3553
3537
3521
3508
3490
3476
3461
3444
3432
3416
3403
3388
3372
3360
3345
3332
3319
3305
3292
3277
3264
3250
3236
3224
3212
3210
3252
3281
3314
3336
3362
3344
3328
3312
3295
3280
3265
3246
3234
3223
3206
3191
3177
3165
3152
3139
3126
3113
3124
3162
3189
3221
3241
3262
3248
3230
3213
3198
3184
3168
3155
3140
3126
3111
3098
3085
3072
3057
3048
3038
3023
3041
3080
3105
3140
3164
3175
3159
3144
3129
3114
3099
3082
3071
3059
3043
3030
3017
3002
2992
2980
2968
2955
2944
2968
3005
3028
3061
3088
3097
3080
3066
3051
3034
3023
3009
2995
2981
2968
2958
2942
2930
2917
2906
2895
2888
2872
2896
2934
2960
2993
3021
3026
3012
2997
2982
2968
2955
2938
2928
2916
2902
2890
2876
2861
2852
2842
2830
2819
2808
2837
2872
2896
2927
2956
2957
2942
2928
2914
2900
2888
2874
2861
2849
2836
2827
2811
2800
2787
2777
2767
2756
2745
2777
2811
2840
2869
2899
2895
2881
2870
2854
2840
2827
2815
2803
2789
2777
2764
2750
2742
2731
2720
2710
2699
2691
2727
2762
2788
2818
2851
2840
2826
2812
2797
2787
2774
2762
2749
2737
2726
2714
2702
2688
2679
2669
2658
2648
2642
2680
2715
2744
2770
2802
2789
2780
2762
2750
2736
2725
2713
2701
2689
2677
2662
2654
2643
2633
2622
2612
2605
2592
2581
2571
2563
2554
2544
2534
2525
2514
2507
2498
2488
2480
2499
2526
2536
2558
2571
2576
2565
2555
2541
2530
2518
2508
2497
2487
2478
2468
2460
2449
2440
2431
2422
2414
2406
2419
2444
2457
2477
2495
2494
2483
2472
2462
2450
2439
2428
2418
2409
2401
2390
2381
2372
2360
2355
2347
2338
2330
2352
2374
2389
2409
2425
2427
2416
2405
2395
2383
2371
2363
2353
2344
2334
2325
2319
2308
2299
2290
2283
2275
2268
2287
2311
2327
2347
2365
2362
2350
2341
2331
2320
2310
2300
2289
2281
2272
2263
2254
2246
2235
2230
2222
2214
2206
2233
2255
2272
2291
2309
2301
2291
2282
2271
2261
2250
2242
2233
2223
2214
2206
2201
2190
2182
2173
2166
2159
2158
2182
2203
2222
2238
2259
2248
2238
2228
2220
2209
2198
2189
2179
2172
2164
2155
2146
2138
2128
2124
2116
2108
2110
2137
2157
2177
2193
2208
2199
2189
2183
2170
2160
2151
2143
2134
2125
2117
2109
2104
2092
2085
2077
2070
2063
2071
2096
2113
2134
2147
2162
2152
2143
2133
2125
2115
2106
2096
2086
2080
2072
2066
2055
2048
2040
2033
2026
2019
2032
2058
2078
2098
2114
2121
2112
2103
2096
2086
2076
2068
2058
2050
2042
2033
2026
2020
2010
2003
1995
1989
1983
1976
1969
1962
1955
1946
1942
1936
1929
1923
1918
1910
1904
1907
1929
1950
1971
1985
1999
1990
1980
1973
1964
1956
1947
1941
1932
1924
1916
1908
1902
1895
1890
1882
1875
1869
1876
1902
1917
1938
1954
1968
1955
1946
1938
1930
1922
1914
1905
1898
1891
1880
1876
1869
1862
1856
1850
1842
1836
1847
1869
1888
1909
1926
1931
1922
1913
1906
1898
1890
1882
1875
1867
1859
1852
1842
1838
1831
1827
1818
1811
1805
1821
1845
1861
1882
1899
1906
1895
1885
1877
1870
1862
1855
1847
1840
1832
1822
1817
1810
1803
1797
1792
1784
1779
1799
1818
1837
1857
1878
1876
1867
1859
1853
1844
1836
1828
1821
1814
1806
1798
1790
1786
1778
1773
1765
1759
1753
1771
1798
1815
1835
1854
1853
1843
1834
1826
1816
1811
1804
1797
1789
1782
1774
1768
1761
1754
1748
1743
1736
1730
