2168
2214
2269
2309
2355
2393
2408
2394
2379
2371
2359
2348
2339
2328
2318
2309
2299
2285
2279
2269
2260
2251
2242
2232
2275
2326
2362
2414
2452
2461
2449
2437
2425
2415
2404
2392
2383
2372
2362
2352
2343
2332
2323
2312
2303
2295
2284
2330
2386
2427
2475
2514
2523
2511
2502
2487
2473
2465
2453
2444
2433
2422
2412
2405
2391
2378
2371
2362
2352
2342
2389
2446
2488
2537
2576
2589
2576
2564
2551
2539
2528
2517
2506
2494
2484
2473
2465
2453
2441
2432
2423
2411
2401
2392
2381
2374
2361
2351
2342
2333
2323
2314
2305
2296
2289
2306
2365
2371
2365
2427
2478
2523
2567
2617
2610
2593
2585
2573
2561
2550
2538
2527
2520
2505
2491
2484
2473
2462
2452
2442
2432
2421
2484
2536
2583
2629
2673
2673
2659
2647
2634
2622
2610
2601
2588
2574
2565
2554
2542
2532
2521
2510
2503
2489
2477
2539
2596
2640
2687
2731
2732
2721
2705
2690
2680
2668
2657
2644
2632
2621
2610
2598
2587
2577
2565
2556
2543
2532
2594
2650
2695
2743
2788
2789
2778
2762
2746
2736
2723
2711
2700
2687
2675
2666
2652
2637
2630
2618
2607
2596
2584
2644
2701
2746
2795
2843
2845
2829
2817
2804
2790
2777
2765
2752
2744
2728
2713
2704
2692
2682
2669
2658
2647
2636
2689
2749
2793
2844
2890
2898
2884
2869
2856
2842
2829
2816
2804
2795
2779
2764
2755
2743
2730
2719
2707
2695
2685
2735
2792
2841
2893
2937
2953
2936
2922
2908
2895
2881
2871
2855
2840
2829
2817
2805
2793
2780
2768
2757
2744
2731
2776
2838
2882
2939
2980
3001
2984
2970
2956
2942
2927
2916
2902
2888
2875
2862
2849
2837
2825
2813
2803
2787
2773
2817
2881
2924
2981
3024
3051
3036
3019
3001
2990
2977
2962
2949
2935
2922
2912
2896
2880
2872
2857
2844
2832
2821
2808
2796
2784
2771
2763
2749
2735
2725
2714
2703
2692
2680
2689
2759
2772
2759
2820
2879
2926
2977
3026
3036
3020
3005
2991
2977
2963
2951
2936
2922
2910
2897
2884
2871
2858
2846
2837
2821
2805
2866
2928
2973
3030
3078
3093
3076
3061
3046
3035
3017
3001
2990
2976
2963
2949
2937
2923
2911
2897
2882
2872
2860
2906
2971
3018
3076
3122
3146
3128
3112
3097
3083
3068
3054
3040
3027
3012
2999
2985
2971
2960
2946
2933
2920
2907
2943
3012
3058
3118
3166
3191
3171
3158
3143
3127
3113
3098
3084
3074
3056
3037
3029
3014
3000
2987
2975
2961
2949
2984
3052
3103
3162
3205
3243
3224
3209
3193
3177
3162
3149
3132
3115
3104
3090
3076
3062
3048
3034
3022
3008
2993
3019
3091
3143
3205
3248
3294
3275
3257
3242
3226
3211
3197
3181
3165
3152
3137
3122
3109
3094
3081
3069
3053
3036
3060
3131
3182
3246
3292
3343
3324
3306
3291
3274
3259
3242
3228
3213
3198
3183
3168
3154
3140
3126
3112
3097
3084
3097
3170
3225
3288
3336
3396
3377
3359
3342
3330
3310
3291
3280
3264
3247
3233
3219
3204
3189
3174
3160
3148
3132
3126
3207
3268
3327
3381
3437
3427
3409
3392
3375
3359
3343
3328
3312
3295
3281
3265
3250
3236
3220
3206
3194
3177
3160
3149
3135
3120
3108
3092
3080
3067
3053
3040
3031
3014
3000
3056
3131
3196
3253
3310
3372
3365
3348
3330
3315
3299
3284
3269
3252
3238
3222
3208
3193
3178
3164
3152
3136
3119
3109
3186
3253
3312
3374
3433
3446
3424
3404
3393
3373
3354
3341
3325
3310
3294
3279
3264
3248
3234
3219
3205
3190
3177
3240
3312
3367
3431
3485
3498
3479
3461
3448
3426
3407
3397
3378
3360
3346
3331
3316
3300
3285
3270
3256
3241
3225
3287
3361
3415
3479
3534
3547
3528
3510
3493
3475
3458
3443
3425
3406
3394
3377
3360
3346
3330
3316
3300
3285
3269
3334
3406
3457
3525
3581
3595
3576
3557
3539
3522
3504
3487
3471
3455
3438
3421
3406
3391
3375
3360
3343
3328
3313
3373
3448
3500
3570
3624
3648
3628
3608
3590
3575
3555
3536
3523
3503
3485
3470
3454
3439
3422
3406
3390
3376
3359
3405
3486
3539
3610
3662
3686
3666
3646
3627
3610
3592
3574
3557
3540
3522
3507
3490
3474
3457
3441
3425
3412
3393
3441
3525
3576
3646
3700
3728
3707
3691
3668
3646
3633
3613
3593
3580
3562
3546
3528
3511
3495
3479
3463
3447
3430
3474
3555
3610
3680
3733
3768
3746
3727
3708
3689
3673
3653
3631
3620
3600
3579
3565
3548
3532
3515
3498
3482
3467
3450
3434
3418
3403
3388
3373
3357
3343
3328
3313
3298
3285
3292
3371
3449
3512
3574
3632
3694
3690
3670
3652
3635
3615
3596
3582
3562
3544
3528
3512
3495
3479
3463
3447
3430
3415
3400
3478
3547
3606
3669
3730
3784
3840
3893
3950
4007
4057
4113
4165
4216
4269
4323
4371
4428
4478
4528
4573
4622
4674
4729
4781
4831
4880
4933
4982
5038
5088
5132
5183
5231
5264
5227
5193
5163
5130
5099
5070
5040
5012
4984
4955
4928
4902
4873
4848
4821
4794
4769
4786
4865
4920
4985
5031
5092
5059
5029
4999
4970
4941
4913
4886
4859
4830
4802
4778
4752
4727
4703
4677
4651
4629
4634
4714
4776
4839
4890
4960
4924
4895
4866
4837
4811
4784
4757
4732
4705
4679
4655
4630
4605
4582
4558
4535
4512
4518
4597
4662
4727
4782
4850
4820
4792
4764
4737
4714
4684
4656
4634
4609
4584
4563
4535
4508
4488
4465
4443
4421
4416
4500
4566
4630
4692
4756
4740
4713
4686
4660
4636
4609
4583
4560
4534
4510
4487
4463
4440
4418
4394
4372
4351
4334
4422
4492
4554
4616
4683
4669
4646
4617
4588
4565
4541
4516
4495
4468
4440
4421
4398
4375
4352
4331
4309
4287
4268
4357
4429
4491
4557
4623
4616
4590
4564
4538
4514
4490
4462
4441
4418
4394
4376
4348
4323
4304
4282
4261
4240
4219
4199
4180
4159
4140
4120
4100
4082
4063
4044
4028
4007
3986
4062
4156
4134
4120
4221
4316
4398
4479
4558
4570
4544
4518
4493
4468
4444
4421
4397
4375
4352
4328
4305
4283
4261
4241
4218
4195
4177
4270
4370
4450
4541
4623
4653
4622
4594
4570
4545
4520
4495
4472
4448
4423
4400
4379
4355
4329
4310
4288
4266
4246
4329
4435
4514
4609
4691
4726
4698
4671
4644
4618
4594
4568
4542
4519
4495
4470
4448
4423
4401
4381
4355
4329
4311
4387
4499
4580
4679
4755
4804
4774
4747
4719
4692
4667
4641
4616
4592
4566
4540
4517
4493
4470
4447
4423
4399
4378
4442
4558
4638
4743
4820
4889
4856
4822
4799
4771
4745
4718
4692
4667
4641
4615
4592
4568
4543
4519
4495
4472
4450
4494
4608
4698
4801
4880
4943
4912
4883
4854
4827
4802
4772
4743
4719
4694
4668
4646
4618
4590
4570
4545
4522
4497
4546
4668
4753
4861
4941
5012
4977
4950
4921
4892
4867
4838
4807
4783
4757
4732
4706
4680
4655
4630
4605
4583
4557
4593
4720
4811
4920
5000
5084
5049
5020
4990
4961
4932
4903
4876
4849
4822
4798
4768
4740
4717
4691
4667
4645
4618
4647
4777
4873
4980
5062
5154
5119
5088
5056
5029
4998
4967
4941
4913
4885
4859
4831
4803
4778
4753
4727
4702
4677
4652
4627
4602
4579
4555
4531
4509
4486
4462
4441
4418
4394
4376
4503
4571
4553
4632
4760
4850
4964
5052
5118
5085
5054
5024
4994
4966
4937
4909
4882
4855
4828
4800
4775
4749
4725
4699
4673
4648
4713
4849
4941
5059
5149
5221
5186
5154
5122
5092
5062
5032
5004
4975
4947
4921
4892
4864
4837
4812
4786
4760
4733
4781
4917
5013
5134
5219
5282
5273
5241
5207
5178
5145
5111
5084
5055
5026
4999
4969
4940
4914
4886
4860
4834
4808
4834
4972
5080
5197
5282
5282
5282
5282
5266
5235
5202
5168
5140
5111
5082
5052
5023
4995
4967
4939
4912
4885
4859
4893
5032
5136
5257
5282
5282
5282
5282
5282
5282
5262
5231
5198
5167
5138
5107
5079
5050
5021
4994
4966
4938
4915
4932
5069
5182
5282
5282
5282
5282
5282
5282
5282
5282
5266
5234
5203
5172
5141
5113
5083
5054
5027
4998
4970
4943
4956
5102
5212
5282
5282
5282
5282
5282
5282
5282
5282
5271
5241
5209
5178
5148
5118
5088
5060
5031
5003
4974
4947
4938
5084
5203
5282
5282
5282
5282
5282
5282
5282
5282
5272
5243
5212
5182
5151
5121
5093
5062
5034
5007
4978
4950
4923
5069
5193
5282
5282
5282
5282
5282
5282
5282
5282
5280
5243
5209
5181
5149
5122
5092
5062
5034
5005
4976
4949
4923
4896
4869
4844
4817
4792
4767
4744
4717
4692
4669
4645
4621
4704
4817
4795
4778
4850
4974
5056
5171
5255
5282
5277
5246
5210
5177
5149
5117
5088
5061
5030
4997
4972
4945
4917
4891
4864
4837
4810
4873
5002
5090
5203
5282
5282
5282
5282
5255
5225
5190
5157
5130
5099
5070
5045
5012
4983
4956
4927
4901
4874
4848
4899
5027
5120
5233
5282
5282
5282
5282
5282
5259
5226
5198
5163
5131
5103
5074
5045
5019
4988
4957
4933
4905
4878
4920
5051
5147
5261
5282
5282
5282
5282
5282
5282
5250
5222
5187
5159
5126
5094
5067
5037
5010
4984
4954
4923
4899
4940
5073
5170
5282
5282
5282
5282
5282
5282
5282
5281
5247
5216
5187
5154
5126
5094
5063
5036
5008
4979
4953
4924
4956
5093
5193
5282
5282
5282
5282
5282
5282
5282
5282
5258
5226
5194
5164
5135
5104
5077
5045
5014
4989
4962
4934
4978
5111
5207
5282
5282
5282
5282
5282
5282
5282
5282
5282
5282
5282
5282
5282
5282
5282
5282
5282
5282
5282
5282
5282
5282
5282
5282
5282
5282
5282
5282
5282
5282
5282
5282
5282
5282
5282
5282
5282
5274
5243
5211
5179
5151
5121
5092
5063
5035
5006
4979
4951
4945
5084
5197
5282
5282
5282
5282
5282
5282
5282
5282
5275
5242
5211
5182
5150
5117
5091
5061
5034
5005
4977
4950
4922
4894
4869
4843
4817
4791
4765
4741
4715
4691
4671
4643
4616
4719
4854
4829
4899
5044
5144
5280
5282
5282
5282
5282
5282
5282
5281
5249
5217
5186
5155
5126
5096
5067
5038
5013
4981
4950
4926
4985
5140
5252
5282
5282
5282
5282
5282
5282
5282
5282
5263
5230
5201
5170
5139
5109
5081
5052
5023
4994
4970
4939
4979
5135
5252
5282
5282
5282
5282
5282
5282
5282
5282
5265
5236
5202
5168
5141
5110
5082
5054
5024
4997
4969
4939
4982
5136
5253
5282
5282
5282
5282
5282
5282
5282
5282
5266
5234
5203
5172
5142
5115
5082
5050
5025
4996
4969
4945
4971
5124
5250
5282
5282
5282
5282
5282
5282
5282
5282
5266
5235
5204
5173
5143
5113
5083
5054
5025
4997
4969
4942
4969
5130
5251
5282
5282
5282
5282
5282
5282
5282
5282
5266
5237
5205
5174
5144
5115
5087
5056
5027
4999
4971
4943
4945
5106
5238
5282
5282
5282
5282
5282
5282
5282
5282
5276
5239
5207
5177
5145
5116
5087
5058
5031
5001
4970
4945
4938
5101
5235
5282
5282
5282
5282
5282
5282
5282
5282
5275
5242
5211
5180
5150
5120
5090
5061
5032
5004
4977
4948
4921
5080
5215
5282
5282
5282
5282
5282
5282
5282
5282
5279
5247
5215
5185
5153
5123
5094
5065
5036
5006
4979
4951
4924
4896
4872
4844
4816
4792
4767
4742
4719
4692
4665
4645
4619
4690
4835
4823
4808
4868
5011
5113
5237
5282
5282
5282
5282
5282
5270
5234
5206
5173
5144
5114
5084
5055
5026
4997
4969
4941
4914
4887
4943
5090
5194
5282
5282
5282
5282
5282
5282
5282
5282
5258
5229
5195
5161
5134
5104
5075
5049
5017
4985
4960
4933
4983
5129
5237
5282
5282
5282
5282
5282
5282
5282
5282
5262
5231
5198
5168
5138
5108
5078
5050
5021
4993
4965
4940
4979
5124
5238
5282
5282
5282
5282
5282
5282
5282
5282
5262
5230
5202
5168
5134
5108
5078
5049
5021
4992
4965
4936
4977
5125
5237
5282
5282
5282
5282
5282
5282
5282
5282
5261
5231
5199
5168
5142
5108
5076
5049
5018
4992
4964
4937
4980
5128
5238
5282
5282
5282
5282
5282
5282
5282
5282
5269
5234
5203
5172
5141
5111
5086
5052
5023
4995
4966
4940
4962
5110
5230
5282
5282
5282
5282
5282
5282
5282
5282
5267
5235
5204
5173
5142
5113
5083
5053
5028
4997
4970
4940
4955
5106
5226
5282
5282
5282
5282
5282
5282
5282
5282
5271
5239
5207
5176
5146
5116
5086
5057
5028
5000
4972
4944
4938
5087
5209
5282
5282
5282
5282
5282
5282
5282
5282
5272
5241
5209
5178
5148
5114
5088
5058
5030
5001
4973
4946
4918
4890
4864
4838
4811
4786
4761
4736
4711
4686
4663
4638
4612
4722
4860
4836
4886
5042
5159
5282
5282
5282
5282
5282
5282
5282
5282
5264
5232
5199
5169
5138
5108
5079
5050
5023
4992
4961
4937
4964
5127
5256
5282
5282
5282
5282
5282
5282
5282
5282
5269
5235
5204
5173
5143
5113
5084
5054
5025
4997
4972
4941
4957
5118
5247
5282
5282
5282
5282
5282
5282
5282
5282
5270
5241
5207
5174
5146
5115
5086
5057
5028
5001
4972
4942
4937
5101
5236
5282
5282
5282
5282
5282
5282
5282
5282
5275
5242
5211
5180
5149
5123
5090
5060
5032
5003
4975
4950
4919
5077
5221
5282
5282
5282
5282
5282
5282
5282
5282
5273
5241
5209
5178
5148
5118
5088
5059
5030
5002
4973
4945
4918
5081
5221
5282
5282
5282
5282
5282
5282
5282
5282
5276
5245
5211
5182
5151
5121
5095
5062
5029
5005
4976
4947
4921
5071
5213
5282
5282
5282
5282
5282
5282
5282
5282
5280
5248
5216
5185
5154
5124
5094
5065
5036
5007
4981
4951
4920
5053
5199
5282
5282
5282
5282
5282
5282
5282
5282
5282
5252
5220
5187
5158
5126
5097
5067
5038
5010
4981
4953
4927
5031
5179
5282
5282
5282
5282
5282
5282
5282
5282
5282
5255
5222
5194
5160
5127
5100
5069
5041
5013
4984
4958
4928
4900
4874
4848
4822
4796
4770
4746
4719
4695
4673
4647
4622
4645
4786
4813
4800
4788
4926
5045
5150
5254
5282
5282
5282
5281
5245
5216
5183
5152
5122
5092
5062
5034
5004
4976
4947
4920
4892
4865
4843
4985
5103
5208
5282
5282
5282
5282
5282
5282
5274
5243
5210
5176
5147
5117
5087
5061
5029
4999
4971
4943
4916
4889
5021
5138
5235
5282
5282
5282
5282
5282
5282
5282
5267
5235
5203
5172
5141
5111
5081
5052
5023
4995
4969
4937
4908
5018
5137
5225
5282
5282
5282
5282
5282
5282
5282
5266
5234
5202
5169
5140
5110
5080
5050
5022
4994
4967
4936
4910
5004
5118
5202
5282
5282
5282
5282
5282
5282
5269
5236
5204
5173
5144
5112
5085
5053
5021
4995
4967
4939
4914
4884
4971
5082
5162
5258
5282
5282
5282
5282
5261
5229
5197
5165
5134
5104
5074
5045
5016
4990
4959
4929
4903
4876
4849
4926
5026
5095
5195
5266
5282
5282
5248
5217
5184
5149
5121
5089
5061
5031
5002
4975
4945
4917
4890
4863
4837
4810
4858
4959
5027
5116
5185
5237
5202
5170
5138
5107
5081
5046
5018
4988
4956
4931
4903
4876
4851
4821
4792
4769
4743
4776
4871
4936
5019
5076
5136
5108
5074
5043
5013
4984
4955
4926
4898
4870
4843
4814
4788
4762
4737
4715
4686
4658
4637
4613
4589
4566
4543
4520
4497
4474
4454
4430
4407
4386
4374
4457
4483
4459
4514
4586
4633
4696
4747
4767
4739
4711
4683
4658
4632
4606
4581
4556
4531
4507
4483
4460
4435
4410
4390
4368
4345
4393
4454
4491
4553
4595
4616
4589
4563
4538
4512
4487
4465
4441
4415
4392
4368
4346
4324
4303
4283
4261
4239
4220
4248
4307
4344
4392
4423
4446
4420
4396
4372
4348
4325
4302
4278
4258
4234
4210
4192
4172
4151
4132
4112
4093
4074
4096
4147
4176
4218
4247
4266
4240
4220
4196
4173
4152
4130
4109
4088
4067
4048
4028
4009
3991
3972
3954
3939
3918
3931
3977
4002
4037
4059
4077
4056
4033
4012
3992
3971
3949
3930
3911
3894
3876
3857
3839
3822
3805
3788
3771
3755
3767
3803
3822
3853
3870
3887
3867
3847
3829
3808
3789
3771
3752
3735
3717
3701
3685
3671
3652
3634
3623
3606
3586
3595
3625
3643
3667
3681
3699
3679
3660
3642
3623
3606
3592
3572
3555
3540
3525
3510
3495
3480
3467
3451
3434
3424
3422
3446
3464
3482
3494
3509
3492
3475
3457
3440
3425
3409
3394
3382
3364
3350
3337
3323
3307
3295
3283
3269
3255
3252
3275
3289
3303
3313
3327
3310
3294
3277
3262
3248
3233
3220
3206
3193
3183
3167
3151
3143
3129
3115
3105
3092
3080
3068
3055
3044
3032
3019
3009
2997
2985
2978
2962
2947
2941
2974
3006
3032
3060
3079
3104
3089
3075
3059
3046
3030
3015
3002
2990
2976
2962
2953
2937
2922
2913
2902
2891
2879
2880
2913
2934
2956
2976
3001
2987
2973
2958
2944
2934
2917
2901
2892
2879
2867
2855
2843
2833
2822
2811
2800
2789
2784
2812
2832
2852
2869
2889
2878
2863
2851
2840
2824
2810
2801
2788
2775
2765
2754
2744
2733
2722
2711
2702
2692
2686
2710
2728
2747
2759
2773
2769
2756
2743
2730
2718
2706
2694
2683
2672
2664
2652
2640
2632
2622
2614
2602
2591
2583
2604
2620
2633
2646
2659
2655
2642
2630
2621
2607
2592
2584
2574
2565
2554
2543
2535
2526
2517
2507
2498
2490
2479
2497
2511
2523
2532
2541
2536
2525
2514
2502
2491
2481
2471
2462
2452
2444
2434
2426
2416
2408
2401
2391
2381
2374
2389
2401
2408
2417
2426
2423
2411
2401
2391
2382
2374
2362
2353
2344
2336
2326
2319
2311
2303
2295
2286
2279
2271
2280
2290
2295
2303
2313
2306
2295
2286
2276
2267
2259
2250
2242
2234
2226
2219
2214
2203
2192
2187
2178
2175
2165
2170
2181
2184
2190
2194
2192
2182
2173
2165
2156
2149
2141
2131
2126
2118
2112
2103
2096
2089
2082
2074
2067
2061
2054
2048
2040
2033
2027
2019
2012
2006
1999
1994
1986
1979
1976
1979
1973
1966
1967
1965
1960
1950
1940
1937
1930
1924
1918
1912
1906
1900
1892
1886
1882
1874
1865
1861
1855
1854
1849
1844
1844
1840
1836
1830
1823
1817
1812
1807
1800
1794
1788
1781
1777
1770
1766
1759
1752
1748
1743
1737
1732
1730
1726
1722
1718
1715
1710
1704
1698
1691
1687
1682
1677
1671
1666
1663
1656
1647
1646
1640
1638
1629
1621
1619
1616
1612
1609
1604
1600
1594
1589
1584
1581
1575
1568
1565
1560
1559
1550
1541
1540
1536
1531
1527
1522
1517
1512
1508
1504
1500
1496
1491
1486
1482
1479
1473
1466
1464
1460
1455
1448
1446
1442
1438
1433
1429
1424
1420
1415
1411
1406
1403
1398
1394
1390
1386
1382
1377
1373
1369
1367
1361
1353
1354
1349
1344
1341
1336
1333
1328
1324
1320
1317
1313
1308
1305
1301
1299
1293
1287
1285
1285
1278
1271
1270
1267
1263
1259
1255
1251
1248
1244
1240
1235
1234
1229
1224
1222
1220
1214
1211
1207
1204
1203
1197
1191
1190
1186
1183
1179
1176
1173
1169
1165
1162
1159
1155
1153
1148
1145
1144
1139
1133
1131
1132
1125
1119
1118
1115
1112
1109
1106
1103
1099
1096
1092
1090
1087
1083
1080
1077
1075
1071
1066
1065
1060
1060
1055
1050
1049
1047
1043
1037
1037
1035
1031
1028
1025
1024
1020
1018
1015
1012
1012
1007
1003
1002
1003
997
991
991
988
985
982
979
977
974
972
969
965
964
961
957
954
953
950
948
946
945
946
940
934
935
933
928
926
924
922
918
916
913
911
908
905
903
900
900
895
891
893
894
890
886
887
884
882
878
876
873
871
868
866
864
862
859
856
853
852
849
846
844
844
846
842
837
840
841
835
830
830
828
825
823
821
818
816
814
812
809
808
804
801
800
798
797
798
797
796
796
795
791
789
787
784
782
781
777
775
773
771
769
767
764
762
760
760
756
755
757
758
757
756
756
753
751
748
746
744
742
739
737
736
734
731
728
726
725
723
720
718
720
725
722
718
724
724
720
714
714
712
709
707
705
703
701
699
697
695
694
691
689
688
686
688
688
691
692
697
691
685
687
686
680
677
678
675
673
671
670
667
667
663
661
660
658
656
659
661
664
664
666
664
662
662
658
654
654
652
650
647
646
644
642
640
636
636
636
633
630
629
627
625
623
622
620
618
616
615
613
614
609
607
612
613
611
610
614
616
617
618
615
613
612
609
607
605
604
602
599
597
595
595
592
590
588
591
586
582
589
593
593
592
595
592
590
590
586
584
583
581
580
577
576
574
571
570
570
567
565
564
565
572
571
569
575
578
573
569
569
568
565
564
562
561
559
557
555
553
553
550
547
547
545
548
551
554
557
563
561
553
554
555
552
548
547
546
543
542
540
539
538
536
534
532
531
529
532
536
540
543
545
545
545
545
540
534
536
536
532
529
528
527
525
524
522
521
519
518
516
521
525
527
530
535
534
532
529
528
526
526
523
519
518
518
515
513
512
511
509
507
505
504
513
513
512
521
524
525
521
521
518
517
514
513
511
510
507
504
504
503
500
498
497
496
495
499
504
508
516
515
513
514
512
510
508
506
505
503
500
499
497
498
494
489
491
490
488
486
491
497
500
505
508
509
508
505
501
502
500
499
495
494
491
491
489
487
485
487
482
477
479
478
476
474
473
471
470
469
468
466
468
463
459
463
466
463
461
464
465
466
467
468
466
466
463
460
460
461
458
455
454
453
455
450
445
447
448
445
441
442
445
446
447
448
450
449
449
445
444
444
441
439
438
437
436
434
433
432
431
429
427
426
429
428
427
431
433
435
433
432
431
429
428
426
424
425
423
419
419
418
417
414
414
413
415
411
410
416
420
419
420
421
419
417
416
414
414
414
411
406
408
408
406
404
403
402
401
400
399
401
408
406
405
410
411
408
406
405
403
402
401
399
398
401
396
391
393
392
390
389
389
388
390
394
395
398
403
400
396
397
396
393
391
390
390
389
387
387
385
387
382
378
380
379
377
381
385
388
390
392
395
398
402
403
403
408
411
414
415
419
421
424
426
428
431
437
435
434
440
443
445
448
450
452
455
457
460
462
466
462
459
458
457
455
452
451
449
448
446
444
442
444
439
435
436
435
434
437
440
443
445
448
446
445
444
441
438
438
436
435
433
429
429
432
426
422
424
422
421
418
417
415
414
412
410
410
410
407
403
404
402
401
402
405
405
407
407
407
405
405
401
401
401
399
397
396
395
393
395
390
386
387
388
385
383
385
388
390
390
393
393
392
390
388
388
387
384
383
382
380
379
378
377
376
377
373
369
371
373
376
377
382
383
384
382
381
379
378
376
375
373
373
371
369
369
367
366
365
363
362
362
364
366
369
373
374
375
374
373
371
370
368
367
368
365
362
361
361
360
358
357
356
356
354
355
360
363
366
367
370
369
366
365
364
362
366
360
356
357
357
355
353
353
351
350
349
348
351
358
357
357
363
364
362
361
360
359
357
356
354
352
354
350
349
348
348
346
345
344
343
349
349
348
356
358
359
357
356
356
354
352
351
350
352
348
343
345
344
343
341
340
339
338
340
344
347
351
353
353
353
352
350
349
347
347
347
344
339
341
341
338
337
337
336
334
333
336
339
345
345
344
350
348
347
345
344
343
342
340
339
338
340
336
332
333
332
330
329
329
328
327
326
321
323
323
322
319
320
318
318
316
316
318
320
317
315
319
320
321
322
324
322
321
320
319
317
319
315
311
313
313
312
309
308
309
307
306
305
306
310
307
306
308
310
309
307
307
306
305
304
302
302
302
299
298
299
297
296
294
294
293
294
294
293
295
297
296
293
294
292
292
292
290
288
288
287
286
285
286
284
282
282
281
280
280
280
280
284
281
278
280
280
278
276
276
276
274
274
273
272
272
271
269
269
269
267
265
266
266
266
266
265
265
266
264
260
262
263
260
259
260
258
257
256
256
255
257
254
250
252
253
252
250
251
249
250
248
248
248
250
246
242
245
245
244
242
242
243
241
240
239
239
241
237
234
236
236
235
234
234
233
232
231
231
231
231
229
226
228
227
228
226
226
225
225
223
223
223
224
221
217
219
219
219
218
217
217
216
215
215
215
217
214
209
211
212
211
210
210
209
208
208
207
205
209
207
203
205
204
204
202
203
202
202
200
200
200
200
199
196
197
197
196
196
196
195
195
194
192
193
194
192
190
191
190
191
193
192
194
198
197
197
200
202
200
199
199
198
197
197
196
195
197
194
192
193
194
192
190
191
189
192
195
196
199
204
202
199
200
199
199
197
197
197
196
195
195
194
197
193
189
191
192
190
192
196
198
202
203
205
204
206
202
199
201
200
199
199
197
197
197
196
192
195
195
193
192
196
199
202
206
208
209
212
208
203
207
206
204
203
203
203
202
200
200
200
202
198
194
197
200
204
207
211
215
216
215
214
214
215
212
209
210
210
209
207
207
206
206
205
204
203
205
206
209
214
219
222
224
222
221
220
220
219
218
219
217
214
215
213
213
212
212
210
211
209
211
218
223
226
228
231
231
229
228
227
227
225
225
222
223
223
221
219
219
219
218
217
217
220
228
230
230
237
240
238
236
235
234
234
233
232
231
234
229
225
228
227
226
224
224
224
226
232
235
240
246
245
241
243
243
241
240
240
239
237
237
236
235
237
233
230
231
231
230
228
228
227
226
225
224
223
224
221
220
220
219
220
224
225
224
231
232
231
238
241
241
239
239
238
237
235
235
234
236
232
228
230
231
228
226
227
226
224
229
232
235
238
241
240
239
240
237
235
236
235
234
233
232
231
230
229
227
227
228
226
224
228
232
234
236
239
239
239
238
233
236
236
233
231
232
231
230
229
228
227
226
225
224
223
228
230
230
234
236
237
235
234
233
233
232
230
230
232
228
224
226
226
224
223
223
222
221
224
226
228
233
232
230
232
231
230
229
228
227
226
226
224
224
224
222
219
220
220
219
218
221
223
224
226
226
228
228
227
225
225
223
223
222
221
220
224
219
214
218
217
215
215
214
217
219
221
222
225
227
224
221
221
221
220
219
219
219
217
216
215
214
215
213
211
211
210
213
216
216
220
224
223
219
220
220
219
217
217
216
216
215
212
213
213
211
209
210
209
208
211
214
216
219
221
217
220
220
218
216
216
216
215
214
214
213
214
211
207
209
209
207
207
207
206
207
204
200
203
202
201
200
200
199
198
198
201
200
199
201
200
203
205
205
204
204
203
202
202
201
201
203
197
195
197
198
196
195
195
194
193
192
194
197
199
198
198
200
200
198
197
196
196
196
195
192
193
193
192
190
190
190
189
188
188
189
194
194
193
197
197
196
194
194
193
195
192
188
191
191
189
188
187
187
187
186
186
185
191
189
188
194
196
195
194
194
193
193
191
191
191
192
189
186
188
187
186
185
185
185
185
187
190
193
198
199
196
197
196
195
194
194
194
194
192
188
190
191
189
187
187
187
187
187
191
193
201
201
201
203
203
201
201
199
199
198
198
197
196
199
194
191
193
193
191
191
191
197
199
204
207
212
214
211
208
210
209
208
206
206
205
205
203
202
203
203
201
198
199
199
204
208
213
216
221
221
220
219
220
217
215
216
215
213
213
212
211
214
209
207
208
208
206
212
218
222
226
232
231
231
231
229
225
226
226
225
224
223
222
221
220
216
218
218
217
216
215
214
214
212
212
211
214
210
206
207
208
207
211
216
215
221
227
230
235
242
240
237
238
237
236
235
235
234
233
231
230
230
230
228
226
226
226
225
231
236
241
249
250
249
250
251
248
246
246
246
244
242
242
241
242
238
236
237
237
236
235
241
247
252
257
262
261
261
259
257
256
256
255
254
251
252
252
250
247
248
248
246
244
244
252
258
262
267
272
274
270
266
267
267
266
264
263
262
261
260
259
256
258
256
253
254
255
262
266
272
276
282
280
277
278
278
276
273
273
272
271
270
268
269
270
265
262
264
264
264
269
276
281
285
289
288
286
287
284
282
281
283
280
277
277
276
275
274
274
272
271
270
272
279
284
290
292
297
296
295
293
293
291
292
289
286
287
287
284
283
283
281
282
278
276
280
289
292
297
302
307
305
304
303
302
301
299
297
297
297
295
292
292
291
290
289
287
285
291
296
298
306
310
315
312
312
310
313
308
303
305
306
303
301
300
299
298
297
296
294
296
292
289
290
289
288
286
286
284
283
282
281
280
282
286
286
287
288
295
299
304
308
316
312
307
309
308
307
303
304
303
301
300
299
298
300
295
291
293
292
292
297
302
306
312
316
315
313
314
311
308
309
307
306
303
303
302
302
300
297
298
298
295
293
301
305
310
313
318
318
316
315
313
312
313
309
307
308
306
305
303
302
301
300
299
297
296
306
307
310
315
321
319
318
317
315
313
313
311
310
312
308
304
305
305
302
300
300
299
299
305
309
314
320
322
316
319
318
316
315
314
313
312
309
309
307
308
305
303
303
302
300
300
306
310
318
318
319
321
322
318
316
316
314
314
312
311
309
309
307
304
306
304
303
301
302
306
311
315
319
323
323
320
317
317
317
315
314
313
310
314
309
304
306
307
304
302
301
302
307
311
315
319
326
322
317
319
318
316
314
314
313
311
311
309
308
308
305
303
303
302
302
307
311
315
319
323
320
322
321
318
316
316
315
314
312
310
309
312
308
303
304
304
303
300
300
299
298
296
296
294
296
292
288
290
289
287
287
289
288
288
287
289
289
290
290
287
289
289
287
285
285
284
282
281
281
279
280
277
275
275
274
274
271
272
274
278
275
272
277
276
274
272
272
271
269
269
267
267
268
263
262
263
262
260
260
258
259
264
262
259
263
264
263
261
260
260
258
259
256
256
256
254
251
252
251
250
250
248
247
251
249
247
251
253
253
251
251
250
249
248
246
247
248
244
241
243
241
240
239
238
237
237
237
238
240
242
242
241
241
240
240
239
237
236
239
236
231
233
233
231
230
230
231
228
227
227
230
232
232
232
233
233
231
231
230
229
232
227
223
225
225
224
222
222
221
221
219
219
219
222
222
223
225
226
225
224
223
221
225
221
216
219
219
217
216
216
215
214
213
212
212
216
215
213
217
219
218
218
217
216
216
215
213
213
213
212
210
210
209
209
207
207
206
208
206
204
208
211
212
213
212
211
211
209
209
207
210
206
202
204
205
203
202
201
201
201
199
196
198
198
197
195
195
195
194
193
192
192
193
191
192
195
194
194
196
199
201
203
204
203
203
204
202
200
200
200
198
198
198
196
197
195
191
193
193
192
191
194
197
198
200
202
202
204
201
198
199
199
197
197
196
195
195
194
193
192
193
191
188
190
192
194
196
198
200
202
200
196
198
197
196
195
195
194
194
193
192
192
194
189
185
188
188
190
191
194
196
197
197
198
196
197
194
192
193
192
192
190
190
190
190
188
185
186
187
185
187
190
192
194
195
195
195
197
193
190
192
190
190
189
189
188
187
187
186
186
187
183
181
185
188
189
191
192
192
192
193
188
191
190
188
186
187
186
184
184
184
183
184
182
180
180
182
185
185
187
189
190
188
187
187
189
186
183
185
184
183
182
182
181
181
179
176
178
178
179
181
183
185
186
186
185
184
186
183
180
183
182
178
179
179
178
177
176
177
176
177
175
174
178
179
181
182
182
182
182
180
178
179
179
177
176
176
176
174
173
173
172
175
172
168
170
170
169
168
168
167
170
166
162
165
165
164
166
172
172
173
178
182
186
193
194
190
192
192
191
189
190
188
188
187
186
186
187
184
182
183
182
180
182
188
192
200
200
201
204
202
202
200
200
200
198
198
197
197
199
195
191
193
193
191
191
191
197
202
207
210
214
215
213
210
211
211
209
208
207
206
210
205
200
203
203
202
200
200
200
206
211
215
220
228
224
221
222
221
220
219
219
218
218
215
212
214
213
212
211
210
210
210
216
220
225
231
234
232
233
232
231
230
229
228
230
226
222
224
226
223
221
220
220
219
219
225
230
238
239
242
244
243
242
240
240
238
238
237
236
235
235
233
231
231
230
229
228
228
235
242
245
247
255
254
253
251
250
250
249
247
243
245
244
243
242
241
240
240
238
237
237
246
250
253
259
265
264
263
261
261
260
258
254
256
256
255
252
252
251
249
249
248
247
249
254
259
264
269
275
273
272
270
272
269
265
266
265
264
263
262
261
263
259
255
257
257
255
253
253
252
252
250
249
248
250
246
243
244
244
247
250
249
249
258
257
259
264
268
266
265
264
264
262
260
259
259
259
256
255
255
254
252
251
250
250
250
255
257
262
266
267
265
265
264
262
262
260
258
262
258
254
255
254
252
252
251
250
250
250
254
257
262
264
265
265
264
263
261
260
259
261
257
253
255
254
253
253
251
250
249
248
249
254
258
259
261
264
264
262
260
260
258
261
256
253
255
254
252
251
250
249
249
247
245
248
254
255
257
260
262
260
260
258
257
260
255
251
254
252
251
248
249
248
248
246
242
244
248
251
252
256
259
259
257
255
255
254
254
251
251
251
250
248
246
246
248
244
240
242
242
245
248
250
253
255
255
253
253
253
251
249
250
248
246
245
245
244
245
242
238
240
240
239
242
245
247
250
253
252
251
252
248
245
246
246
245
242
242
241
241
240
236
238
237
236
235
239
241
245
246
249
248
250
246
243
245
243
242
241
240
239
242
238
233
236
235
234
232
232
233
234
235
235
236
239
235
231
233
232
231
230
229
229
228
227
226
224
227
223
219
222
221
220
222
222
223
225
224
219
223
223
221
218
219
218
218
216
216
215
218
213
210
212
211
209
209
211
211
213
214
214
214
214
211
210
210
210
208
207
207
206
208
205
200
203
203
201
200
201
203
203
204
205
205
208
203
199
201
202
201
199
199
198
198
196
196
195
196
194
192
192
193
194
195
196
197
200
196
192
195
195
193
192
192
191
191
189
188
188
189
187
186
185
186
186
187
188
189
194
191
187
189
191
188
186
186
185
186
184
184
183
183
182
179
181
180
179
179
182
184
187
186
183
186
186
184
184
183
182
182
181
179
181
181
178
176
177
176
175
175
176
178
181
182
180
185
185
183
182
181
182
180
180
179
177
181
177
173
175
175
174
173
173
173
177
179
181
183
186
183
181
182
181
181
180
179
178
180
177
174
176
176
174
173
174
172
173
178
180
183
190
189
190
190
190
188
187
186
186
188
184
180
183
183
182
180
180
180
179
178
180
185
189
191
192
195
195
193
192
192
191
194
189
186
188
188
186
185
185
184
183
183
182
185
193
192
194
200
202
200
199
199
198
197
197
196
195
196
193
191
192
191
190
189
189
189
192
195
196
203
207
209
208
207
207
205
205
203
203
204
202
199
201
199
198
197
197
196
199
197
199
207
210
214
217
217
215
215
213
211
212
212
210
207
208
208
206
205
205
204
206
203
201
210
214
218
221
226
225
223
223
222
221
224
219
215
217
217
215
214
214
213
213
211
210
213
220
222
223
229
233
233
231
230
229
228
227
225
225
225
223
222
221
222
220
219
219
217
222
224
226
232
235
239
238
236
236
235
232
233
232
233
230
227
228
228
226
225
224
224
223
224
229
232
238
239
243
242
241
240
238
237
237
240
235
230
233
233
230
229
229
229
228
226
226
226
229
225
222
226
227
226
226
226
225
224
223
222
221
222
220
218
218
218
216
215
216
214
217
213
208
213
215
214
214
215
215
213
212
211
212
212
209
208
207
208
206
205
204
204
206
202
199
201
202
203
203
204
206
206
204
201
203
202
202
200
200
199
198
197
197
195
196
195
192
193
193
193
194
196
197
201
197
193
196
195
195
192
193
192
192
190
190
190
190
189
186
186
186
185
187
188
189
193
192
188
190
190
188
188
187
187
186
185
185
184
185
183
181
181
181
180
179
182
183
187
185
182
186
185
186
183
183
182
183
181
180
179
180
177
176
177
177
175
174
174
176
180
178
177
181
180
181
178
178
179
178
178
176
176
177
174
172
173
172
171
171
170
170
175
173
172
176
178
178
176
175
175
173
173
171
172
173
171
169
170
169
168
168
167
166
169
168
166
171
173
174
173
173
171
171
170
170
169
171
168
165
167
166
165
165
164
163
167
163
163
171
175
178
180
183
183
182
181
180
180
183
176
175
177
177
176
174
175
173
172
172
171
175
182
184
187
192
195
193
193
193
192
193
190
186
190
188
187
186
186
185
184
184
183
183
187
192
195
202
208
211
210
209
207
207
206
202
202
204
203
201
200
200
199
198
198
197
199
200
207
212
219
225
229
228
227
227
225
220
223
223
221
220
219
218
218
217
216
215
217
213
214
226
232
240
245
250
250
249
247
246
245
245
243
240
241
240
239
238
236
236
238
235
230
237
248
255
263
269
277
276
274
270
271
272
270
267
267
266
265
265
262
262
264
259
255
258
262
272
280
290
297
304
303
301
300
299
297
296
294
293
293
291
290
289
291
286
282
284
284
287
299
308
317
326
334
332
330
331
328
324
325
323
322
321
319
318
320
315
311
313
312
310
314
327
335
347
355
363
362
361
358
355
355
353
352
350
349
348
349
345
340
342
341
339
337
340
352
356
355
353
364
379
385
392
404
405
404
401
400
398
398
394
390
391
390
388
386
384
383
382
380
379
377
392
402
410
421
432
431
430
428
425
427
422
416
418
418
415
412
411
410
408
407
404
404
405
415
425
438
448
458
458
456
454
452
449
448
446
444
442
440
439
438
435
434
432
430
431
427
437
454
463
473
482
484
483
480
477
475
473
472
470
465
465
464
462
459
458
457
455
452
450
464
479
487
496
508
508
506
502
500
498
500
494
489
490
488
487
483
482
480
479
475
473
473
491
499
507
521
531
530
528
525
523
521
518
516
515
513
510
507
505
505
501
500
498
495
496
508
519
531
542
553
552
549
547
545
542
536
537
537
533
530
529
526
524
522
520
518
519
514
526
541
552
563
574
573
570
568
565
562
561
558
556
553
551
549
546
544
542
540
539
536
533
549
562
572
583
595
594
594
588
583
583
582
578
575
574
571
570
566
563
562
563
558
554
553
555
555
553
552
554
555
555
553
557
554
552
550
547
546
544
541
538
538
536
534
530
529
528
524
522
521
520
524
524
523
525
529
524
520
521
519
517
515
513
511
509
507
504
503
503
499
496
496
493
492
495
497
499
503
502
499
498
497
495
493
491
489
491
485
480
482
482
478
475
474
472
471
470
472
476
480
479
478
480
479
476
476
473
470
469
467
465
464
463
461
458
457
455
454
453
450
454
460
458
458
464
463
461
458
457
455
453
452
451
448
449
444
440
441
440
438
436
435
434
438
439
444
446
450
449
444
444
443
440
439
437
435
435
431
428
429
429
426
422
422
421
420
424
427
431
434
436
434
433
432
429
427
425
424
423
421
420
418
418
415
411
411
411
408
408
413
416
421
421
421
424
422
420
416
416
414
413
410
410
409
410
405
401
402
401
399
398
398
402
405
408
410
414
414
411
409
408
406
404
403
401
399
401
397
392
394
392
391
389
388
387
399
407
412
424
433
433
431
430
428
426
424
422
421
422
418
414
414
413
411
409
408
406
405
414
422
431
440
445
445
444
443
440
438
437
436
434
432
429
429
429
425
421
421
420
419
417
425
436
441
448
454
456
455
452
450
448
447
445
443
441
440
439
436
434
433
431
429
428
426
434
444
448
453
462
464
461
458
456
454
455
451
446
448
447
444
440
441
439
437
435
434
432
440
446
448
458
465
466
463
462
460
458
455
454
452
452
448
446
445
443
441
440
438
436
437
442
445
453
460
463
465
463
461
462
458
453
455
454
450
447
447
445
443
441
439
438
439
435
438
447
452
457
463
464
462
460
459
456
454
453
451
449
447
446
443
442
440
438
438
434
433
439
446
450
456
461
463
464
458
453
454
454
451
449
447
446
444
442
440
439
441
435
430
432
437
445
449
455
461
463
461
459
458
457
453
450
450
449
446
444
443
441
442
438
432
434
433
441
455
466
479
489
496
493
492
492
487
483
483
482
479
477
476
473
473
470
466
466
465
462
470
486
496
509
519
529
525
525
521
518
517
515
513
510
509
507
507
502
498
499
498
494
491
499
517
529
541
550
563
562
557
552
552
550
547
545
543
541
539
537
534
532
531
528
525
524
532
549
561
577
588
599
594
590
589
587
584
581
580
577
577
572
566
568
568
563
559
559
557
567
584
597
614
627
633
628
628
625
622
619
617
614
612
609
606
604
604
600
595
594
593
590
601
621
634
654
663
665
666
665
660
655
654
651
648
646
642
641
641
636
629
630
628
625
622
638
658
673
690
704
709
707
703
699
697
694
690
687
686
682
681
676
670
670
671
665
661
661
677
698
713
732
747
752
748
741
741
738
735
732
730
727
722
719
717
714
711
707
704
703
700
719
741
758
776
795
794
788
786
783
779
775
772
769
770
763
757
757
757
751
745
745
742
741
736
734
731
728
725
721
721
717
714
711
709
706
723
748
772
795
812
832
847
854
851
845
841
838
834
835
828
822
822
819
814
810
808
805
804
798
792
814
842
857
875
896
902
898
894
890
885
882
878
875
871
868
864
860
858
854
851
847
844
840
860
886
904
926
947
949
944
940
935
932
927
922
920
917
912
908
905
901
901
894
888
887
886
908
931
954
975
995
999
992
989
985
980
976
972
969
965
960
956
952
948
945
941
937
935
930
954
982
1003
1026
1044
1048
1043
1040
1034
1027
1025
1022
1016
1011
1008
1004
1003
995
989
988
986
980
973
1002
1030
1050
1073
1094
1098
1092
1087
1082
1078
1073
1068
1064
1060
1056
1051
1047
1043
1038
1036
1030
1026
1022
1050
1077
1098
1123
1144
1151
1142
1135
1132
1130
1122
1116
1113
1108
1107
1100
1092
1091
1087
1082
1076
1074
1069
1096
1125
1147
1172
1194
1193
1187
1182
1177
1172
1167
1161
1158
1153
1147
1144
1138
1135
1129
1124
1121
1118
1112
1144
1173
1197
1225
1245
1242
1239
1236
1227
1220
1218
1212
1208
1202
1197
1192
1188
1183
1179
1173
1170
1165
1159
1155
1151
1147
1142
1138
1134
1130
1124
1120
1116
1112
1107
1126
1156
1179
1205
1221
1245
1241
1237
1229
1222
1219
1212
1209
1204
1197
1194
1189
1184
1179
1174
1170
1165
1161
1162
1194
1220
1245
1267
1292
1288
1281
1275
1270
1265
1259
1253
1249
1244
1241
1234
1229
1223
1220
1214
1209
1205
1205
1241
1266
1288
1314
1341
1331
1323
1318
1313
1307
1300
1296
1291
1286
1281
1275
1270
1266
1259
1255
1250
1245
1246
1282
1312
1339
1363
1390
1385
1379
1374
1366
1359
1354
1349
1347
1338
1329
1327
1325
1316
1307
1306
1300
1295
1295
1332
1363
1392
1417
1445
1442
1435
1428
1422
1416
1410
1404
1398
1393
1387
1383
1373
1369
1363
1361
1355
1347
1343
1383
1420
1445
1471
1502
1506
1497
1487
1482
1477
1471
1464
1456
1452
1446
1440
1434
1429
1423
1416
1411
1406
1401
1436
1472
1502
1532
1561
1566
1557
1550
1547
1537
1527
1524
1518
1515
1504
1496
1492
1487
1481
1473
1469
1463
1457
1492
1533
1563
1596
1624
1632
1623
1616
1609
1601
1595
1588
1581
1574
1568
1561
1556
1549
1541
1537
1533
1524
1515
1552
1593
1624
1659
1690
1698
1690
1681
1673
1666
1660
1653
1645
1638
1632
1624
1617
1612
1605
1600
1592
1585
1579
1576
1567
1559
1554
1549
1546
1536
1527
1524
1519
1511
1506
1523
1571
1608
1647
1679
1720
1709
1700
1692
1686
1678
1671
1663
1657
1654
1643
1634
1630
1623
1620
1611
1600
1598
1602
1651
1690
1728
1761
1798
1791
1782
1773
1765
1757
1750
1742
1736
1729
1720
1713
1708
1700
1691
1686
1679
1675
1672
1722
1767
1806
1839
1875
1869
1859
1854
1843
1831
1826
1819
1810
1803
1797
1788
1781
1773
1767
1760
1752
1745
1745
1798
1843
1881
1916
1955
1951
1938
1926
1920
1912
1906
1895
1885
1879
1872
1864
1855
1848
1840
1836
1825
1815
1818
1873
1916
1959
1995
2035
2027
2017
2007
2000
1990
1980
1972
1963
1957
1948
1938
1931
1923
1915
1907
1900
1892
1894
1947
1991
2038
2075
2116
2109
2099
2090
2079
2070
2061
2054
2043
2035
2026
2018
2010
2000
1992
1984
1979
1968
1959
2023
2072
2119
2157
2196
2195
2183
2173
2164
2154
2144
2135
2126
2116
2108
2099
2090
2082
2073
2064
2056
2046
2039
2105
2154
2197
2243
2286
2289
2276
2264
2254
2245
2235
2225
2214
2206
2200
2187
2174
2169
2159
2150
2142
2133
2124
2181
2239
2284
2335
2378
2389
2376
2364
2354
2343
2333
2322
2316
2301
2289
2283
2272
2265
2253
2242
2234
2225
2216
2207
2198
2189
2180
2170
2162
2154
2145
2135
2127
2119
2110
2138
2209
2263
2330
2374
2416
2406
2394
2383
2372
2361
2351
2340
2330
2320
2309
2300
2294
2280
2268
2262
2252
2243
2269
2346
2403
2468
2511
2561
2549
2534
2521
2512
2499
2488
2476
2465
2455
2447
2433
2420
2413
2402
2394
2382
2371
2391
2471
2535
2599
2648
2712
2697
2680
2663
2655
2641
2629
2618
2606
2595
2583
2572
2561
2553
2539
2525
2517
2506
2512
2597
2668
2734
2788
2854
2839
2824
2809
2800
2782
2766
2759
2745
2732
2720
2709
2697
2685
2673
2661
2650
2639
2641
2733
2808
2878
2936
3003
2989
2973
2958
2944
2930
2916
2907
2890
2873
2863
2851
2838
2825
2813
2801
2788
2777
2778
2875
2953
3023
3089
3160
3146
3130
3113
3098
3084
3069
3054
3040
3026
3014
2998
2984
2972
2959
2945
2933
2919
2918
3019
3103
3176
3248
3316
3304
3289
3272
3256
3240
3224
3209
3194
3178
3164
3150
3135
3124
3106
3090
3080
3065
3051
3159
3249
3327
3399
3474
3473
3459
3438
3419
3404
3388
3372
3355
3339
3324
3308
3293
3278
3262
3248
3236
3218
3200
3301
3398
3472
3557
3629
3645
3624
3603
3585
3568
3550
3532
3515
3498
3482
3465
3448
3433
3416
3400
3385
3369
3353
3341
3323
3304
3296
3278
3261
3249
3235
3221
3205
3192
3179
3232
3346
3426
3527
3604
3668
3645
3625
3608
3589
3571
3553
3537
3519
3505
3485
3466
3455
3436
3418
3404
3388
3373
3419
3539
3634
3729
3804
3895
3867
3846
3827
3805
3785
3767
3748
3728
3711
3692
3674
3661
3639
3618
3608
3588
3568
3583
3709
3811
3911
3992
4088
4070
4047
4025
4003
3982
3962
3941
3921
3905
3883
3861
3844
3826
3807
3792
3770
3750
3751
3884
3994
4097
4189
4284
4281
4255
4232
4209
4186
4164
4143
4121
4101
4079
4057
4041
4018
3995
3978
3958
3940
3920
4061
4182
4287
4387
4487
4488
4461
4438
4411
4386
4365
4340
4317
4294
4272
4250
4228
4207
4185
4164
4144
4122
4102
4244
4373
4481
4587
4696
4692
4660
4635
4609
4583
4562
4532
4503
4484
4460
4437
4413
4390
4368
4345
4323
4304
4279
4428
4565
4680
4793
4906
4904
4869
4844
4815
4788
4761
4734
4708
4682
4656
4631
4606
4582
4557
4533
4510
4487
4463
4623
4764
4884
5004
5121
5125
5093
5061
5029
5000
4971
4943
4915
4887
4861
4833
4806
4783
4754
4726
4702
4678
4653
4809
4959
5079
5209
5282
5282
5282
5277
5243
5210
5178
5149
5118
5089
5059
5030
5002
4974
4946
4920
4891
4863
4838
4813
4786
4763
4736
4709
4685
4661
4637
4614
4589
4566
4543
4622
4789
4946
5056
5204
5282
5282
5282
5282
5272
5240
5208
5177
5146
5116
5086
5057
5028
5003
4971
4941
4916
4889
4863
4960
5132
5249
5282
5282
5282
5282
5282
5282
5282
5282
5259
5227
5196
5166
5136
5106
5077
5047
5023
4992
4962
4936
5005
5187
5282
5282
5282
5282
5282
5282
5282
5282
5282
5261
5230
5199
5169
5140
5109
5080
5051
5022
4994
4967
4939
5004
5193
5282
5282
5282
5282
5282
5282
5282
5282
5282
5264
5235
5201
5167
5140
5110
5081
5051
5024
4997
4968
4939
4998
5196
5282
5282
5282
5282
5282
5282
5282
5282
5282
5268
5236
5204
5178
5143
5110
5085
5055
5027
4999
4970
4945
4986
5190
5282
5282
5282
5282
5282
5282
5282
5282
5282
5272
5239
5207
5177
5147
5117
5087
5060
5030
4999
4974
4946
4952
5166
5282
5282
5282
5282
5282
5282
5282
5282
5282
5275
5243
5212
5181
5150
5121
5091
5062
5035
5006
4977
4950
4923
5143
5282
5282
5282
5282
5282
5282
5282
5282
5282
5280
5246
5213
5184
5153
5123
5093
5065
5037
5008
4979
4952
4925
5137
5282
5282
5282
5282
5282
5282
5282
5282
5282
5281
5248
5217
5186
5159
5126
5092
5067
5038
5010
4985
4954
4922
4900
4872
4846
4819
4795
4770
4744
4718
4695
4671
4648
4623
4720
4908
5043
5212
5282
5282
5282
5282
5282
5282
5276
5240
5209
5177
5143
5116
5087
5057
5031
5000
4968
4944
4916
4989
5177
5282
5282
5282
5282
5282
5282
5282
5282
5282
5263
5231
5200
5169
5138
5109
5080
5050
5023
4994
4965
4939
5002
5189
5282
5282
5282
5282
5282
5282
5282
5282
5282
5264
5231
5201
5170
5136
5110
5079
5051
5022
4994
4968
4939
4984
5169
5282
5282
5282
5282
5282
5282
5282
5282
5282
5266
5233
5202
5171
5141
5111
5082
5052
5024
4995
4968
4940
4980
5160
5282
5282
5282
5282
5282
5282
5282
5282
5282
5267
5235
5205
5173
5143
5112
5083
5053
5025
4997
4969
4941
4976
5156
5282
5282
5282
5282
5282
5282
5282
5282
5282
5268
5240
5205
5174
5144
5114
5085
5059
5026
4999
4970
4941
4952
5131
5277
5282
5282
5282
5282
5282
5282
5282
5282
5270
5237
5205
5175
5144
5115
5085
5056
5027
4999
4970
4943
4946
5121
5270
5282
5282
5282
5282
5282
5282
5282
5282
5272
5238
5208
5177
5148
5116
5087
5058
5029
5001
4973
4944
4947
5120
5264
5282
5282
5282
5282
5282
5282
5282
5282
5272
5239
5208
5178
5146
5113
5087
5057
5029
5000
4972
4945
4917
4889
4863
4838
4811
4786
4760
4736
4710
4685
4664
4637
4613
4788
4999
5184
5282
5282
5282
5282
5282
5282
5282
5282
5279
5243
5208
5180
5149
5120
5090
5061
5033
5004
4974
4947
4920
5136
5282
5282
5282
5282
5282
5282
5282
5282
5282
5279
5246
5215
5184
5153
5123
5093
5064
5035
5007
4979
4951
4926
5107
5282
5282
5282
5282
5282
5282
5282
5282
5282
5282
5250
5218
5191
5156
5126
5096
5065
5037
5009
4981
4956
4927
5099
5282
5282
5282
5282
5282
5282
5282
5282
5282
5282
5249
5218
5186
5156
5126
5096
5067
5037
5009
4981
4953
4926
5099
5282
5282
5282
5282
5282
5282
5282
5282
5282
5282
5249
5217
5186
5155
5125
5095
5066
5041
5009
4978
4952
4925
5101
5282
5282
5282
5282
5282
5282
5282
5282
5282
5281
5245
5217
5184
5155
5125
5095
5069
5037
5005
4981
4952
4925
5096
5282
5282
5282
5282
5282
5282
5282
5282
5282
5281
5249
5217
5186
5156
5125
5095
5066
5036
5008
4980
4956
4925
5094
5279
5282
5282
5282
5282
5282
5282
5282
5282
5282
5250
5221
5187
5159
5127
5094
5067
5038
5010
4985
4953
4925
5078
5263
5282
5282
5282
5282
5282
5282
5282
5282
5282
5252
5221
5190
5159
5127
5098
5068
5040
5011
4984
4955
4928
4899
4873
4846
4821
4795
4769
4744
4719
4694
4673
4646
4621
4678
4841
4965
5113
5220
5282
5282
5267
5236
5203
5172
5142
5110
5077
5050
5021
4993
4964
4936
4909
4881
4854
4828
4863
5028
5160
5282
5282
5282
5282
5282
5282
5282
5282
5265
5235
5202
5171
5141
5110
5081
5052
5023
4994
4966
4938
4960
5124
5255
5282
5282
5282
5282
5282
5282
5282
5282
5270
5238
5206
5178
5145
5111
5085
5054
5026
4997
4970
4943
4944
5110
5252
5282
5282
5282
5282
5282
5282
5282
5282
5273
5240
5208
5178
5148
5117
5087
5058
5029
5000
4972
4944
4922
5094
5238
5282
5282
5282
5282
5282
5282
5282
5282
5277
5243
5208
5180
5149
5119
5093
5060
5027
5003
4973
4946
4919
5088
5233
5282
5282
5282
5282
5282
5282
5282
5282
5275
5243
5212
5180
5150
5120
5089
5061
5032
5001
4975
4946
4919
5091
5236
5282
5282
5282
5282
5282
5282
5282
5282
5275
5243
5211
5183
5149
5116
5089
5060
5031
5003
4974
4947
4920
5088
5236
5282
5282
5282
5282
5282
5282
5282
5282
5274
5241
5211
5178
5146
5118
5088
5058
5030
5002
4973
4945
4917
5090
5234
5282
5282
5282
5282
5282
5282
5282
5282
5275
5243
5210
5180
5149
5119
5091
5060
5031
5002
4974
4946
