2443
2465
2456
2444
2477
2498
2517
2537
2558
2550
2539
2567
2596
2611
2633
2654
2648
2633
2661
2689
2707
2729
2750
2748
2734
2761
2785
2803
2827
2847
2844
2834
2854
2887
2901
2925
2946
2950
2932
2950
2983
2999
3026
3044
3052
3035
3050
3079
3098
3125
3142
3151
3137
3144
3177
3196
3223
3238
3252
3235
3238
3272
3291
3317
3334
3355
3335
3334
3365
3388
3410
3427
3448
3430
3422
3455
3478
3500
3517
3540
3523
3508
3542
3565
3586
3605
3628
3611
3595
3625
3650
3668
3687
3705
3693
3676
3705
3729
3747
3765
3783
3773
3752
3778
3805
3820
3838
3857
3848
3830
3849
3874
3888
3906
3920
3919
3900
3912
3938
3950
3969
3983
3983
3961
3970
3997
4007
4028
4040
4040
4019
4024
4049
4059
4079
4085
4095
4074
4069
4094
4107
4123
4129
4141
4117
4111
4135
4147
4163
4170
4182
4161
4148
4169
4183
4195
4200
4217
4196
4177
4199
4212
4223
4228
4245
4220
4202
4221
4234
4244
4252
4263
4246
4220
4239
4251
4259
4263
4277
4259
4236
4250
4263
4268
4276
4284
4268
4245
4245
4248
4244
4245
4243
4228
4205
4204
4206
4200
4203
4203
4189
4167
4162
4166
4161
4162
4158
4147
4126
4121
4124
4118
4119
4119
4106
4084
4078
4080
4075
4078
4071
4064
4043
4034
4034
4032
4031
4024
4018
3998
3988
3990
3985
3987
3978
3973
3953
3940
3941
3939
3936
3930
3926
3906
3891
3894
3890
3886
3880
3877
3858
3844
3843
3842
3835
3831
3827
3807
3788
3792
3791
3783
3778
3774
3756
3737
3739
3736
3729
3724
3719
3703
3685
3686
3681
3676
3669
3663
3646
3631
3631
3626
3619
3614
3608
3593
3578
3574
3570
3563
3557
3551
3538
3524
3521
3513
3506
3501
3493
3482
3467
3463
3457
3449
3445
3436
3423
3410
3404
3400
3391
3386
3379
3369
3356
3346
3343
3334
3329
3318
3313
3298
3290
3285
3278
3272
3263
3256
3242
3232
3229
3222
3216
3208
3201
3190
3176
3172
3165
3159
3150
3145
3132
3121
3116
3110
3104
3093
3090
3077
3065
3061
3055
3049
3041
3037
3022
3010
3006
3000
2990
2987
2981
2972
2957
2952
2947
2939
2932
2926
2915
2904
2898
2892
2885
2880
2875
2863
2851
2845
2838
2831
2826
2821
2810
2798
2800
2805
2803
2807
2807
2804
2791
2788
2794
2792
2798
2794
2791
2778
2774
2776
2778
2780
2778
2776
2764
2759
2761
2762
2764
2762
2762
2749
2742
2748
2749
2747
2745
2745
2733
2724
2729
2730
2729
2727
2728
2716
2705
2710
2710
2710
2708
2709
2696
2687
2692
2690
2689
2688
2687
2676
2666
2669
2673
2668
2666
2667
2656
2646
2647
2648
2646
2646
2645
2637
2627
2626
2626
2624
2624
2619
2615
2605
2606
2604
2603
2602
2599
2590
2582
2580
2581
2578
2578
2575
2573
2559
2556
2558
2555
2550
2552
2549
2541
2533
2534
2531
2532
2524
2525
2515
2508
2509
2507
2507
2504
2501
2491
2483
2485
2481
2482
2478
2477
2466
2459
2459
2458
2454
2453
2452
2442
2435
2434
2433
2433
2429
2428
2417
2408
2406
2408
2406
2404
2402
2393
2384
2384
2380
2380
2378
2376
2369
2359
2358
2359
2355
2354
2351
2344
2333
2333
2333
2330
2331
2325
2320
2311
2307
2308
2304
2304
2301
2295
2287
2282
2284
2281
2280
2277
2273
2260
2259
2261
2259
2256
2253
2250
2240
2234
2236
2234
2233
2230
2228
2218
2216
2214
2213
2211
2208
2203
2198
2192
2194
2190
2190
2187
2186
2173
2169
2170
2169
2166
2164
2162
2155
2147
2147
2146
2144
2141
2141
2133
2125
2127
2125
2124
2121
2119
2112
2104
2106
2105
2103
2101
2100
2096
2085
2085
2085
2082
2080
2081
2074
2069
2066
2066
2064
2063
2059
2056
2049
2048
2048
2046
2045
2044
2040
2030
2029
2029
2027
2027
2026
2020
2014
2012
2012
2011
2009
2006
2004
1996
1995
1995
1993
1993
1994
1987
1980
1977
1978
1973
1976
1975
1971
1965
1961
1962
1960
1959
1958
1956
1948
1945
1946
1944
1946
1943
1940
1932
1929
1927
1929
1929
1928
1926
1918
1913
1915
1913
1914
1912
1910
1902
1900
1901
1901
1901
1899
1898
1890
1884
1888
1887
1887
1887
1883
1876
1872
1874
1872
1874
1872
1871
1864
1860
1861
1863
1862
1860
1860
1852
1844
1849
1851
1850
1852
1849
1841
1836
1837
1838
1838
1837
1838
1831
1824
1827
1830
1827
1826
1827
1818
1813
1816
1816
1817
1815
1816
1808
1801
1803
1805
1806
1805
1805
1798
1792
1796
1795
1795
1793
1794
1783
1781
1783
1784
1787
1785
1783
1776
1770
1771
1773
1772
1772
1771
1765
1760
1765
1762
1762
1761
1761
1751
1749
1749
1750
1752
1748
1748
1742
1734
1736
1736
1735
1734
1733
1728
1723
1725
1723
1722
1722
1720
1717
1710
1711
1712
1710
1709
1708
1705
1697
1698
1699
1697
1699
1697
1695
1689
1686
1687
1686
1686
1683
1684
1677
1675
1680
1675
1675
1675
1673
1663
1664
1666
1664
1666
1664
1663
1661
1653
1655
1656
1655
1654
1656
1649
1645
1648
1646
1646
1646
1646
1640
1635
1637
1638
1638
1638
1640
1633
1626
1629
1630
1628
1631
1631
1625
1619
1621
1623
1622
1623
1621
1618
1613
1613
1615
1614
1616
1618
1613
1606
1606
1608
1604
1610
1610
1608
1604
1600
1603
1602
1604
1600
1601
1596
1594
1597
1598
1599
1602
1597
1591
1589
1592
1588
1593
1593
1593
1589
1584
1587
1587
1591
1586
1590
1584
1579
1583
1584
1585
1587
1588
1580
1575
1578
1577
1581
1582
1584
1581
1571
1575
1577
1577
1577
1580
1574
1568
1571
1574
1575
1576
1578
1573
1565
1567
1570
1572
1573
1575
1571
1564
1565
1568
1569
1571
1572
1569
1562
1563
1566
1570
1568
1569
1567
1559
1557
1564
1564
1567
1570
1565
1559
1558
1562
1559
1565
1565
1565
1558
1554
1553
1553
1547
1544
1540
1534
1530
1529
1526
1525
1525
1519
1514
1508
1507
1506
1504
1501
1499
1493
1489
1491
1486
1483
1481
1479
1472
1469
1467
1466
1466
1461
1459
1455
1448
1448
1446
1444
1441
1439
1437
1433
1429
1427
1424
1421
1418
1415
1411
1408
1410
1404
1402
1400
1395
1391
1389
1387
1385
1382
1379
1378
1371
1369
1368
1365
1360
1360
1357
1353
1351
1348
1345
1342
1340
1336
1333
1329
1328
1325
1323
1321
1321
1314
1310
1308
1305
1303
1301
1299
1294
1293
1289
1287
1284
1281
1277
1275
1271
1269
1267
1265
1263
1263
1256
1252
1249
1248
1245
1243
1241
1238
1236
1231
1229
1227
1224
1220
1219
1215
1212
1211
1209
1209
1204
1201
1197
1194
1190
1190
1188
1186
1184
1180
1177
1174
1172
1169
1168
1165
1162
1158
1157
1154
1155
1150
1148
1143
1140
1134
1137
1134
1132
1130
1129
1124
1122
1120
1116
1115
1113
1109
1106
1104
1103
1104
1098
1096
1092
1089
1084
1086
1083
1081
1080
1076
1072
1070
1068
1063
1064
1062
1058
1055
1054
1052
1051
1047
1045
1043
1038
1036
1035
1031
1031
1030
1025
1022
1027
1038
1043
1056
1062
1067
1062
1064
1076
1082
1091
1096
1102
1097
1098
1108
1115
1123
1129
1133
1127
1128
1137
1143
1150
1155
1162
1157
1154
1165
1170
1176
1180
1187
1179
1179
1187
1193
1199
1203
1208
1205
1199
1205
1213
1217
1222
1227
1223
1218
1228
1231
1234
1238
1242
1237
1235
1240
1246
1252
1252
1257
1253
1248
1250
1259
1261
1265
1269
1266
1262
1265
1269
1272
1276
1278
1277
1271
1275
1280
1285
1285
1288
1287
1280
1283
1288
1290
1294
1297
1295
1290
1291
1296
1297
1301
1301
1302
1296
1297
1302
1305
1307
1308
1308
1302
1302
1306
1309
1312
1313
1314
1311
1307
1311
1313
1316
1316
1318
1312
1313
1318
1317
1320
1321
1323
1314
1314
1318
1320
1322
1323
1326
1320
1316
1319
1321
1322
1324
1326
1321
1316
1322
1322
1323
1325
1326
1319
1316
1320
1322
1323
1325
1328
1326
1318
1321
1321
1322
1324
1326
1323
1317
1321
1321
1321
1323
1323
1319
1315
1316
1318
1318
1320
1322
1319
1313
1313
1315
1313
1316
1317
1317
1311
1312
1312
1309
1312
1311
1311
1306
1303
1305
1306
1307
1307
1307
1301
1297
1298
1297
1298
1299
1300
1295
1291
1294
1296
1298
1299
1302
1297
1291
1294
1297
1298
1302
1302
1299
1293
1294
1295
1299
1300
1301
1301
1294
1294
1298
1297
1298
1300
1300
1294
1293
1296
1297
1301
1299
1300
1294
1291
1291
1296
1298
1298
1301
1294
1290
1293
1294
1294
1296
1297
1293
1288
1290
1293
1296
1294
1295
1292
1286
1285
1290
1290
1292
1294
1290
1285
1285
1289
1285
1289
1290
1289
1283
1283
1285
1287
1286
1287
1287
1281
1276
1282
1282
1284
1284
1286
1279
1276
1278
1279
1281
1281
1283
1278
1273
1276
1279
1279
1279
1279
1277
1269
1273
1275
1275
1277
1278
1276
1270
1270
1272
1272
1274
1275
1274
1268
1268
1272
1270
1272
1272
1271
1263
1264
1268
1268
1271
1269
1271
1266
1262
1263
1266
1267
1267
1269
1264
1259
1266
1264
1264
1265
1265
1258
1256
1259
1261
1262
1262
1263
1259
1253
1253
1257
1257
1259
1259
1257
1252
1255
1253
1252
1254
1253
1251
1248
1246
1249
1251
1249
1249
1249
1244
1239
1244
1243
1244
1245
1246
1242
1236
1238
1238
1239
1235
1239
1236
1231
1233
1234
1233
1233
1234
1228
1226
1225
1227
1227
1228
1228
1229
1220
1219
1219
1218
1218
1218
1217
1211
1210
1210
1210
1210
1208
1206
1203
1200
1201
1201
1202
1200
1203
1195
1191
1192
1192
1192
1191
1191
1187
1185
1185
1185
1185
1185
1182
1183
1176
1178
1178
1178
1178
1182
1175
1170
1171
1171
1172
1172
1173
1171
1167
1165
1168
1166
1168
1166
1169
1169
1170
1171
1172
1173
1176
1174
1175
1176
1176
1175
1178
1179
1180
1181
1182
1183
1183
1185
1185
1186
1188
1189
1190
1192
1193
1197
1189
1184
1187
1187
1187
1190
1191
1187
1184
1184
1187
1188
1189
1187
1188
1182
1183
1187
1188
1189
1190
1189
1184
1183
1185
1187
1189
1190
1191
1188
1184
1187
1188
1191
1189
1193
1188
1185
1189
1190
1193
1197
1196
1190
1186
1189
1189
1194
1196
1198
1196
1189
1193
1195
1196
1197
1201
1197
1192
1196
1199
1201
1206
1205
1202
1197
1198
1199
1204
1207
1209
1208
1201
1203
1206
1207
1208
1212
1215
1218
1220
1223
1226
1230
1232
1233
1236
1237
1241
1243
1247
1248
1254
1253
1255
1259
1261
1261
1267
1270
1272
1275
1278
1281
1284
1285
1280
1275
1278
1284
1286
1288
1292
1286
1281
1286
1289
1290
1294
1297
1294
1289
1298
1311
1319
1328
1337
1335
1329
1336
1350
1357
1368
1376
1376
1369
1375
1388
1394
1404
1411
1412
1406
1411
1424
1430
1439
1445
1447
1440
1443
1455
1461
1470
1477
1481
1472
1476
1487
1492
1500
1508
1511
1503
1506
1516
1523
1531
1536
1540
1534
1534
1544
1550
1558
1564
1573
1562
1562
1571
1577
1582
1589
1597
1589
1585
1596
1603
1613
1614
1622
1614
1608
1618
1626
1633
1638
1645
1648
1655
1662
1668
1674
1680
1686
1693
1698
1704
1710
1719
1722
1727
1732
1736
1737
1745
1751
1757
1762
1764
1771
1775
1780
1783
1791
1796
1799
1804
1808
1815
1821
1822
1818
1810
1814
1821
1824
1828
1833
1829
1820
1824
1830
1831
1837
1840
1839
1830
1832
1839
1842
1845
1848
1849
1839
1836
1846
1848
1852
1856
1856
1847
1845
1850
1849
1856
1858
1863
1855
1847
1854
1858
1860
1862
1865
1858
1848
1855
1859
1862
1865
1866
1862
1853
1856
1857
1861
1863
1865
1862
1854
1854
1861
1859
1863
1863
1862
1850
1851
1855
1856
1862
1858
1860
1852
1846
1847
1852
1853
1854
1856
1848
1841
1847
1847
1847
1848
1849
1840
1834
1843
1856
1864
1871
1879
1878
1869
1875
1888
1894
1903
1910
1908
1901
1907
1917
1922
1931
1936
1938
1930
1933
1945
1949
1958
1963
1970
1958
1958
1970
1976
1985
1990
1997
1989
1983
1994
2002
2010
2012
2022
2013
2006
2021
2026
2033
2039
2046
2036
2029
2041
2050
2056
2062
2069
2067
2055
2062
2072
2075
2082
2090
2088
2078
2086
2093
2097
2106
2109
2110
2101
2102
2112
2116
2124
2128
2134
2121
2119
2129
2133
2137
2144
2148
2139
2135
2145
2150
2156
2156
2165
2155
2149
2159
2164
2171
2174
2181
2170
2163
2172
2175
2182
2186
2192
2199
2202
2208
2213
2217
2221
2226
2232
2236
2241
2245
2249
2255
2254
2259
2265
2267
2267
2274
2278
2283
2289
2290
2293
2295
2299
2299
2301
2290
2288
2294
2295
2299
2301
2302
2291
2285
2291
2291
2297
2297
2300
2290
2282
2287
2289
2292
2293
2297
2287
2277
2282
2285
2287
2291
2291
2281
2271
2275
2275
2279
2281
2282
2275
2264
2266
2268
2265
2270
2270
2264
2254
2254
2256
2256
2257
2256
2252
2242
2238
2244
2241
2243
2242
2239
2230
2224
2226
2222
2225
2225
2224
2215
2206
2209
2210
2208
2206
2205
2197
2185
2189
2190
2189
2188
2187
2182
2174
2169
2172
2170
2171
2169
2167
2157
2154
2158
2152
2153
2150
2149
2140
2134
2135
2136
2133
2132
2131
2123
2111
2116
2114
2113
2112
2110
2104
2095
2095
2095
2092
2090
2087
2084
2075
2074
2076
2071
2070
2068
2062
2051
2052
2052
2049
2048
2046
2043
2036
2030
2031
2027
2026
2020
2021
2013
2008
2008
2005
2003
2001
1997
1991
1984
1985
1983
1981
1978
1978
1970
1962
1961
1960
1955
1955
1954
1948
1942
1938
1938
1935
1933
1928
1925
1918
1915
1914
1912
1911
1910
1904
1896
1892
1892
1886
1888
1884
1882
1877
1870
1869
1866
1865
1859
1861
1853
1847
1846
1845
1843
1841
1838
1831
1824
1823
1819
1818
1817
1816
1813
1803
1801
1799
1796
1793
1792
1787
1781
1778
1778
1774
1775
1769
1767
1760
1754
1749
1752
1749
1746
1746
1737
1732
1731
1728
1722
1724
1721
1715
1709
1708
1705
1706
1701
1698
1692
1685
1681
1683
1680
1677
1677
1669
1663
1661
1658
1656
1654
1651
1647
1640
1637
1637
1632
1629
1626
1624
1615
1613
1611
1609
1607
1602
1599
1593
1587
1584
1583
1580
1576
1573
1568
1563
1559
1551
1545
1540
1534
1524
1523
1518
1513
1509
1503
1496
1491
1486
1479
1476
1470
1466
1461
1456
1451
1448
1440
1435
1430
1425
1418
1416
1411
1405
1403
1396
1392
1387
1382
1375
1374
1368
1363
1359
1354
1350
1345
1340
1336
1331
1325
1322
1317
1314
1309
1308
1300
1295
1291
1287
1280
1277
1274
1270
1266
1261
1258
1257
1249
1245
1241
1236
1229
1229
1225
1221
1218
1213
1210
1206
1203
1197
1194
1191
1188
1184
1180
1178
1176
1170
1166
1164
1160
1153
1154
1151
1147
1144
1141
1138
1135
1133
1128
1125
1123
1121
1118
1116
1113
1113
1106
1104
1102
1099
1095
1095
1093
1090
1088
1085
1083
1081
1079
1076
1074
1070
1070
1069
1067
1066
1068
1061
1057
1057
1055
1055
1053
1052
1051
1049
1045
1046
1045
1044
1040
1042
1038
1036
1037
1036
1037
1035
1034
1030
1029
1028
1029
1029
1029
1029
1028
1023
1024
1024
1024
1022
1025
1022
1018
1020
1021
1025
1022
1022
1019
1015
1016
1019
1019
1020
1022
1019
1015
1016
1018
1016
1021
1020
1020
1016
1015
1019
1020
1020
1021
1022
1016
1016
1019
1020
1023
1025
1024
1020
1017
1017
1016
1017
1016
1016
1013
1009
1010
1013
1009
1010
1010
1008
1002
1003
1005
1005
1007
1005
1005
1002
999
999
1002
1003
1004
1004
1000
999
1001
1001
1002
1003
1001
1001
998
1000
1002
1005
1005
1006
1006
1008
1011
1012
1014
1015
1017
1019
1023
1021
1024
1025
1026
1025
1029
1030
1032
1034
1036
1038
1040
1041
1041
1045
1045
1048
1049
1050
1048
1047
1045
1048
1048
1048
1047
1049
1045
1044
1049
1048
1050
1050
1050
1045
1045
1047
1048
1050
1050
1052
1049
1044
1046
1048
1047
1049
1050
1046
1042
1047
1046
1047
1047
1047
1042
1040
1042
1043
1044
1044
1046
1042
1037
1039
1039
1039
1040
1041
1037
1033
1036
1035
1035
1034
1035
1028
1026
1028
1028
1027
1027
1028
1023
1019
1020
1020
1018
1018
1018
1014
1010
1013
1010
1009
1008
1007
1001
1000
999
999
998
997
997
992
989
988
987
982
984
983
980
976
976
974
972
971
968
966
963
961
960
958
957
958
953
949
947
945
941
942
940
939
934
935
931
928
927
925
920
919
918
916
913
912
912
907
903
902
900
894
896
893
891
889
886
883
880
878
873
872
870
867
864
861
859
859
854
851
849
845
842
841
838
836
834
831
828
826
823
821
818
816
813
811
808
807
806
801
800
797
793
792
790
787
785
785
780
779
776
773
769
769
767
764
762
760
759
756
753
751
748
745
744
742
740
737
737
733
731
729
727
721
723
721
719
716
715
715
710
708
706
704
698
699
698
696
694
696
689
687
686
683
681
680
678
675
674
672
673
668
666
664
661
658
658
656
655
653
653
648
647
645
642
641
639
637
635
634
634
630
628
627
625
622
620
619
617
617
614
613
610
608
607
604
600
601
600
598
596
595
595
591
589
588
585
581
583
579
579
578
578
575
572
571
569
566
566
564
563
561
560
560
556
554
553
551
547
548
547
545
544
544
540
540
537
535
532
531
530
530
528
527
526
523
521
520
518
514
516
514
513
511
512
508
507
506
504
500
501
499
498
496
496
497
493
491
490
488
485
485
484
483
481
483
478
477
476
474
471
472
470
469
468
466
466
463
463
461
458
458
456
456
454
453
455
451
449
448
446
443
444
443
441
440
441
438
438
435
434
433
431
431
430
428
427
429
425
424
422
420
420
421
418
417
416
416
414
413
412
411
409
410
408
408
407
407
406
405
404
404
401
401
402
400
400
399
401
399
397
397
396
394
395
395
394
393
395
393
393
393
392
388
391
390
390
390
390
392
388
388
388
388
385
388
388
386
387
388
387
387
387
388
386
385
386
386
387
387
389
385
385
386
386
385
387
388
386
386
386
389
387
388
388
386
385
387
388
388
389
390
388
387
388
388
388
390
391
390
389
390
394
391
393
393
391
387
391
393
392
394
396
396
393
394
395
395
393
398
399
396
396
399
399
400
400
401
398
400
401
403
403
404
406
401
403
405
406
406
408
408
406
407
409
410
411
413
412
409
410
411
411
411
412
413
409
409
409
409
406
409
409
408
407
409
407
407
407
406
403
405
405
405
405
405
406
403
401
402
402
399
401
401
399
398
400
399
399
398
397
395
398
397
397
396
397
398
395
395
394
394
391
393
392
392
392
392
391
391
390
389
388
388
387
386
386
386
385
383
382
381
381
378
378
377
377
376
376
374
373
372
371
369
368
368
367
367
366
368
363
362
361
359
359
358
357
356
356
356
353
352
351
349
348
347
347
346
344
345
342
342
341
340
337
337
336
335
335
334
332
331
330
329
327
327
326
325
324
323
324
321
320
321
318
314
317
315
314
314
314
312
310
310
309
307
307
306
305
306
304
304
302
301
300
299
295
297
296
295
294
295
293
291
292
291
289
289
289
287
286
286
287
284
283
282
281
278
280
280
279
279
279
277
276
276
275
272
274
273
272
272
272
274
270
269
269
269
265
267
267
267
265
267
264
263
263
261
260
260
259
258
258
257
259
256
255
253
253
249
252
251
250
249
249
248
248
246
246
243
245
243
243
243
242
243
240
239
239
237
236
236
236
236
235
236
234
232
232
231
228
230
229
228
228
227
229
226
225
225
223
223
222
222
221
221
222
219
219
218
217
214
217
215
215
214
215
214
213
212
211
209
210
209
209
208
208
210
207
206
205
204
204
204
203
202
202
204
201
200
199
198
195
198
197
196
196
197
195
194
194
194
191
193
192
191
190
190
192
190
188
188
187
183
187
186
185
185
186
184
183
183
182
180
182
181
180
180
180
183
177
178
178
178
174
177
177
176
175
179
175
174
174
173
171
173
173
172
173
173
174
171
172
171
170
167
170
170
170
170
174
169
169
169
168
166
169
168
168
168
169
168
168
168
168
168
167
167
168
168
169
171
169
168
168
168
164
168
169
169
168
168
172
169
169
168
169
169
169
171
172
174
178
176
177
175
178
177
179
181
183
183
184
184
187
187
188
187
189
189
190
191
193
197
195
196
195
197
194
198
200
201
201
202
201
204
204
205
206
207
207
207
209
210
214
212
213
211
212
211
215
217
218
219
219
220
220
221
222
221
223
225
224
226
228
232
229
231
230
229
229
233
234
236
237
237
236
237
239
240
240
243
242
242
243
245
249
248
248
249
247
248
251
253
253
255
257
254
255
257
258
258
260
261
260
260
263
266
265
266
267
265
264
268
268
270
271
273
274
271
273
274
274
276
277
275
276
278
280
280
281
282
280
277
282
283
284
285
288
287
284
287
288
287
290
291
290
289
291
295
293
294
294
293
292
294
296
296
297
299
298
296
298
299
298
301
302
301
300
302
303
303
304
305
305
300
304
306
307
308
309
310
307
308
309
309
311
312
312
310
311
316
313
314
314
315
313
314
316
317
318
320
318
317
316
314
312
312
311
310
308
307
309
304
303
302
301
297
299
298
296
295
294
296
292
289
289
287
287
286
284
284
283
284
281
280
278
277
273
275
274
274
271
271
273
269
268
266
266
265
264
263
262
261
264
259
259
258
256
252
255
255
254
253
253
252
250
249
248
246
247
247
246
245
244
246
243
240
241
241
238
239
239
238
238
237
239
236
235
235
234
230
233
233
231
231
231
230
230
230
228
226
227
227
227
226
226
227
225
223
223
223
218
221
221
220
220
220
220
219
216
219
216
213
216
216
215
215
215
215
213
212
212
211
210
211
211
209
208
210
208
207
207
206
203
205
205
204
204
204
206
201
202
201
199
199
199
198
198
198
200
196
196
196
195
191
193
192
192
192
192
194
190
189
189
188
185
187
187
186
186
187
185
184
184
182
180
182
181
180
179
179
182
179
178
177
175
176
175
175
174
178
185
185
189
192
191
188
195
198
201
203
208
207
207
209
212
214
219
222
221
221
224
230
230
232
235
234
232
237
240
244
245
249
247
247
250
253
254
258
260
260
259
261
267
267
270
272
271
268
273
277
278
280
283
285
281
284
287
289
288
294
293
291
294
299
300
301
304
303
299
304
307
309
312
314
316
311
313
317
318
317
323
321
320
323
328
327
330
332
330
327
333
335
337
338
341
342
338
341
343
344
343
349
347
347
349
352
353
355
356
354
351
356
358
360
361
364
364
361
363
365
367
365
370
368
367
370
372
373
374
375
374
372
375
377
378
380
381
381
378
381
382
383
381
386
384
384
386
388
389
389
391
388
387
389
391
392
394
394
393
394
394
394
395
395
396
395
395
396
398
400
399
400
398
398
397
400
402
402
403
402
404
403
403
404
403
406
404
404
405
406
411
407
409
408
406
405
409
410
411
412
410
411
407
405
403
401
397
398
396
397
394
395
390
389
387
385
381
383
381
380
377
378
376
374
373
371
368
368
366
365
364
363
364
360
358
357
355
352
353
351
350
348
348
348
344
344
342
340
339
339
337
335
334
336
332
331
330
327
325
325
324
323
322
321
323
318
318
316
314
310
312
311
310
309
309
307
305
304
303
300
301
300
299
297
297
298
295
293
292
290
286
289
287
287
286
286
283
282
281
281
278
278
276
276
275
274
275
273
272
270
269
265
268
267
265
264
264
262
262
261
260
258
256
257
256
255
254
253
254
251
250
249
248
245
247
245
245
245
245
243
241
240
239
236
238
237
236
235
235
233
234
232
230
229
229
228
227
226
226
228
224
223
222
221
218
220
219
219
218
217
221
216
215
213
212
212
212
212
211
211
212
209
208
207
206
206
206
205
204
204
205
204
203
203
202
200
202
201
201
201
201
204
201
200
200
205
205
211
213
216
215
216
222
222
226
228
230
227
230
234
236
239
243
243
243
243
247
248
254
255
257
256
258
264
263
267
269
270
266
271
275
276
281
285
284
283
284
288
288
294
297
298
296
299
306
305
309
311
312
307
312
316
319
322
328
327
325
327
332
331
336
341
341
339
342
349
349
353
356
355
353
358
362
365
369
375
372
370
374
378
378
385
389
389
387
391
398
399
402
406
404
403
407
413
416
420
427
423
420
426
429
434
437
442
441
438
445
448
451
456
460
457
457
462
468
472
478
479
478
476
482
486
491
495
500
497
495
504
507
511
516
520
516
516
522
527
534
537
540
538
537
543
547
552
556
560
558
558
565
571
574
578
583
579
580
586
591
597
601
605
601
601
608
612
618
622
626
623
623
632
638
641
644
649
645
645
653
658
663
668
672
668
669
676
679
687
691
696
692
693
702
705
710
714
721
714
717
729
740
749
762
770
765
763
776
784
798
806
817
812
811
828
835
846
854
863
855
859
874
884
895
903
913
907
907
921
930
944
951
960
955
957
973
981
993
1001
1008
1001
1005
1020
1030
1042
1053
1057
1052
1055
1069
1079
1091
1100
1106
1101
1105
1123
1131
1139
1150
1155
1145
1154
1170
1179
1193
1200
1212
1223
1235
1243
1257
1267
1278
1290
1301
1312
1325
1333
1344
1353
1364
1372
1387
1398
1409
1422
1429
1441
1452
1461
1470
1483
1487
1479
1485
1501
1509
1524
1529
1534
1524
1531
1547
1555
1569
1578
1583
1572
1579
1595
1603
1615
1625
1630
1621
1626
1643
1652
1668
1673
1680
1671
1673
1692
1701
1714
1724
1729
1720
1723
1739
1746
1762
1771
1779
1770
1771
1788
1800
1811
1819
1827
1818
1816
1836
1847
1860
1871
1877
1867
1867
1884
1895
1908
1916
1925
1915
1915
1933
1946
1957
1964
1972
1961
1963
1981
1991
2006
2013
2020
2010
2011
2026
2039
2053
2061
2072
2061
2058
2077
2089
2100
2109
2119
2106
2104
2123
2133
2150
2155
2165
2154
2151
2167
2181
2192
2201
2213
2201
2198
2219
2227
2240
2248
2261
2246
2239
2235
2231
2224
2218
2214
2204
2191
2192
2187
2183
2178
2175
2166
2158
2153
2150
2145
2140
2135
2130
2121
2122
2116
2112
2108
2105
2096
2090
2087
2085
2080
2079
2075
2073
2061
2057
2057
2053
2048
2048
2044
2036
2031
2031
2028
2027
2022
2020
2012
2008
2007
2005
2005
2003
1999
1990
1985
1986
1981
1984
1982
1982
1973
1967
1969
1967
1965
1964
1964
1956
1950
1952
1952
1952
1949
1951
1942
1935
1935
1937
1937
1937
1941
1931
1923
1925
1926
1923
1926
1927
1920
1912
1915
1916
1917
1917
1918
1911
1903
1903
1908
1907
1909
1912
1904
1896
1898
1900
1898
1903
1903
1898
1889
1891
1894
1897
1896
1897
1893
1884
1885
1888
1889
1893
1892
1889
1881
1882
1883
1884
1888
1888
1886
1878
1877
1883
1881
1885
1884
1883
1874
1874
1878
1878
1884
1883
1882
1873
1870
1875
1877
1880
1880
1881
1874
1870
1877
1877
1880
1880
1881
1874
1870
1875
1880
1880
1882
1885
1877
1869
1877
1880
1882
1885
1889
1881
1876
1880
1884
1887
1888
1890
1886
1877
1883
1890
1890
1893
1897
1890
1879
1888
1893
1895
1898
1902
1897
1892
1893
1899
1901
1904
1908
1903
1896
1902
1907
1911
1917
1921
1920
1913
1914
1923
1927
1934
1937
1943
1932
1931
1939
1944
1946
1953
1960
1951
1949
1955
1961
1966
1969
1977
1968
1961
1970
1977
1982
1989
1994
1988
1980
1987
1993
1999
2006
2012
2010
1999
2005
2013
2017
2022
2030
2029
2020
2022
2033
2036
2047
2049
2052
2042
2041
2049
2057
2064
2069
2073
2063
2062
2072
2075
2086
2090
2097
2087
2082
2093
2102
2107
2112
2119
2109
2101
2115
2123
2131
2136
2144
2136
2126
2137
2146
2153
2159
2167
2160
2150
2162
2173
2177
2184
2192
2186
2178
2185
2196
2201
2209
2216
2213
2202
2208
2220
2224
2234
2239
2241
2232
2234
2243
2249
2258
2261
2267
2257
2254
2267
2274
2281
2286
2293
2282
2276
2289
2296
2304
2308
2319
2312
2298
2310
2319
2325
2330
2340
2334
2326
2332
2342
2347
2355
2359
2358
2347
2352
2363
2367
2376
2381
2381
2369
2371
2383
2386
2396
2400
2403
2394
2390
2401
2405
2415
2418
2425
2414
2407
2419
2425
2433
2440
2446
2435
2424
2435
2440
2449
2455
2463
2454
2442
2451
2460
2462
2471
2477
2473
2461
2466
2476
2481
2487
2492
2491
2479
2476
2490
2493
2503
2503
2508
2496
2494
2515
2534
2551
2563
2574
2560
2559
2582
2598
2611
2621
2631
2617
2614
2638
2652
2667
2676
2683
2669
2671
2691
2703
2719
2728
2734
2719
2723
2744
2755
2766
2776
2779
2764
2769
2787
2799
2811
2819
2821
2805
2809
2829
2838
2851
2860
2860
2845
2852
2872
2876
2889
2898
2895
2880
2887
2904
2910
2923
2931
2926
2910
2921
2935
2942
2952
2961
2955
2941
2952
2965
2970
2980
2988
2978
2966
2976
2991
2995
3003
3011
3002
2990
2998
3011
3016
3024
3033
3022
3008
3020
3029
3034
3041
3048
3038
3024
3037
3045
3049
3055
3062
3050
3035
3047
3055
3061
3066
3073
3060
3049
3057
3064
3069
3072
3080
3066
3054
3063
3070
3073
3077
3081
3068
3056
3065
3072
3076
3079
3085
3071
3057
3066
3070
3074
3074
3081
3065
3055
3062
3067
3069
3068
3076
3060
3049
3057
3060
3063
3064
3070
3051
3040
3048
3049
3052
3053
3055
3039
3030
3036
3037
3039
3038
3038
3024
3016
3021
3022
3024
3024
3024
3009
2999
3002
3005
3005
3006
3004
2989
2979
2983
2983
2984
2982
2980
2967
2957
2961
2961
2964
2957
2958
2943
2932
2936
2936
2936
2932
2930
2916
2905
2896
2890
2883
2874
2867
2859
2851
2844
2839
2828
2821
2813
2805
2796
2791
2784
2775
2767
2760
2752
2742
2737
2730
2723
2715
2708
2702
2694
2689
2678
2671
2664
2656
2647
2639
2629
2624
2615
2607
2599
2592
2583
2573
2565
2559
2551
2544
2537
2530
2519
2511
2505
2497
2490
2483
2475
2466
2457
2452
2445
2437
2430
2423
2413
2406
2400
2392
2386
2382
2371
2362
2355
2348
2342
2335
2329
2325
2312
2304
2299
2292
2287
2280
2273
2264
2256
2251
2245
2242
2232
2226
2217
2208
2200
2197
2192
2186
2179
2173
2167
2161
2152
2148
2142
2136
2130
2126
2118
2114
2107
2101
2095
2088
2078
2077
2072
2065
2058
2053
2047
2041
2034
2031
2025
2019
2013
2005
1999
1994
1988
1982
1977
1970
1961
1957
1952
1947
1944
1936
1930
1923
1915
1911
1906
1901
1894
1890
1883
1878
1872
1866
1861
1855
1847
1844
1839
1833
1831
1822
1816
1811
1806
1796
1794
1789
1785
1779
1773
1769
1763
1756
1753
1747
1740
1737
1731
1726
1722
1716
1711
1706
1701
1694
1690
1685
1680
1675
1671
1668
1662
1654
1650
1645
1640
1634
1631
1626
1621
1621
1622
1622
1623
1621
1622
1616
1612
1615
1615
1616
1616
1615
1609
1604
1607
1604
1607
1606
1607
1602
1596
1596
1597
1598
1594
1598
1592
1586
1587
1588
1588
1590
1587
1581
1575
1576
1576
1577
1576
1577
1571
1564
1566
1566
1564
1565
1564
1559
1554
1554
1555
1555
1553
1553
1550
1542
1539
1542
1542
1541
1542
1535
1530
1530
1530
1525
1527
1526
1522
1516
1515
1517
1517
1514
1514
1510
1503
1502
1503
1501
1502
1499
1497
1491
1488
1487
1487
1486
1485
1483
1478
1474
1477
1473
1472
1470
1468
1460
1459
1459
1457
1461
1456
1453
1448
1443
1442
1442
1440
1438
1438
1433
1428
1428
1425
1425
1423
1420
1417
1412
1411
1411
1409
1406
1405
1399
1394
1394
1393
1391
1389
1387
1384
1380
1376
1376
1373
1371
1365
1365
1360
1359
1359
1355
1353
1350
1347
1340
1340
1339
1335
1334
1331
1329
1324
1321
1320
1316
1312
1312
1309
1304
1301
1303
1298
1295
1290
1289
1284
1281
1279
1277
1275
1271
1269
1264
1261
1258
1255
1251
1250
1247
1243
1239
1240
1234
1231
1228
1225
1217
1216
1215
1212
1208
1205
1204
1197
1194
1192
1188
1183
1182
1179
1175
1172
1175
1175
1175
1177
1177
1176
1172
1173
1175
1176
1178
1183
1177
1172
1173
1175
1176
1179
1180
1180
1177
1175
1178
1178
1181
1179
1182
1178
1177
1181
1182
1186
1186
1187
1182
1181
1184
1187
1191
1191
1194
1189
1186
1191
1194
1196
1198
1202
1196
1194
1198
1202
1209
1207
1211
1206
1201
1207
1210
1215
1218
1223
1216
1212
1217
1220
1225
1228
1232
1228
1222
1230
1236
1237
1240
1244
1239
1235
1241
1246
1249
1256
1257
1254
1249
1253
1259
1263
1267
1271
1268
1262
1270
1271
1276
1280
1284
1279
1277
1281
1287
1292
1294
1298
1297
1291
1292
1301
1305
1309
1313
1312
1307
1313
1316
1319
1325
1328
1327
1322
1324
1332
1336
1340
1343
1344
1337
1337
1347
1349
1355
1358
1359
1354
1355
1362
1366
1370
1372
1375
1370
1369
1377
1380
1384
1388
1390
1383
1383
1391
1394
1400
1402
1406
1402
1397
1404
1408
1413
1412
1421
1414
1411
1420
1423
1426
1429
1434
1425
1424
1430
1435
1439
1442
1447
1443
1435
1441
1446
1450
1451
1458
1454
1447
1454
1458
1461
1464
1468
1462
1458
1463
1468
1470
1473
1478
1480
1470
1472
1478
1478
1484
1486
1484
1480
1481
1485
1488
1492
1494
1495
1490
1489
1495
1497
1502
1504
1505
1500
1497
1502
1503
1509
1511
1513
1509
1504
1509
1512
1515
1515
1521
1514
1510
1515
1518
1521
1525
1527
1520
1514
1519
1520
1524
1528
1530
1527
1518
1521
1526
1527
1527
1533
1528
1521
1524
1529
1530
1534
1533
1529
1522
1526
1527
1530
1532
1534
1534
1525
1525
1529
1529
1530
1533
1531
1525
1525
1528
1529
1534
1532
1531
1524
1523
1527
1527
1530
1531
1529
1523
1521
1525
1523
1528
1527
1530
1531
1533
1535
1538
1539
1540
1541
1542
1540
1545
1547
1548
1552
1549
1550
1552
1553
1552
1555
1557
1557
1559
1559
1561
1562
1561
1559
1552
1550
1554
1552
1555
1554
1553
1546
1543
1545
1544
1546
1545
1545
1538
1535
1537
1537
1537
1537
1536
1529
1524
1527
1527
1528
1528
1527
1521
1516
1518
1517
1518
1517
1517
1511
1506
1508
1512
1508
1507
1507
1500
1495
1498
1497
1498
1500
1497
1491
1484
1486
1487
1487
1486
1486
1481
1474
1478
1476
1475
1474
1474
1467
1464
1464
1465
1466
1463
1462
1459
1453
1448
1454
1451
1451
1450
1447
1442
1435
1430
1424
1418
1410
1407
1401
1397
1392
1385
1380
1375
1369
1362
1359
1355
1350
1344
1339
1334
1332
1323
1319
1314
1308
1303
1299
1295
1290
1289
1280
1275
1271
1265
1261
1256
1252
1248
1243
1239
1236
1229
1225
1221
1217
1208
1207
1203
1199
1197
1191
1186
1182
1177
1171
1169
1165
1161
1157
1153
1149
1148
1141
1138
1134
1128
1126
1122
1118
1115
1114
1108
1104
1101
1096
1093
1089
1086
1082
1079
1078
1076
1070
1066
1063
1059
1052
1052
1049
1046
1044
1040
1036
1033
1030
1025
1023
1020
1017
1016
1010
1008
1008
1002
999
996
992
989
986
984
981
978
975
972
969
966
960
960
958
955
951
948
948
943
941
938
935
930
930
927
924
921
921
917
914
911
908
903
902
901
898
895
893
894
888
886
883
881
875
876
873
871
869
869
865
861
858
857
854
852
850
848
846
843
844
839
837
835
832
830
828
827
824
824
822
818
815
813
812
808
810
806
804
801
801
799
796
794
792
790
789
786
786
783
783
780
778
776
774
770
771
770
768
767
765
764
762
761
760
759
756
757
754
754
754
754
753
752
751
746
747
748
747
747
746
745
745
741
742
741
741
740
742
741
742
743
742
742
743
742
741
743
744
744
745
745
747
746
746
747
748
746
749
749
751
751
756
753
753
754
755
754
751
752
753
753
755
756
754
752
752
751
754
756
756
756
756
753
755
756
757
756
760
756
756
757
759
763
761
763
759
758
758
762
765
765
767
762
762
765
767
767
768
770
767
766
768
771
774
773
776
772
769
771
775
776
778
780
776
774
777
778
779
780
782
781
778
781
785
784
786
787
784
779
784
786
788
790
794
790
786
788
791
790
794
796
795
791
793
798
797
800
800
799
793
797
801
802
805
808
806
802
802
806
804
809
811
811
809
808
814
812
816
816
817
811
815
817
818
820
825
824
820
818
821
824
826
828
830
826
825
830
830
833
834
836
833
830
835
837
839
841
843
840
836
839
842
845
848
850
848
846
841
837
834
830
825
824
820
817
814
813
807
804
801
796
795
792
789
786
783
780
779
774
770
767
764
759
759
756
753
751
750
745
742
739
735
731
731
729
726
724
721
721
716
714
712
709
703
705
702
700
698
698
694
692
689
687
681
682
680
678
676
674
674
669
667
665
663
658
659
657
655
653
654
650
647
645
642
637
639
637
636
634
632
632
627
626
624
622
619
619
617
616
615
615
611
610
608
604
604
602
601
600
598
598
595
593
592
592
588
588
587
585
584
585
580
580
579
577
572
575
574
573
572
572
571
568
566
566
564
564
563
563
561
560
559
558
558
557
555
554
553
553
551
552
554
551
549
547
547
544
545
546
545
545
545
543
542
542
542
539
541
539
539
539
540
541
539
537
535
534
535
536
536
536
535
536
533
534
534
534
531
534
532
530
532
532
536
532
532
530
529
527
531
531
530
531
531
529
535
536
541
542
547
544
545
549
552
559
557
560
558
555
560
564
568
569
572
573
569
572
575
577
578
582
579
578
581
584
588
588
590
588
584
589
591
594
595
598
595
593
595
597
597
600
601
600
598
600
604
602
604
605
603
598
603
605
606
607
612
607
604
605
606
604
609
609
608
606
607
611
608
609
610
608
605
606
608
608
610
611
608
607
605
607
606
608
608
608
605
606
609
606
606
607
606
604
603
603
604
605
605
605
603
601
601
602
604
603
604
601
600
603
601
601
601
601
599
597
598
599
600
603
600
597
595
596
597
598
597
598
596
595
595
596
595
596
595
595
592
591
593
596
594
594
593
591
589
592
592
593
593
594
593
590
591
591
591
591
592
590
589
591
592
591
592
591
588
588
590
590
591
591
593
589
587
589
591
590
591
591
589
588
591
590
590
591
591
588
587
588
590
591
591
595
590
587
589
590
587
592
592
591
589
592
589
588
589
590
586
585
586
586
585
585
588
583
581
582
581
581
582
581
580
579
580
578
578
578
577
576
574
574
574
574
574
576
573
570
569
569
567
570
569
569
568
568
566
568
565
565
564
563
562
562
563
563
564
562
560
559
559
558
558
559
560
558
559
556
556
556
555
556
554
553
554
554
555
556
554
553
550
551
552
553
553
553
552
549
549
551
550
549
551
549
547
547
548
550
547
548
547
545
542
545
545
548
546
548
542
542
543
543
541
543
542
540
540
541
544
541
540
540
537
534
538
537
538
537
540
535
534
534
534
534
533
534
531
530
532
531
530
530
530
525
525
526
526
526
527
526
524
521
521
519
521
521
521
519
518
519
517
516
515
514
514
512
512
512
512
511
510
509
507
505
506
506
505
504
503
501
500
500
499
498
496
496
495
494
494
495
491
490
489
487
484
487
485
485
483
483
483
479
478
477
475
475
474
472
473
477
480
482
484
487
484
484
488
491
494
496
502
497
495
500
502
501
507
511
508
506
511
513
515
518
520
516
517
520
524
525
528
532
531
527
530
533
532
538
540
539
538
542
543
545
548
550
548
547
550
552
555
558
562
560
557
559
562
561
567
568
569
567
571
572
574
576
578
576
577
578
581
584
587
592
589
587
587
591
591
595
597
599
597
598
599
602
604
605
608
606
604
607
610
613
614
616
613
611
612
616
620
619
621
621
617
620
622
623
621
626
624
622
625
627
630
629
630
628
625
623
629
628
630
632
633
627
627
629
629
629
631
630
627
627
629
630
630
629
629
625
625
627
626
627
627
627
627
626
626
626
627
626
627
626
627
627
626
626
625
624
620
624
622
622
621
622
620
620
618
617
615
617
616
614
612
610
611
607
606
605
605
600
600
600
598
598
599
595
593
590
589
586
587
586
583
583
581
582
584
586
589
590
590
589
590
593
596
600
600
600
598
598
602
603
607
609
610
609
609
611
613
616
616
620
617
617
620
624
626
627
629
626
623
629
631
634
635
638
636
634
637
640
642
641
647
644
642
646
651
651
652
655
652
647
653
656
658
660
662
661
657
660
662
663
663
668
667
664
666
671
671
672
674
673
667
672
675
676
678
679
682
676
677
679
680
679
684
683
680
681
684
684
686
687
687
686
684
687
688
690
691
695
689
687
689
690
689
693
694
691
689
694
693
694
694
695
690
691
693
694
695
696
701
695
692
695
695
693
697
698
697
694
696
697
697
698
697
697
694
695
698
698
700
699
698
695
696
695
697
699
699
699
698
697
698
698
698
697
699
697
696
699
699
704
702
702
697
697
699
700
702
702
703
700
699
702
702
702
704
706
703
701
704
706
707
707
709
705
701
707
709
710
712
716
711
708
712
713
713
717
719
715
713
715
719
717
718
719
717
710
716
718
718
720
723
719
716
718
720
718
722
724
723
720
721
726
725
727
729
728
722
726
729
731
734
738
736
733
733
738
739
742
744
745
742
742
750
749
752
754
756
752
753
758
762
767
771
771
768
767
772
776
781
783
788
783
784
792
794
799
802
806
803
801
808
813
820
823
829
826
822
828
835
840
846
851
850
847
852
860
864
870
874
875
871
877
886
894
896
902
903
898
901
912
916
924
929
931
929
931
940
945
952
954
961
957
959
969
974
980
986
990
984
987
996
1002
1010
1015
1021
1018
1016
1025
1032
1039
1041
1050
1046
1045
1055
1062
1068
1074
1081
1075
1073
1083
1090
1097
1101
1109
1108
1100
1110
1117
1123
1127
1137
1134
1129
1138
1145
1151
1156
1163
1161
1156
1163
1171
1176
1183
1189
1189
1182
1189
1196
1201
1204
1213
1212
1207
1212
1223
1224
1231
1236
1238
1231
1235
1243
1247
1254
1258
1262
1254
1256
1264
1269
1273
1279
1282
1277
1271
1267
1260
1255
1248
1244
1239
1234
1229
1224
1220
1216
1213
1205
1200
1195
1190
1187
1182
1177
1173
1171
1163
1160
1155
1150
1143
1141
1138
1133
1129
1125
1122
1117
1112
1107
1103
1096
1095
1091
1087
1084
1079
1076
1073
1066
1063
1060
1056
1052
1048
1044
1042
1040
1033
1030
1026
1021
1015
1015
1012
1008
1004
1001
997
994
991
986
984
981
977
973
970
967
966
960
957
953
949
948
944
941
938
936
931
928
925
922
919
917
914
911
908
905
903
903
897
895
892
888
883
884
882
879
878
877
870
869
867
865
862
860
857
856
854
853
853
848
846
844
840
836
838
836
835
835
833
828
827
826
824
821
822
820
817
816
815
816
813
811
810
806
802
805
803
803
802
804
798
796
796
794
794
793
792
789
787
789
791
787
786
785
781
780
781
781
781
782
780
776
774
776
774
775
774
775
772
770
771
772
771
771
772
767
766
768
768
769
771
770
767
764
765
764
767
769
770
768
764
768
765
765
766
766
761
762
762
763
763
765
763
762
759
758
760
760
761
761
760
758
760
758
757
759
757
756
757
755
756
757
759
757
758
755
753
752
756
757
757
760
756
756
755
756
757
758
756
757
755
757
757
762
760
762
759
757
755
760
762
763
765
762
762
762
764
766
767
766
768
764
767
770
771
774
775
774
770
773
777
778
781
783
783
782
781
783
786
788
791
792
789
790
795
796
799
802
803
797
800
805
807
811
813
815
811
811
816
818
821
825
826
824
823
830
831
835
837
840
834
835
840
844
848
850
857
850
848
853
857
857
863
866
864
860
868
870
873
876
879
877
873
878
883
886
890
897
891
887
892
896
896
903
906
905
902
905
910
913
916
918
919
915
918
923
925
931
933
933
929
931
933
938
943
946
947
943
943
949
952
955
958
960
955
956
961
964
971
970
972
969
967
969
975
980
982
986
981
979
984
987
990
993
997
992
989
992
995
997
996
998
995
989
992
994
995
997
1001
997
992
993
997
994
998
998
998
994
994
998
996
999
1000
998
990
993
996
997
1000
1000
999
995
994
994
997
999
999
1000
996
995
996
998
999
999
999
996
994
996
997
1001
998
1000
996
992
994
996
998
998
998
995
995
993
995
996
996
996
994
990
992
995
994
995
995
992
987
989
991
992
993
993
991
988
987
988
988
988
989
988
984
983
986
984
985
985
982
978
979
979
979
980
980
978
974
973
975
973
973
972
972
968
967
970
967
968
967
966
959
959
960
959
959
958
958
953
951
951
949
949
948
948
944
942
942
940
939
938
937
932
930
930
929
928
926
927
923
919
919
917
915
914
913
910
907
906
904
903
901
898
895
892
892
889
888
886
885
884
878
876
874
871
868
869
866
861
862
859
857
855
852
848
847
844
843
839
839
838
834
831
828
826
822
822
820
817
814
812
810
807
805
803
799
797
795
793
791
788
787
783
780
778
775
772
772
769
767
765
764
760
758
758
754
750
750
747
746
745
743
742
740
737
734
733
730
731
729
728
725
724
722
721
720
719
716
716
713
712
712
711
712
709
708
705
704
701
703
703
702
701
700
697
698
696
697
693
695
692
692
693
692
695
692
692
689
687
685
688
689
688
690
686
684
685
685
685
686
687
684
682
684
685
685
685
685
683
679
683
683
684
685
685
683
680
682
683
682
684
685
684
681
682
685
684
685
685
684
679
682
685
684
685
688
685
682
683
684
681
686
686
686
683
684
688
686
687
687
687
681
684
686
686
688
691
688
685
684
686
684
688
687
689
685
683
688
687
688
687
688
682
684
686
686
686
690
687
685
683
684
682
686
686
687
684
681
686
684
683
684
684
678
680
680
681
682
684
682
680
677
678
676
678
678
679
677
674
678
675
674
674
673
673
669
673
679
682
686
690
690
687
687
694
697
702
704
706
706
705
709
712
716
715
720
717
718
723
728
729
732
735
732
728
736
738
743
745
748
747
743
748
751
754
753
760
756
755
760
766
764
768
772
767
766
771
774
776
779
783
781
777
781
784
785
788
792
790
787
793
794
796
798
800
797
796
797
803
804
807
811
809
805
807
810
808
815
817
818
815
817
819
820
823
824
824
821
822
826
827
832
836
834
830
830
833
835
840
841
844
841
839
843
845
848
849
852
849
848
851
854
856
862
862
859
856
860
862
866
868
872
869
865
869
873
876
876
881
879
875
879
883
887
888
892
890
886
887
893
895
898
901
903
896
899
903
904
905
911
911
907
908
913
917
918
921
921
917
915
922
924
929
931
932
927
928
932
934
938
940
942
937
937
942
948
948
949
952
947
944
951
954
958
960
967
960
957
961
965
966
971
974
970
966
967
970
966
966
967
963
956
960
958
960
961
961
957
955
953
953
954
955
955
952
949
950
949
948
949
949
946
943
942
943
943
946
942
942
938
936
937
937
938
937
936
933
934
931
931
932
931
927
926
924
926
926
929
924
926
921
918
918
919
919
919
918
917
914
914
912
912
912
908
909
906
907
907
909
906
906
903
898
899
899
899
898
898
896
895
893
892
891
890
887
888
885
885
885
883
883
882
880
875
875
876
874
876
873
873
868
867
867
866
864
865
863
860
857
860
857
857
855
854
849
849
849
847
848
845
846
843
839
839
838
835
836
835
831
829
832
828
827
825
824
821
819
819
819
817
816
817
811
808
808
806
805
805
804
800
799
797
796
796
794
792
790
787
786
786
785
786
782
780
776
776
772
774
773
771
769
770
766
766
764
763
759
761
757
756
756
755
756
752
751
747
746
746
745
744
743
742
739
736
733
731
727
725
723
719
717
714
712
709
706
703
701
698
696
693
691
689
687
683
682
678
676
672
671
669
666
665
662
661
658
655
653
650
647
647
645
643
641
640
636
634
632
631
627
627
626
623
621
620
621
617
616
613
612
607
609
608
607
606
606
603
600
600
599
596
597
597
595
595
593
595
591
592
591
589
583
588
589
588
588
591
586
584
584
586
585
587
587
586
583
586
587
586
587
588
586
584
586
588
589
591
594
591
588
590
592
594
596
598
597
594
598
603
602
604
607
604
603
607
609
613
616
618
617
613
619
621
625
628
633
629
627
635
637
641
643
648
643
643
650
654
659
665
667
665
663
669
672
678
683
688
685
685
693
696
701
706
712
705
708
715
722
728
734
738
735
732
743
746
756
760
766
763
763
776
779
786
791
796
789
795
804
811
819
828
831
826
827
838
845
854
860
867
862
864
879
883
892
898
904
899
902
918
929
944
952
962
958
958
973
987
1000
1010
1022
1017
1018
1034
1045
1059
1068
1080
1075
1075
1091
1105
1119
1128
1141
1135
1135
1150
1163
1177
1187
1199
1193
1194
1212
1224
1239
1249
1260
1251
1255
1273
1286
1301
1313
1325
1336
1351
1364
1375
1391
1405
1418
1430
1444
1458
1474
1486
1499
1512
1521
1533
1550
1562
1575
1590
1603
1616
1629
1642
1653
1670
1683
1695
1686
1682
1701
1717
1729
1739
1751
1741
1738
1760
1774
1790
1802
1812
1803
1801
1820
1831
1849
1860
1874
1863
1860
1881
1898
1910
1921
1937
1927
1917
1943
1958
1972
1987
2000
1993
1983
2004
2020
2034
2048
2062
2056
2046
2066
2088
2096
2111
2125
2122
2110
2128
2148
2161
2175
2188
2186
2175
2188
2210
2222
2236
2250
2250
2238
2253
2276
2284
2300
2314
2312
2302
2314
2335
2349
2362
2375
2377
2364
2373
2397
2407
2426
2438
2443
2430
2439
2459
2470
2487
2497
2500
2490
2497
2521
2530
2548
2558
2573
2587
2604
2619
2634
2650
2662
2676
2690
2709
2721
2734
2748
2762
2774
2786
2802
2818
2830
2843
2858
2871
2886
2870
2860
2884
2903
2916
2930
2948
2960
2976
2990
3003
2986
2976
3000
3019
3029
3041
3055
3045
3030
3049
3068
3081
3094
3107
3102
3086
3101
3119
3129
3143
3154
3153
3137
3148
3166
3174
3190
3199
3197
3184
3189
3210
3218
3234
3243
3246
3232
3231
3251
3260
3275
3280
3290
3273
3270
3289
3299
3314
3318
3330
3312
3307
3326
3337
3350
3357
3371
3351
3341
3359
3372
3380
3392
3406
3387
3372
3391
3404
3412
3422
3435
3419
3403
3420
3433
3441
3454
3461
3451
3432
3445
3456
3466
3479
3485
3477
3459
3468
3480
3488
3499
3506
3501
3483
3488
3503
3508
3519
3524
3522
3504
3502
3520
3526
3536
3539
3542
3524
3516
3534
3539
3549
3551
3557
3538
3531
3547
3551
3559
3561
3564
3543
3539
3554
3557
3566
3568
3575
3556
3545
3557
3564
3570
3573
3581
3564
3550
3559
3566
3571
3575
3578
3566
3551
3558
3566
3569
3572
3578
3565
3547
3554
3562
3563
3568
3572
3563
3541
3547
3555
3555
3559
3563
3553
3532
3537
3544
3544
3547
3550
3540
3522
3525
3531
3531
3535
3539
3526
3509
3509
3513
3512
3517
3520
3509
3491
3490
3494
3493
3496
3495
3490
3471
3463
3464
3459
3458
3450
3443
3427
3416
3417
3413
3412
3403
3397
3381
3371
3371
3366
3363
3356
3350
3334
3326
3325
3323
3317
3310
3303
3287
3280
3280
3276
3270
3264
3257
3242
3233
3232
3227
3224
3217
3213
3198
3190
3190
3182
3178
3170
3166
3152
3142
3143
3135
3131
3125
3119
3105
3096
3094
3089
3085
3078
3074
3060
3052
3050
3044
3038
3030
3028
3016
3007
3002
2997
2993
2986
2983
2970
2958
2956
2952
2947
2942
2938
2926
2913
2910
2907
2898
2896
2891
2882
2867
2866
2861
2855
2850
2846
2835
2823
2820
2816
2811
2807
2800
2791
2779
2775
2768
2764
2762
2759
2748
2736
2732
2727
2721
2718
2712
2704
2693
2687
2684
2680
2674
2669
2662
2650
2641
2641
2637
2635
2626
2620
2609
2601
2599
2593
2590
2585
2579
2568
2562
2562
2552
2549
2543
2537
2528
2521
2519
2514
2511
2504
2499
2487
2481
2479
2475
2471
2465
2461
2452
2446
2441
2437
2433
2427
2425
2415
2406
2405
2401
2396
2392
2387
2379
2370
2368
2365
2362
2357
2354
2347
2335
2333
2330
2325
2323
2319
2312
2302
2299
2297
2293
2288
2286
2279
2270
2266
2265
2260
2258
2256
2247
2239
2238
2238
2238
2239
2238
2234
2225
2223
2226
2222
2226
2224
2222
2212
2209
2212
2213
2212
2211
2210
2200
2192
2199
2198
2201
2198
2198
2188
2184
2184
2187
2188
2186
2187
2178
2172
2176
2177
2177
2176
2177
2166
2161
2164
2166
2169
2167
2168
2159
2150
2154
2157
2157
2157
2159
2150
2142
2148
2148
2148
2148
2149
2140
2133
2137
2140
2139
2140
2142
2135
2124
2128
2132
2131
2133
2134
2130
2121
2124
2124
2123
2127
2126
2124
2114
2113
2120
2117
2120
2119
2118
2110
2106
2111
2111
2113
2113
2115
2108
2100
2104
2106
2107
2106
2110
2100
2096
2098
2099
2102
2101
2101
2095
2088
2091
2095
2097
2097
2103
2090
2083
2087
2088
2091
2092
2095
2090
2077
2083
2086
2086
2085
2090
2083
2074
2078
2081
2081
2086
2085
2079
2069
2072
2077
2077
2080
2082
2076
2067
2067
2071
2069
2076
2076
2073
2063
2064
2069
2071
2072
2072
2071
2061
2059
2065
2065
2071
2068
2068
2059
2055
2058
2061
2064
2065
2066
2057
2053
2059
2059
2061
2061
2062
2055
2048
2053
2057
2056
2059
2062
2053
2045
2050
2053
2055
2056
2059
2052
2045
2047
2052
2052
2053
2057
2050
2041
2047
2048
2049
2052
2053
2050
2041
2043
2048
2049
2052
2056
2050
2041
2043
2048
2046
2052
2054
2051
2042
2043
2048
2048
2051
2054
2051
2041
2043
2048
2050
2055
2056
2052
2043
2044
2046
2051
2054
2059
2056
2046
2046
2051
2049
2057
2058
2058
2049
2047
2053
2058
2060
2060
2062
2054
2046
2056
2059
2064
2064
2067
2057
2052
2057
2062
2066
2068
2072
2062
2056
2065
2067
2071
2073
2078
2065
2061
2068
2073
2077
2078
2083
2075
2065
2074
2078
2081
2085
2089
2082
2075
2079
2086
2089
2092
2094
2090
2080
2087
2093
2095
2099
2104
2097
2089
2094
2101
2103
2108
2112
2108
2101
2102
2109
2111
2115
2121
2118
2109
2114
2119
2121
2127
2130
2128
2119
2120
2128
2130
2137
2141
2144
2131
2130
2138
2140
2148
2150
2153
2144
2140
2149
2153
2159
2159
2165
2156
2152
2161
2165
2171
2176
2179
2169
2164
2173
2174
2183
2187
2193
2198
2205
2210
2213
2217
2226
2231
2236
2241
2246
2251
2258
2260
2266
2270
2274
2277
2286
2291
2299
2301
2306
2312
2315
2320
2325
2325
2314
2312
2321
2324
2333
2332
2335
2324
2320
2326
2333
2339
2344
2345
2334
2327
2328
2324
2327
2325
2324
2313
2306
2309
2309
2308
2306
2307
2296
2286
2291
2292
2294
2291
2293
2282
2273
2275
2279
2279
2279
2280
2271
2261
2268
2267
2266
2267
2267
2260
2251
2255
2259
2257
2258
2259
2250
2242
2245
2249
2249
2251
2252
2248
2236
2238
2242
2243
2242
2246
2242
2233
2235
2238
2237
2240
2241
2239
2229
2228
2233
2234
2237
2241
2240
2226
2225
2231
2231
2236
2237
2237
2229
2224
2230
2229
2234
2235
2236
2226
2223
2230
2231
2236
2239
2239
2229
2224
2229
2233
2236
2238
2242
2230
2224
2231
2233
2238
2239
2243
2232
2226
2232
2237
2240
2242
2246
2235
2225
2235
2239
2244
2246
2250
2240
2231
2235
2243
2246
2250
2253
2245
2235
2243
2247
2250
2253
2255
2246
2238
2245
2253
2253
2256
2260
2251
2241
2248
2253
2256
2259
2262
2256
2250
2251
2257
2259
2261
2265
2258
2248
2257
2260
2262
2266
2269
2263
2253
2259
2264
2267
2270
2274
2271
2258
2261
2267
2268
2274
2276
2273
2265
2263
2270
2270
2274
2276
2275
2265
2264
2271
2272
2277
2282
2277
2266
2265
2271
2271
2278
2279
2283
2269
2265
2272
2273
2278
2279
2281
2270
2265
2278
2286
2297
2300
2309
2298
2289
2301
2311
2318
2324
2332
2323
2312
2323
2333
2339
2346
2353
2345
2334
2346
2358
2360
2367
2374
2367
2357
2366
2375
2383
2387
2393
2390
2377
2383
2394
2398
2407
2412
2411
2400
2405
2413
2416
2425
2428
2432
2421
2419
2433
2435
2444
2447
2453
2442
2437
2447
2454
2462
2466
2473
2466
2452
2463
2472
2477
2480
2491
2484
2476
2480
2490
2494
2502
2505
2505
2494
2496
2508
2511
2519
2525
2527
2514
2513
2523
2526
2537
2540
2546
2532
2528
2539
2545
2551
2557
2563
2551
2545
2558
2564
2572
2576
2583
2570
2563
2573
2582
2589
2595
2602
2589
2580
2591
2597
2605
2612
2619
2609
2597
2608
2617
2626
2629
2636
2628
2614
2626
2636
2641
2650
2654
2651
2637
2642
2654
2658
2666
2671
2669
2657
2661
2675
2677
2686
2690
2692
2676
2678
2691
2699
2705
2709
2714
2701
2697
2710
2716
2725
2729
2734
2721
2718
2728
2737
2744
2748
2755
2743
2735
2751
2756
2763
2769
2777
2764
2754
2767
2776
2782
2789
2798
2787
2774
2786
2795
2802
2807
2817
2807
2797
2806
2816
2822
2829
2837
2830
2816
2819
2825
2826
2831
2835
2829
2815
2815
2822
2819
2829
2829
2830
2814
2812
2820
2820
2824
2827
2826
2813
2810
2817
2819
2825
2825
2825
2811
2808
2812
2818
2823
2826
2826
2812
2806
2814
2816
2823
2824
2828
2815
2807
2815
2820
2824
2825
2830
2817
2802
2814
2820
2822
2825
2831
2819
2805
2814
2820
2822
2827
2832
2822
2809
2817
2823
2825
2830
2832
2824
2814
2817
2827
2826
2832
2835
2830
2817
2818
2828
2829
2836
2838
2836
2825
2822
2830
2833
2839
2839
2843
2830
2826
2834
2838
2844
2844
2849
2836
2830
2838
2843
2849
2851
2858
2841
2834
2844
2847
2854
2857
2865
2848
2840
2850
2855
2861
2864
2871
2857
2846
2857
2862
2869
2871
2878
2865
2852
2860
2870
2875
2880
2886
2875
2860
2869
2878
2883
2888
2895
2884
2870
2879
2890
2892
2897
2903
2894
2877
2888
2897
2900
2908
2912
2908
2892
2897
2907
2909
2917
2921
2918
2904
2908
2916
2918
2927
2929
2931
2917
2915
2925
2928
2937
2938
2941
2928
2923
2933
2939
2946
2947
2953
2940
2932
2943
2948
2956
2955
2963
2949
2942
2952
2958
2963
2966
2976
2961
2949
2960
2967
2972
2976
2985
2970
2955
2966
2974
2977
2985
2992
2984
2969
2976
2984
2985
2995
3000
2995
2981
2983
2993
2996
3007
3007
3004
2990
2989
3000
3003
3013
3013
3015
3001
2996
3003
3010
3018
3019
3026
3010
3001
3012
3020
3023
3024
3030
3013
3005
3015
3023
3025
3029
3036
3021
3008
3018
3024
3029
3031
3037
3038
3046
3049
3055
3058
3062
3064
3071
3077
3082
3083
3086
3090
3092
3096
3100
3102
3106
3110
3113
3116
3120
3122
3126
3127
3131
3130
3135
3133
3117
3112
3119
3120
3122
3122
3123
3108
3101
3107
3108
3112
3112
3112
3097
3088
3094
3094
3099
3098
3099
3084
3074
3081
3081
3085
3085
3088
3073
3061
3068
3070
3072
3070
3073
3058
3046
3050
3054
3056
3055
3057
3046
3031
3034
3039
3039
3039
3039
3032
3017
3018
3021
3019
3021
3019
3009
2998
2998
3002
2999
3000
2998
2992
2979
2978
2981
2978
2981
2980
2974
2964
2957
2960
2958
2959
2956
2956
2944
2935
2939
2938
2939
2933
2937
2924
2914
2917
2918
2917
2915
2915
2901
2891
2895
2893
2894
2891
2896
2880
2868
2871
2872
2868
2869
2869
2857
2843
2848
2848
2848
2850
2846
2837
2824
2823
2826
2824
2825
2823
2815
2803
2799
2797
2795
2795
2791
2785
2772
2769
2770
2769
2764
2760
2755
2741
2737
2739
2736
2733
2729
2728
2724
2720
2720
2717
2717
2714
2710
2708
2708
2704
2701
2697
2695
2690
2691
2687
2687
2681
2678
2676
2673
2670
2667
2664
2661
2658
2655
2652
2651
2643
2632
2624
2622
2618
2616
2612
2608
2596
2588
2587
2582
2580
2574
2571
2560
2552
2549
2546
2546
2539
2535
2525
2514
2511
2511
2506
2504
2499
2490
2479
2477
2471
2470
2466
2462
2453
2443
2441
2441
2434
2430
2426
2418
2404
2405
2402
2399
2394
2391
2383
2373
2367
2367
2362
2358
2354
2347
2338
2336
2331
2326
2324
2318
2308
2303
2298
2298
2290
2286
2280
2275
2266
2261
2259
2254
2250
2245
2241
2236
2225
2223
2218
2214
2209
2206
2197
2193
2188
2183
2179
2173
2171
2162
2156
2151
2147
2143
2140
2135
2127
2118
2116
2110
2107
2103
2099
2095
2084
2080
2077
2072
2068
2064
2057
2050
2046
2042
2038
2037
2029
2023
2016
2009
2008
2003
1999
1997
1988
1981
1977
1972
1969
1965
1961
1955
1948
1943
1941
1938
1932
1926
1922
1912
1910
1907
1904
1901
1895
1891
1884
1878
1875
1871
1868
1864
1859
1852
1852
1855
1857
1858
1857
1860
1852
1847
1852
1853
1854
1854
1856
1845
1842
1845
1847
1847
1848
1850
1846
1836
1836
1839
1837
1840
1840
1834
1830
1829
1831
1830
1830
1827
1825
1818
1819
1821
1819
1821
1820
1816
1808
1808
1807
1808
1809
1808
1809
1798
1796
1798
1796
1796
1796
1794
1787
1784
1786
1785
1785
1784
1783
1776
1769
1774
1774
1774
1776
1771
1764
1760
1761
1761
1762
1760
1761
1753
1748
1751
1749
1749
1748
1747
1737
1736
1737
1738
1738
1736
1737
1729
1722
1725
1726
1725
1725
1725
1719
1717
1713
1714
1713
1713
1713
1708
1702
1703
1703
1702
1702
1701
1695
1690
1690
1692
1690
1691
1691
1690
1680
1679
1680
1678
1680
1679
1675
1670
1668
1670
1668
1668
1665
1665
1658
1657
1658
1657
1659
1660
1655
1649
1645
1646
1646
1647
1646
1646
1638
1635
1637
1636
1634
1635
1635
1627
1625
1627
1627
1629
1625
1624
1618
1613
1616
1616
1616
1617
1614
1608
1604
1607
1604
1605
1605
1605
1599
1593
1597
1596
1596
1595
1595
1586
1584
1586
1586
1589
1586
1586
1580
1574
1577
1576
1576
1576
1577
1571
1567
1562
1558
1555
1551
1544
1543
1538
1535
1535
1529
1526
1523
1518
1509
1511
1508
1505
1502
1500
1497
1491
1488
1486
1483
1479
1479
1475
1469
1469
1466
1463
1461
1458
1454
1451
1447
1446
1444
1443
1442
1437
1433
1430
1428
1424
1425
1423
1421
1419
1413
1411
1411
1409
1407
1405
1400
1396
1397
1397
1398
1393
1391
1386
1382
1380
1381
1381
1381
1382
1374
1370
1370
1368
1368
1367
1367
1361
1358
1358
1360
1357
1356
1355
1351
1342
1347
1347
1346
1347
1345
1341
1335
1336
1336
1336
1335
1335
1331
1326
1329
1328
1326
1326
1326
1319
1317
1318
1319
1321
1318
1317
1314
1309
1308
1310
1310
1310
1310
1307
1303
1302
1301
1301
1302
1298
1300
1294
1294
1297
1294
1297
1295
1294
1285
1287
1289
1289
1289
1289
1289
1283
1281
1282
1282
1280
1281
1283
1277
1276
1276
1277
1277
1276
1275
1272
1269
1271
1271
1272
1274
1272
1267
1263
1264
1263
1266
1266
1267
1265
1258
1259
1261
1261
1260
1262
1258
1252
1255
1255
1258
1256
1256
1253
1247
1246
1250
1250
1251
1254
1248
1242
1243
1245
1243
1245
1245
1242
1237
1238
1241
1238
1239
1239
1236
1228
1232
1235
1235
1238
1238
1236
1232
1231
1232
1235
1236
1236
1236
1230
1231
1232
1232
1232
1233
1230
1229
1227
1229
1231
1231
1231
1231
1226
1221
1226
1226
1228
1227
1229
1225
1220
1223
1223
1224
1220
1224
1221
1216
1220
1219
1220
1220
1221
1213
1211
1214
1214
1215
1215
1217
1212
1208
1209
1210
1208
1210
1211
1208
1204
1203
1205
1205
1205
1203
1203
1198
1198
1200
1200
1201
1201
1198
1193
1193
1193
1195
1195
1195
1194
1189
1189
1189
1189
1187
1189
1189
1184
1183
1184
1186
1187
1185
1184
1180
1176
1180
1180
1182
1181
1183
1177
1174
1178
1177
1177
1177
1179
1174
1170
1173
1176
1174
1175
1175
1170
1166
1169
1171
1171
1175
1173
1169
1165
1166
1168
1169
1170
1171
1167
1164
1165
1167
1167
1169
1168
1167
1163
1164
1167
1167
1168
1169
1167
1160
1163
1166
1166
1168
1168
1168
1163
1163
1166
1165
1165
1169
1169
1163
1165
1167
1166
1169
1168
1167
1164
1163
1167
1168
1172
1172
1172
1166
1164
1168
1166
1171
1171
1173
1171
1166
1169
1170
1171
1172
1175
1169
1166
1169
1172
1176
1174
1177
1171
1166
1159
1158
1153
1148
1145
1139
1135
1131
1127
1120
1119
1116
1112
1108
1104
1101
1096
1093
1090
1085
1079
1079
1075
1072
1069
1065
1061
1058
1055
1049
1048
1045
1042
1038
1035
1034
1028
1026
1022
1018
1013
1012
1009
1006
1005
1000
997
994
991
985
985
982
978
975
972
971
966
963
960
957
952
952
948
945
943
942
937
934
931
928
924
923
920
918
915
912
912
907
904
902
899
896
895
892
890
890
885
883
881
879
874
874
873
871
869
867
868
862
860
858
856
852
854
853
851
849
847
846
845
844
841
842
838
838
837
836
837
835
834
831
829
827
829
831
829
830
826
825
826
825
825
825
826
822
822
823
825
825
824
825
821
818
823
824
825
826
830
824
821
824
825
827
829
831
828
825
828
830
832
833
835
831
829
833
836
838
842
843
841
837
840
841
845
848
850
848
845
851
853
853
857
859
855
855
856
860
863
866
867
868
864
862
869
871
874
876
877
876
874
878
879
882
880
885
882
879
876
871
868
865
861
856
855
853
850
847
843
843
838
835
832
830
824
824
823
820
818
815
812
811
808
805
804
801
800
798
797
797
793
791
788
787
783
784
783
782
779
779
777
774
773
771
770
769
766
765
764
763
765
760
758
756
753
754
753
751
751
751
746
745
745
744
740
741
739
739
737
736
738
734
733
731
728
727
727
728
725
726
725
721
720
719
717
718
717
715
714
711
713
710
709
708
707
702
703
703
702
701
700
699
695
694
693
693
693
691
690
689
687
686
684
684
682
678
679
678
676
676
677
673
672
670
668
664
666
665
663
663
662
662
657
657
655
653
650
651
648
647
647
645
643
642
639
637
636
636
634
632
631
631
627
624
624
622
617
619
617
617
613
615
611
609
606
604
603
602
600
598
596
596
593
590
588
587
582
584
582
580
578
580
574
573
571
569
565
566
565
563
561
561
558
556
554
553
549
550
548
547
546
545
542
540
538
537
534
533
532
530
529
528
529
524
522
520
518
518
516
515
514
513
512
510
509
507
505
506
504
504
501
501
503
499
498
498
495
492
494
495
493
493
496
492
491
489
491
488
490
490
491
488
489
490
488
490
490
489
488
488
489
490
492
490
492
490
489
490
492
493
494
494
492
495
494
495
496
497
497
497
496
498
500
503
502
504
501
499
502
504
504
506
508
509
504
508
509
510
508
512
512
510
512
517
515
517
518
516
513
516
518
519
521
523
523
520
521
523
522
526
525
526
524
525
526
527
529
529
529
528
528
530
531
532
535
533
532
531
533
530
536
536
537
534
536
536
536
537
537
537
536
535
537
538
539
540
540
538
536
536
539
540
540
542
541
537
539
540
541
539
543
540
538
539
541
544
541
542
540
538
536
541
541
542
544
545
539
540
542
541
542
543
542
540
541
543
544
543
543
543
540
540
541
540
541
541
539
537
535
537
534
536
535
535
533
532
535
532
531
531
530
526
527
527
526
526
527
525
523
521
521
517
520
518
519
517
516
515
514
514
513
511
510
508
507
507
507
505
504
502
500
498
498
497
497
496
494
493
491
492
489
487
484
486
484
483
482
484
479
478
477
475
472
473
472
470
470
470
466
466
464
463
459
460
459
457
456
456
454
452
451
450
446
447
446
444
443
442
444
440
438
436
434
433
433
432
430
429
431
427
425
423
422
421
419
418
417
416
416
413
412
411
409
405
407
406
405
404
405
402
400
399
397
394
395
394
393
392
391
393
388
387
386
384
380
382
382
380
380
381
377
376
375
374
370
371
371
370
369
368
369
366
365
363
361
362
361
360
360
359
361
357
356
355
353
354
353
351
351
352
353
350
349
349
347
344
347
346
347
347
349
345
344
344
344
343
344
343
343
342
344
342
343
343
342
338
343
351
358
364
371
377
374
374
381
384
391
397
404
402
402
411
414
419
424
428
428
427
432
438
443
446
451
450
448
453
459
463
468
472
471
471
474
478
482
485
486
489
487
491
495
501
501
506
505
500
502
510
511
515
518
519
516
517
521
522
524
527
528
526
527
531
532
534
534
535
531
533
536
537
539
540
543
538
537
539
540
538
542
542
541
540
544
541
542
542
543
537
539
539
540
539
541
539
537
535
535
533
535
534
535
533
532
531
529
528
528
526
525
523
523
522
521
522
519
517
515
514
511
511
511
509
507
508
504
503
501
499
496
497
495
493
492
490
492
487
485
483
479
479
478
476
475
472
473
469
467
466
462
462
461
459
457
456
456
452
451
448
445
442
444
442
441
439
440
435
434
432
431
426
428
426
425
424
422
423
419
417
415
412
413
409
409
407
407
405
404
402
400
398
398
397
395
394
392
394
392
392
391
389
387
389
388
389
388
389
386
386
384
383
380
383
382
381
380
380
378
377
376
375
373
373
371
370
368
369
368
366
365
364
361
362
360
359
358
357
357
355
353
352
350
346
348
347
346
344
347
342
342
340
338
337
336
336
335
334
335
332
330
329
328
324
327
325
325
323
324
322
320
321
318
314
317
316
314
313
314
312
311
309
308
305
307
305
305
304
304
302
302
300
299
298
298
297
296
295
295
296
293
292
290
289
289
288
287
287
286
287
283
283
282
281
280
280
279
278
277
279
276
275
274
273
269
272
271
271
270
271
268
267
267
267
264
266
266
265
264
265
267
264
263
263
261
260
262
261
262
262
265
262
260
262
261
259
262
262
261
261
262
262
263
263
263
260
261
263
264
265
265
266
265
264
265
265
267
268
269
269
268
271
270
271
272
273
269
272
273
275
277
280
279
278
276
278
279
281
283
284
285
285
285
285
288
290
288
292
291
291
294
297
298
299
300
299
297
302
304
305
307
310
306
308
311
312
313
316
318
317
315
320
321
323
325
326
322
325
328
330
333
335
339
334
334
338
339
341
344
347
345
344
351
350
351
354
356
355
353
357
360
361
365
366
366
364
366
367
371
374
375
375
375
377
379
381
384
385
385
384
386
389
392
395
396
396
394
396
397
401
404
406
407
406
406
409
412
414
414
416
415
416
419
421
428
427
428
426
425
429
432
435
435
438
439
436
439
441
442
445
448
446
444
448
452
452
453
457
454
451
456
458
460
463
468
463
461
464
466
468
470
472
471
469
472
476
476
477
479
477
476
478
480
482
486
486
484
483
484
485
488
490
491
490
489
492
492
492
494
495
496
493
494
496
498
499
500
499
497
495
500
501
502
503
504
505
501
503
504
505
502
506
504
504
506
509
507
508
509
505
504
502
500
498
496
495
492
490
488
486
482
482
481
478
477
476
472
471
469
467
463
464
462
460
458
456
458
453
451
449
446
446
444
442
441
440
438
436
434
433
430
429
428
426
425
423
425
420
418
417
415
413
412
410
409
408
409
405
403
402
399
398
397
395
394
393
393
390
388
387
385
380
382
381
380
378
379
376
374
373
371
368
368
367
366
364
364
362
361
360
359
355
355
354
352
352
351
349
347
348
345
343
343
341
341
339
338
340
335
333
332
332
328
329
329
327
326
328
323
322
321
319
318
318
316
316
315
315
312
312
309
309
305
307
306
305
303
303
301
300
299
298
295
296
295
294
292
292
294
290
289
287
286
285
285
284
282
283
284
280
279
277
276
276
275
274
273
272
273
270
270
268
267
263
266
265
264
264
264
261
260
260
259
255
256
256
255
254
254
253
252
251
250
248
249
247
247
247
246
245
244
244
243
240
242
240
240
239
239
237
237
236
235
232
234
233
232
231
232
230
230
229
228
225
227
226
225
225
225
226
223
221
221
220
217
220
219
218
217
220
216
215
215
213
211
213
212
212
211
212
209
209
208
209
204
206
206
205
205
206
204
203
202
201
198
200
199
199
199
198
198
197
197
196
194
195
194
193
193
192
195
191
190
190
189
186
188
187
188
187
188
185
185
185
184
180
183
182
182
181
182
180
180
179
178
177
179
177
177
177
176
178
175
174
173
174
169
172
172
171
171
171
171
169
169
168
166
167
167
167
166
167
165
165
165
165
163
164
163
163
164
164
164
163
162
162
162
161
161
161
161
162
163
161
161
160
160
157
161
160
159
159
161
160
160
160
159
156
159
159
160
160
161
160
159
159
159
158
162
161
160
160
160
162
161
161
161
160
160
161
162
161
162
164
162
162
162
162
159
162
162
163
162
164
162
162
163
162
160
162
162
163
163
163
162
163
163
162
160
161
163
161
162
162
164
162
161
162
161
160
160
160
160
161
164
160
161
160
159
157
160
160
160
161
161
159
160
159
159
158
159
159
158
158
158
162
158
158
158
157
154
158
158
157
158
159
156
157
156
157
154
158
156
156
156
158
157
156
156
155
152
155
155
157
155
156
155
155
154
155
152
156
154
154
154
154
157
154
154
154
153
152
153
153
153
153
155
152
152
152
152
149
152
153
151
151
152
151
151
150
150
147
149
149
150
150
150
149
149
149
148
145
148
148
148
148
149
147
147
147
147
146
147
146
146
145
146
149
145
145
144
144
142
144
144
144
144
145
143
143
143
142
141
143
142
141
141
142
142
141
141
141
139
141
141
140
140
140
142
139
139
139
139
135
139
139
139
139
139
138
138
138
138
136
138
140
140
142
143
148
144
143
145
146
147
149
151
150
150
153
153
154
157
157
153
155
157
159
160
163
162
162
162
163
164
166
168
169
169
169
173
172
173
174
175
175
174
176
178
179
184
182
182
181
182
181
186
187
189
188
190
189
191
192
193
192
195
195
196
198
201
201
203
203
202
200
205
207
208
210
212
210
211
213
215
215
218
220
218
219
222
227
225
226
228
226
227
230
232
234
235
240
236
236
239
240
240
245
248
246
245
250
251
254
255
256
250
256
260
261
264
267
268
266
266
269
270
274
276
278
277
278
283
283
285
287
287
288
288
292
294
296
299
301
298
299
302
305
308
309
312
310
314
314
317
319
320
323
322
321
325
328
330
331
334
332
331
335
338
339
342
345
345
343
346
347
350
348
354
353
351
355
359
359
361
363
362
358
364
367
368
371
373
374
370
373
376
376
379
382
380
379
382
384
385
387
390
387
386
388
388
389
390
393
389
388
389
390
387
392
394
393
391
394
393
394
395
395
394
393
394
396
397
400
399
399
401
402
400
405
405
406
408
412
411
411
413
413
412
416
417
419
421
422
422
424
424
425
425
428
429
430
431
429
428
431
431
433
431
434
432
432
434
435
439
436
437
435
435
434
438
440
441
441
442
439
441
442
442
443
445
442
442
445
448
447
448
448
446
442
448
449
450
450
453
450
449
451
452
451
453
455
452
452
454
458
457
457
458
456
452
457
458
459
460
464
459
458
460
461
462
463
464
462
463
465
464
466
466
467
463
465
467
468
469
474
472
470
468
470
471
473
474
475
473
473
475
476
476
477
477
477
476
478
480
483
482
483
481
479
481
484
485
486
488
488
484
486
488
488
488
493
490
488
490
493
494
495
496
494
493
495
497
499
501
505
503
507
507
507
510
512
513
515
517
521
520
522
524
522
525
524
522
525
527
530
531
532
535
536
535
540
541
543
545
550
548
549
550
547
546
549
550
551
552
554
552
550
551
552
552
555
556
553
552
554
555
555
557
558
553
553
555
556
557
558
562
556
555
556
556
556
558
558
556
555
557
557
556
557
556
556
554
555
555
556
559
557
554
552
553
551
554
555
556
554
554
553
553
553
553
550
552
549
550
551
552
551
551
549
546
546
548
549
548
549
548
545
545
546
546
542
546
544
541
542
543
545
543
542
540
537
539
539
539
539
540
538
535
535
535
535
536
535
534
531
532
533
532
531
531
529
525
529
528
528
528
531
525
524
524
523
524
523
524
521
519
521
519
520
519
519
514
515
514
516
515
518
515
512
511
511
511
511
510
510
508
509
507
506
506
506
503
504
502
503
502
504
502
501
499
497
495
498
497
497
497
496
497
494
495
493
493
490
491
489
490
491
493
491
490
488
486
490
494
497
500
503
504
500
504
507
509
508
516
515
513
517
523
522
525
528
528
524
529
533
534
537
541
540
538
540
544
545
550
552
551
549
553
555
557
559
564
559
559
562
565
567
571
574
571
569
571
573
576
579
581
580
579
580
583
585
587
586
588
586
589
591
593
598
597
597
594
595
599
600
603
605
607
601
604
606
607
610
612
612
609
610
615
619
618
619
620
617
618
622
623
626
628
628
625
626
630
629
633
635
635
633
635
638
639
641
643
643
638
643
645
647
651
654
652
649
650
653
653
658
660
660
658
658
664
664
667
668
667
665
667
672
673
676
678
677
674
676
677
681
684
686
687
684
687
688
690
692
694
694
693
691
697
700
702
704
706
702
701
706
708
711
712
715
713
711
714
717
719
720
724
721
720
723
729
729
731
735
730
725
733
736
739
741
744
743
739
743
746
748
749
753
749
748
751
751
751
753
752
747
748
751
752
754
755
757
754
751
754
757
756
759
761
758
756
763
763
765
766
766
763
763
767
769
772
774
775
771
770
775
776
781
782
783
780
783
785
787
790
793
790
789
792
796
799
803
808
805
802
804
807
811
815
819
819
817
817
823
825
829
830
833
829
831
837
840
847
848
849
844
847
850
856
859
865
864
863
864
869
873
877
882
881
877
882
888
893
897
901
899
895
900
909
910
917
922
922
915
922
928
931
937
943
940
936
943
950
958
959
965
962
956
966
972
979
983
993
985
981
989
996
1001
1007
1013
1008
1006
1015
1025
1028
1033
1039
1033
1028
1042
1048
1055
1062
1066
1061
1060
1070
1071
1082
1087
1094
1088
1088
1100
1105
1113
1117
1122
1114
1116
1127
1134
1143
1149
1153
1147
1148
1158
1166
1175
1180
1186
1179
1181
1195
1199
1208
1214
1217
1211
1214
1226
1233
1245
1248
1253
1246
1250
1261
1269
1279
1285
1289
1284
1288
1299
1307
1316
1323
1325
1321
1319
1324
1327
1329
1330
1332
1326
1321
1329
1332
1335
1337
1339
1333
1331
1337
1341
1344
1344
1347
1341
1342
1348
1351
1355
1357
1358
1348
1352
1358
1362
1366
1369
1370
1365
1363
1371
1374
1377
1382
1383
1378
1378
1384
1387
1393
1396
1396
1391
1391
1398
1402
1407
1411
1414
1405
1406
1413
1416
1419
1425
1429
1420
1424
1428
1432
1437
1440
1441
1436
1437
1445
1448
1453
1458
1461
1455
1452
1459
1462
1470
1473
1477
1472
1468
1477
1481
1486
1487
1495
1487
1484
1493
1498
1503
1507
1513
1505
1500
1506
1514
1519
1523
1530
1522
1516
1525
1530
1532
1540
1545
1539
1532
1540
1547
1553
1556
1561
1556
1547
1556
1563
1566
1572
1577
1573
1565
1572
1577
1582
1587
1591
1589
1583
1585
1597
1596
1602
1606
1603
1596
1601
1609
1612
1618
1621
1620
1613
1614
1622
1625
1631
1635
1634
1628
1630
1636
1639
1645
1648
1647
1642
1641
1650
1655
1658
1661
1664
1657
1652
1662
1666
1671
1674
1678
1671
1668
1674
1678
1683
1685
1690
1682
1678
1687
1690
1695
1697
1703
1694
1689
1697
1702
1706
1709
1714
1710
1700
1714
1726
1735
1741
1755
1750
1743
1757
1767
1775
1783
1792
1790
1782
1790
1803
1809
1819
1828
1826
1817
1824
1837
1839
1852
1859
1860
1854
1855
1868
1873
1883
1884
1892
1882
1883
1896
1902
1911
1918
1921
1912
1910
1922
1924
1936
1941
1946
1937
1934
1945
1951
1957
1963
1969
1959
1955
1966
1972
1980
1983
1991
1981
1974
1982
1993
1998
2002
2010
1999
1991
2001
2007
2013
2018
2023
2016
2007
2015
2022
2026
2031
2036
2030
2019
2027
2034
2037
2045
2046
2043
2033
2036
2043
2045
2050
2053
2052
2042
2044
2050
2051
2057
2059
2056
2048
2048
2055
2060
2061
2062
2062
2052
2051
2056
2059
2062
2064
2065
2056
2053
2058
2059
2063
2062
2067
2071
2074
2078
2078
2081
2084
2084
2087
2089
2090
2092
2093
2095
2096
2101
2099
2100
2102
2102
2104
2105
2107
2110
2109
2110
2111
2109
2100
2094
2098
2099
2099
2098
2100
2089
2083
2085
2086
2085
2085
2087
2078
2072
2072
2074
2073
2072
2073
2065
2057
2059
2060
2060
2059
2063
2051
2043
2045
2044
2046
2045
2045
2040
2029
2030
2032
2031
2028
2030
2024
2016
2030
2050
2064
2086
2096
2098
2088
2099
2118
2130
2146
2160
2164
2153
2157
2176
2184
2201
2210
2217
2207
2209
2228
2240
2253
2260
2274
2282
2295
2309
2321
2334
2343
2357
2368
2376
2389
2400
2412
2423
2433
2440
2453
2466
2472
2482
2494
2503
2514
2524
2535
2545
2556
2564
2572
2558
2553
2568
2579
2589
2595
2607
2593
2588
2601
2612
2623
2628
2639
2625
2618
2632
2644
2653
2659
2670
2658
2648
2664
2675
2683
2691
2703
2690
2676
2693
2704
2710
2720
2731
2721
2707
2722
2734
2741
2746
2759
2748
2734
2749
2761
2769
2779
2787
2777
2763
2777
2787
2796
2806
2816
2805
2791
2803
2815
2822
2831
2839
2831
2817
2828
2841
2848
2857
2865
2856
2844
2851
2866
2873
2884
2890
2882
2867
2878
2890
2897
2906
2915
2907
2893
2903
2916
2922
2930
2938
2932
2916
2926
2940
2948
2955
2963
2959
2943
2950
2962
2968
2978
2985
2981
2966
2972
2985
2989
3001
3006
3004
2992
2994
3011
3013
3024
3030
3030
3016
3016
3031
3035
3047
3052
3052
3039
3038
3053
3058
3068
3070
3073
3059
3060
3074
3079
3089
3093
3095
3079
3070
3067
3061
3057
3050
3048
3030
3020
3018
3014
3009
3004
3003
2987
2977
2976
2972
2965
2964
2962
2948
2936
2937
2935
2933
2928
2927
2913
2902
2900
2901
2900
2900
2896
2884
2870
2871
2872
2870
2869
2867
2857
2844
2845
2849
2844
2843
2842
2832
2819
2820
2824
2821
2821
2820
2814
2798
2800
2802
2800
2802
2800
2795
2784
2782
2785
2783
2785
2783
2781
2769
2766
2768
2768
2771
2768
2768
2756
2750
2756
2755
2759
2758
2761
2746
2739
2744
2745
2746
2747
2751
2739
2728
2734
2736
2739
2740
2744
2732
2722
2727
2730
2733
2737
2738
2728
2715
2720
2726
2728
2732
2733
2725
2712
2717
2720
2723
2727
2730
2722
2708
2714
2721
2724
2725
2728
2721
2706
2712
2719
2722
2724
2727
2720
2706
2710
2717
2718
2723
2726
2721
2708
2713
2717
2718
2724
2724
2723
2710
2711
2717
2718
2724
2726
2723
2712
2710
2717
2719
2725
2726
2727
2716
2709
2717
2719
2721
2726
2727
2718
2710
2718
2721
2724
2726
2727
2714
2710
2717
2721
2726
2728
2727
2714
2710
2717
2719
2725
2727
2727
2713
2709
2717
2717
2724
2724
2726
2713
2708
2715
2718
2726
2724
2724
2711
2706
2719
2724
2732
2735
2738
2726
2722
2730
2738
2747
2749
2752
2739
2736
2747
2755
2759
2763
2765
2749
2749
2760
2766
2771
2774
2774
2759
2757
2770
2773
2782
2783
2781
2768
2769
2778
2781
2789
2791
2786
2774
2776
2787
2787
2794
2797
2792
2777
2782
2791
2793
2799
2803
2796
2783
2787
2794
2797
2802
2803
2798
2785
2794
2798
2800
2804
2807
2798
2785
2792
2799
2802
2806
2811
2802
2787
2794
2800
2802
2806
2811
2801
2786
2794
2800
2802
2803
2811
2799
2786
2795
2799
2802
2806
2809
2797
2783
2792
2794
2800
2802
2808
2794
2782
2790
2793
2797
2798
2801
2787
2779
2787
2791
2797
2795
2797
2783
2775
2784
2787
2792
2791
2792
2778
2773
2781
2783
2787
2788
2787
2774
2770
2780
2778
2782
2783
2781
2768
2765
2773
2773
2779
2778
2777
2761
2762
2770
2770
2775
2777
2771
2760
2760
2766
2766
2771
2772
2767
2756
2756
2763
2763
2767
2767
2763
2750
2752
2760
2760
2765
2770
2759
2746
2751
2756
2755
2761
2765
2756
2742
2748
2753
2755
2759
2763
2752
2740
2747
2753
2754
2760
2761
2750
2737
2744
2750
2753
2757
2760
2748
2735
2740
2741
2742
2743
2744
2734
2721
2725
2729
2731
2728
2731
2719
2706
2712
2715
2717
2716
2717
2706
2695
2697
2703
2704
2705
2708
2696
2685
2694
2694
2696
2697
2700
2684
2678
2684
2689
2689
2691
2692
2678
2671
2678
2681
2684
2685
2687
2675
2669
2674
2677
2681
2682
2682
2672
2665
2676
2676
2681
2682
2685
2672
2666
2674
2678
2683
2684
2687
2676
2669
2676
2680
2686
2684
2691
2678
2674
2682
2686
2692
2693
2696
2684
2680
2691
2694
2701
2703
2710
2694
2689
2699
2702
2710
2714
2719
2703
2700
2710
2714
2722
2726
2727
2715
2713
2724
2729
2740
2741
2742
2729
2728
2737
2745
2754
2760
2758
2745
2745
2756
2762
2771
2776
2775
2762
2764
2778
2786
2792
2797
2796
2779
2786
2799
2807
2814
2820
2818
2804
2807
2822
2826
2837
2844
2842
2827
2835
2847
2852
2863
2870
2865
2852
2862
2874
2881
2890
2899
2890
2880
2889
2902
2909
2919
2928
2923
2909
2918
2931
2939
2946
2959
2953
2939
2949
2963
2970
2979
2990
2982
2967
2981
2995
3003
3013
3027
3013
2998
3013
3026
3037
3047
3062
3045
3031
3049
3061
3071
3080
3092
3076
3063
3082
3095
3109
3115
3127
3110
3100
3117
3132
3145
3152
3163
3147
3138
3155
3170
3182
3190
3201
3184
3177
3196
3209
3221
3228
3240
3219
3215
3237
3248
3262
3269
3280
3259
3256
3276
3289
3302
3310
3320
3303
3300
3319
3330
3345
3352
3361
3344
3343
3362
3373
3388
3394
3402
3385
3384
3405
3416
3432
3440
3448
3428
3428
3450
3461
3473
3485
3493
3474
3473
3495
3506
3519
3531
3535
3516
3518
3540
3551
3568
3578
3580
3560
3563
3586
3595
3613
3623
3622
3603
3610
3630
3642
3659
3669
3666
3646
3656
3678
3687
3703
3714
3708
3689
3699
3722
3734
3748
3759
3751
3731
3747
3768
3777
3792
3805
3796
3775
3792
3815
3821
3836
3849
3837
3817
3837
3855
3864
3878
3892
3876
3858
3877
3896
3907
3920
3934
3919
3900
3919
3935
3948
3960
3970
3958
3937
3957
3975
3986
3995
4011
3992
3971
3994
4011
4023
4034
4048
4024
4008
4031
4045
4055
4069
4081
4058
4044
4065
4076
4092
4100
4114
4090
4076
4098
4111
4125
4130
4143
4120
4105
4122
4140
4152
4159
4169
4146
4129
4153
4165
4177
4183
4194
4169
4157
4177
4187
4199
4203
4212
4186
4177
4198
4205
4215
4221
4223
4201
4183
4177
4167
4158
4146
4135
4114
4102
4092
4083
4074
4060
4054
4036
4017
4012
4002
3992
3982
3973
3953
3938
3932
3922
3914
3903
3895
3876
3858
3852
3839
3834
3823
3815
3797
3780
3771
3764
3754
3744
3734
3719
3702
3694
3687
3674
3664
3655
3638
3623
3616
3606
3595
3585
3575
3558
3544
3535
3527
3514
3505
3495
3482
3469
3456
3447
3435
3421
3414
3403
3387
3376
3367
3355
3344
3334
3322
3308
3296
3287
3275
3266
3257
3243
3229
3216
3205
3195
3187
3174
3163
3150
3138
3125
3117
3105
3094
3083
3071
3058
3048
3039
3026
3015
3004
2989
2980
2970
2962
2947
2937
2925
2913
2902
2891
2880
2869
2858
2848
2837
2829
2814
2805
2792
2781
2771
2761
2753
2740
2730
2719
2708
2698
2688
2678
2667
2657
2648
2638
2631
2618
2608
2598
2589
2579
2570
2561
2551
2541
2531
2522
2510
2504
2495
2486
2477
2468
2458
2451
2440
2432
2423
2414
2401
2396
2388
2382
2371
2362
2354
2345
2336
2329
2321
2312
2304
2296
2288
2282
2271
2263
2255
2244
2240
2231
2225
2216
2208
2200
2192
2182
2177
2170
2162
2155
2147
2139
2134
2125
2117
2110
2102
2094
2088
2081
2076
2068
2060
2052
2045
2038
2032
2025
2018
2011
2004
1999
1990
1984
1977
1970
1960
1956
1951
1945
1938
1931
1924
1917
1908
1905
1899
1892
1885
1880
1874
1870
1860
1857
1848
1840
1836
1829
1824
1821
1811
1806
1800
1793
1788
1783
1777
1771
1764
1758
1755
1747
1742
1736
1730
1723
1719
1713
1710
1702
1696
1691
1685
1677
1675
1670
1663
1658
1653
1648
1645
1636
1632
1627
1620
1615
1611
1606
1602
1595
1590
1585
1579
1572
1571
1565
1559
1554
1550
1547
1540
1536
1530
1526
1517
1516
1511
1507
1504
1498
1493
1488
1482
1479
1475
1470
1465
1461
1458
1453
1449
1444
1439
1431
1430
1426
1422
1420
1414
1410
1405
1401
1394
1393
1389
1385
1383
1378
1375
1369
1366
1361
1358
1352
1350
1347
1343
1341
1336
1333
1330
1325
1319
1318
1313
1312
1308
1305
1304
1298
1294
1290
1287
1284
1282
1279
1276
1275
1268
1266
1263
1258
1258
1255
1251
1246
1245
1243
1240
1237
1235
1231
1224
1225
1224
1221
1221
1216
1214
1208
1207
1204
1202
1201
1198
1196
1191
1193
1188
1186
1184
1182
1177
1175
1173
1172
1171
1168
1165
1163
1158
1156
1155
1153
1151
1150
1150
1145
1141
1140
1139
1136
1136
1135
1132
1129
1128
1127
1126
1125
1121
1121
1117
1117
1117
1116
1118
1116
1113
1109
1108
1109
1109
1109
1108
1109
1102
1102
1103
1101
1103
1102
1101
1098
1097
1099
1100
1100
1099
1099
1094
1093
1096
1096
1098
1098
1100
1095
1091
1092
1096
1098
1099
1101
1097
1095
1096
1098
1099
1100
1102
1101
1096
1099
1105
1102
1106
1108
1106
1101
1103
1107
1108
1112
1114
1117
1108
1110
1114
1115
1117
1121
1123
1118
1120
1123
1125
1129
1131
1134
1130
1128
1134
1137
1142
1147
1148
1144
1140
1145
1151
1157
1159
1164
1161
1156
1162
1167
1169
1175
1180
1179
1173
1178
1186
1189
1195
1199
1199
1191
1197
1205
1209
1216
1220
1221
1216
1218
1224
1231
1237
1242
1246
1241
1241
1250
1255
1262
1267
1271
1267
1265
1274
1282
1289
1293
1301
1295
1288
1301
1309
1315
1321
1329
1327
1319
1329
1338
1343
1349
1358
1357
1352
1360
1368
1373
1381
1387
1391
1385
1387
1398
1405
1414
1422
1424
1417
1418
1427
1437
1446
1451
1461
1453
1451
1462
1470
1476
1486
1494
1490
1482
1480
1478
1473
1469
1466
1460
1451
1452
1449
1446
1446
1439
1434
1429
1425
1423
1420
1418
1415
1411
1405
1405
1399
1396
1393
1389
1387
1382
1378
1376
1372
1370
1366
1364
1355
1354
1352
1349
1346
1343
1343
1335
1331
1329
1326
1323
1321
1318
1313
1311
1306
1303
1301
1298
1296
1292
1287
1284
1283
1280
1281
1275
1272
1267
1263
1263
1260
1258
1257
1255
1248
1245
1244
1240
1240
1238
1235
1230
1226
1226
1227
1221
1219
1217
1211
1208
1208
1206
1204
1201
1200
1196
1191
1187
1189
1187
1186
1183
1180
1178
1174
1173
1171
1169
1168
1165
1161
1159
1158
1156
1155
1152
1150
1146
1143
1143
1142
1140
1139
1137
1132
1130
1129
1124
1126
1125
1124
1120
1116
1116
1115
1113
1109
1112
1107
1103
1104
1103
1104
1100
1099
1096
1091
1092
1091
1090
1090
1092
1086
1081
1081
1081
1080
1080
1079
1077
1073
1072
1075
1071
1071
1069
1067
1063
1063
1063
1062
1065
1061
1060
1056
1054
1054
1055
1054
1052
1053
1050
1050
1047
1047
1046
1044
1046
1043
1039
1041
1041
1041
1041
1041
1035
1033
1034
1036
1036
1036
1037
1035
1030
1037
1049
1056
1067
1076
1084
1086
1080
1087
1099
1105
1112
1120
1123
1118
1124
1134
1142
1149
1155
1159
1153
1155
1167
1173
1182
1190
1194
1189
1188
1198
1203
1212
1218
1226
1221
1217
1229
1235
1241
1248
1254
1248
1246
1254
1262
1270
1274
1280
1280
1275
1276
1288
1293
1300
1305
1308
1304
1304
1312
1318
1324
1325
1335
1329
1327
1338
1342
1347
1352
1359
1350
1349
1357
1364
1369
1374
1382
1375
1369
1378
1384
1385
1395
1401
1397
1393
1397
1404
1408
1414
1414
1418
1412
1414
1423
1426
1435
1436
1438
1433
1431
1437
1444
1450
1453
1460
1450
1449
1456
1460
1467
1470
1475
1469
1464
1473
1481
1482
1487
1492
1488
1481
1487
1495
1499
1503
1507
1505
1498
1499
1510
1513
1519
1522
1522
1517
1518
1525
1529
1534
1535
1539
1533
1533
1540
1544
1549
1551
1555
1550
1546
1554
1559
1565
1569
1574
1566
1560
1568
1571
1579
1583
1589
1587
1577
1584
1590
1594
1600
1605
1602
1595
1600
1607
1613
1617
1621
1620
1613
1615
1623
1627
1634
1638
1641
1633
1632
1638
1645
1651
1655
1660
1652
1649
1661
1663
1670
1673
1679
1672
1665
1659
1655
1646
1640
1635
1628
1619
1615
1611
1606
1601
1597
1593
1584
1579
1574
1570
1563
1562
1558
1551
1550
1544
1540
1537
1531
1529
1522
1519
1516
1513
1511
1511
1505
1498
1495
1492
1492
1489
1486
1487
1478
1473
1473
1471
1467
1468
1467
1461
1455
1455
1455
1454
1453
1452
1448
1439
1441
1442
1441
1442
1439
1437
1431
1429
1429
1428
1431
1430
1429
1423
1421
1423
1423
1423
1423
1424
1418
1414
1417
1418
1419
1419
1421
1414
1408
1413
1414
1416
1417
1419
1415
1408
1411
1414
1415
1415
1419
1416
1410
1413
1416
1416
1419
1421
1417
1413
1414
1419
1419
1424
1426
1426
1420
1418
1423
1421
1430
1431
1434
1430
1424
1430
1434
1437
1439
1445
1440
1433
1439
1444
1450
1450
1455
1451
1444
1447
1456
1458
1463
1469
1465
1458
1462
1468
1471
1477
1480
1480
1474
1476
1485
1486
1493
1495
1498
1489
1492
1499
1503
1512
1512
1517
1510
1507
1514
1521
1526
1530
1537
1530
1526
1534
1540
1545
1550
1554
1551
1544
1552
1560
1565
1571
1576
1573
1564
1573
1581
1585
1592
1597
1597
1589
1593
1602
1605
1612
1618
1622
1613
1616
1624
1628
1637
1640
1642
1638
1640
1662
1678
1695
1709
1725
1716
1713
1735
1747
1766
1779
1796
1789
1781
1802
1818
1831
1846
1861
1859
1850
1867
1885
1898
1912
1925
1926
1915
1925
1947
1958
1975
1987
1991
1980
1989
2007
2019
2034
2045
2054
2042
2048
2068
2078
2094
2104
2115
2103
2104
2124
2137
2153
2161
2175
2164
2156
2179
2192
2206
2217
2232
2222
2214
2232
2247
2259
2270
2280
2278
2268
2286
2300
2310
2323
2335
2333
2322
2333
2351
2360
2373
2385
2391
2375
2381
2400
2406
2423
2432
2439
2427
2428
2446
2456
2469
2478
2490
2477
2473
2492
2504
2516
2528
2539
2525
2517
2534
2549
2560
2572
2584
2572
2560
2579
2590
2604
2614
2627
2620
2607
2621
2639
2646
2658
2668
2665
2649
2661
2677
2687
2700
2708
2710
2696
2697
2715
2724
2737
2744
2751
2737
2737
2752
2762
2774
2780
2787
2776
2770
2787
2797
2807
2816
2825
2815
2801
2817
2830
2839
2847
2857
2852
2836
2847
2860
2867
2875
2887
2882
2871
2874
2888
2894
2904
2912
2913
2899
2899
2914
2919
2931
2938
2942
2926
2922
2936
2942
2954
2960
2968
2953
2943
2958
2964
2974
2980
2989
2976
2961
2974
2984
2990
2996
3003
2995
2978
2987
2998
3005
3009
3014
3008
2993
2998
3009
3012
3020
3024
3024
3009
3009
3019
3021
3029
3032
3029
3016
3017
3026
3029
3036
3038
3036
3025
3021
3031
3035
3043
3045
3047
3034
3026
3037
3040
3044
3048
3050
3037
3029
3039
3042
3046
3050
3051
3037
3031
3040
3044
3050
3053
3054
3039
3030
3039
3041
3048
3050
3052
3037
3029
3036
3041
3046
3046
3050
3036
3026
3034
3040
3042
3044
3050
3032
3022
3030
3037
3036
3039
3043
3030
3016
3024
3029
3031
3034
3037
3026
3014
3018
3024
3024
3027
3030
3019
3006
3011
3015
3016
3018
3022
3012
2997
3003
3008
3009
3011
3016
3004
2989
2994
2999
2996
3004
3006
2997
2982
2985
2991
2989
2994
2997
2987
2972
2977
2982
2984
2989
2988
2980
2966
2965
2973
2974
2981
2979
2973
2959
2958
2965
2965
2969
2970
2968
2953
2950
2957
2957
2961
2961
2959
2942
2942
2949
2950
2953
2952
2954
2939
2932
2940
2942
2945
2945
2949
2935
2925
2932
2934
2937
2935
2942
2929
2918
2924
2927
2929
2929
2934
2923
2909
2916
2920
2920
2924
2926
2917
2904
2905
2910
2912
2915
2921
2910
2896
2886
2878
2868
2861
2852
2843
2829
2821
2815
2808
2798
2789
2781
2768
2758
2754
2748
2740
2731
2725
2713
2701
2699
2693
2686
2679
2673
2662
2653
2649
2642
2636
2630
2622
2616
2605
2600
2596
2590
2585
2579
2572
2562
2556
2554
2549
2545
2541
2534
2522
2519
2515
2507
2507
2503
2499
2487
2482
2481
2476
2472
2471
2465
2454
2451
2451
2446
2446
2442
2438
2428
2422
2420
2420
2419
2417
2411
2402
2396
2396
2396
2395
2393
2389
2379
2375
2379
2375
2375
2373
2370
2359
2356
2359
2361
2359
2356
2357
2346
2340
2343
2343
2344
2344
2344
2335
2327
2330
2332
2333
2330
2333
2323
2318
2322
2323
2325
2324
2323
2315
2309
2315
2316
2319
2319
2324
2313
2305
2311
2313
2313
2318
2322
2314
2302
2309
2313
2316
2315
2323
2315
2304
2311
2316
2319
2324
2326
2320
2311
2313
2318
2324
2328
2336
2327
2316
2322
2328
2331
2337
2341
2334
2324
2331
2339
2346
2348
2354
2349
2337
2343
2352
2357
2363
2367
2364
2353
2356
2367
2370
2378
2384
2381
2371
2376
2384
2387
2396
2400
2398
2389
2391
2405
2405
2415
2420
2421
2411
2410
2421
2427
2435
2439
2444
2431
2421
2413
2404
2393
2386
2376
2370
2357
2348
2341
2333
2323
2317
2310
2300
2291
2285
2279
2275
2265
2260
2250
2242
2237
2232
2227
2222
2216
2207
2198
2193
2191
2185
2179
2175
2168
2160
2159
2153
2148
2143
2139
2129
2123
2121
2121
2114
2111
2107
2099
2093
2089
2087
2083
2080
2077
2072
2063
2060
2059
2056
2049
2050
2046
2039
2034
2033
2030
2029
2022
2021
2013
2011
2010
2008
2008
2009
2002
1993
1991
1991
1990
1990
1988
1989
1978
1974
1976
1974
1974
1974
1974
1966
1961
1963
1965
1964
1964
1966
1957
1946
1955
1958
1959
1960
1962
1956
1947
1948
1955
1956
1958
1961
1957
1949
1954
1956
1957
1962
1963
1964
1955
1955
1965
1964
1970
1972
1972
1964
1964
1973
1976
1983
1987
1990
1979
1979
1988
1992
1996
2005
2009
2001
1998
2009
2015
2023
2027
2034
2025
2022
2034
2042
2051
2058
2065
2055
2051
2062
2072
2081
2089
2102
2106
2117
2128
2135
2146
2158
2169
2178
2187
2198
2210
2221
2230
2240
2247
2256
2270
2281
2292
2305
2316
2327
2338
2347
2361
2373
2384
2396
2383
2376
2395
2410
2419
2429
2441
2427
2423
2442
2456
2468
2477
2491
2477
2468
2471
2471
2472
2470
2472
2461
2454
2455
2457
2458
2458
2461
2452
2441
2446
2450
2451
2454
2453
2448
2437
2442
2448
2449
2453
2459
2449
2437
2443
2449
2452
2457
2463
2457
2445
2451
2457
2459
2467
2471
2467
2456
2460
2469
2473
2482
2485
2480
2468
2471
2483
2488
2496
2501
2496
2484
2490
2498
2505
2513
2520
2516
2504
2509
2522
2525
2534
2540
2537
2521
2531
2543
2550
2557
2564
2560
2547
2554
2566
2571
2581
2588
2584
2572
2582
2592
2597
2608
2613
2613
2600
2607
2619
2624
2635
2642
2639
2629
2633
2647
2653
2665
2671
2674
2659
2662
2677
2683
2691
2701
2703
2691
2693
2708
2714
2725
2734
2734
2720
2724
2740
2746
2758
2769
2778
2788
2798
2806
2819
2829
2840
2849
2860
2869
2878
2887
2897
2904
2914
2924
2935
2944
2956
2964
2973
2984
2996
3001
3012
3022
3024
3009
3007
3022
3028
3042
3047
3053
3037
3035
3051
3059
3073
3076
3079
3062
3061
3078
3086
3101
3103
3109
3093
3088
3105
3113
3124
3130
3133
3117
3117
3134
3139
3150
3156
3156
3137
3142
3160
3164
3176
3181
3183
3166
3167
3182
3189
3200
3205
3207
3190
3191
3211
3228
3236
3248
3261
3262
3244
3249
3269
3276
3289
3300
3305
3289
3287
3308
3317
3333
3342
3349
3332
3325
3343
3356
3371
3378
3387
3369
3364
3381
3396
3407
3414
3425
3407
3399
3419
3433
3444
3450
3459
3439
3435
3455
3465
3478
3484
3492
3471
3467
3486
3497
3509
3516
3528
3509
3501
3516
3527
3539
3545
3560
3543
3529
3544
3556
3566
3574
3586
3568
3552
3570
3582
3590
3600
3610
3592
3575
3593
3604
3610
3621
3634
3614
3597
3614
3624
3633
3641
3651
3635
3616
3631
3643
3651
3662
3667
3655
3636
3646
3660
3666
3674
3682
3671
3651
3659
3674
3678
3687
3694
3684
3664
3674
3690
3690
3699
3705
3697
3678
3684
3696
3699
3708
3714
3706
3690
3691
3705
3707
3717
3721
3721
3703
3698
3711
3715
3724
3723
3727
3707
3703
3716
3721
3727
3732
3734
3715
3709
3722
3725
3735
3739
3744
