2476
2468
2476
2484
2488
2493
2500
2488
2479
2488
2492
2499
2503
2509
2500
2488
2497
2504
2511
2513
2518
2510
2497
2505
2514
2517
2522
2527
2520
2509
2510
2521
2524
2530
2533
2530
2518
2522
2529
2531
2538
2541
2537
2526
2528
2538
2538
2545
2547
2545
2531
2534
2541
2543
2550
2551
2551
2540
2537
2546
2547
2554
2552
2556
2544
2543
2549
2551
2557
2557
2560
2549
2543
2551
2553
2559
2561
2566
2552
2545
2553
2556
2559
2562
2567
2554
2547
2555
2559
2560
2565
2570
2558
2549
2557
2561
2566
2566
2571
2560
2549
2552
2563
2564
2570
2570
2561
2549
2554
2560
2562
2566
2569
2562
2549
2554
2564
2562
2565
2568
2561
2549
2553
2559
2560
2563
2565
2560
2546
2550
2555
2556
2561
2562
2560
2548
2550
2553
2553
2557
2557
2555
2545
2544
2552
2549
2554
2555
2552
2542
2539
2545
2546
2550
2550
2550
2541
2534
2542
2546
2551
2554
2558
2548
2539
2548
2552
2558
2557
2567
2556
2545
2554
2559
2562
2566
2573
2562
2550
2557
2562
2567
2571
2577
2566
2554
2560
2566
2566
2574
2578
2572
2559
2565
2571
2574
2577
2581
2574
2561
2563
2573
2575
2583
2583
2587
2591
2595
2600
2604
2607
2611
2615
2619
2623
2630
2629
2632
2633
2636
2641
2644
2647
2651
2654
2658
2660
2661
2665
2670
2672
2674
2666
2653
2659
2667
2664
2667
2670
2661
2650
2653
2660
2660
2664
2666
2662
2646
2649
2656
2657
2661
2663
2659
2649
2647
2653
2653
2659
2657
2659
2648
2644
2651
2652
2656
2656
2660
2647
2641
2647
2650
2654
2655
2663
2647
2637
2644
2647
2652
2654
2659
2646
2634
2642
2646
2646
2652
2656
2646
2634
2640
2646
2647
2650
2653
2643
2631
2635
2642
2643
2648
2650
2641
2628
2634
2636
2640
2643
2647
2639
2626
2630
2638
2637
2640
2643
2637
2621
2627
2633
2637
2638
2640
2636
2622
2624
2630
2630
2635
2636
2634
2624
2624
2627
2628
2632
2632
2633
2621
2617
2623
2624
2629
2630
2630
2620
2613
2619
2622
2626
2627
2629
2619
2609
2615
2618
2621
2620
2627
2615
2606
2607
2608
2607
2606
2607
2600
2589
2588
2591
2589
2590
2592
2584
2573
2571
2572
2572
2574
2574
2569
2557
2554
2557
2555
2558
2556
2555
2542
2538
2541
2542
2542
2540
2539
2528
2519
2526
2525
2528
2525
2525
2514
2506
2507
2510
2512
2511
2512
2500
2493
2497
2496
2497
2496
2497
2483
2476
2481
2485
2482
2482
2483
2473
2463
2466
2468
2468
2468
2469
2461
2454
2452
2454
2455
2454
2455
2449
2439
2438
2441
2440
2442
2441
2437
2427
2424
2429
2427
2431
2432
2425
2414
2412
2414
2415
2417
2417
2414
2403
2400
2404
2400
2405
2404
2403
2392
2388
2392
2393
2394
2393
2392
2381
2373
2380
2380
2382
2381
2382
2371
2365
2367
2370
2371
2371
2372
2362
2354
2361
2358
2361
2360
2362
2349
2343
2347
2351
2350
2350
2353
2342
2333
2337
2340
2340
2341
2342
2334
2329
2327
2331
2331
2331
2333
2326
2316
2318
2321
2321
2323
2322
2317
2306
2309
2312
2312
2314
2317
2309
2299
2300
2303
2300
2305
2307
2305
2292
2292
2296
2295
2295
2299
2296
2286
2284
2289
2288
2292
2291
2290
2280
2276
2278
2281
2284
2286
2285
2275
2269
2273
2273
2279
2278
2282
2271
2263
2268
2273
2272
2275
2277
2268
2255
2263
2267
2270
2270
2272
2265
2254
2255
2262
2262
2264
2266
2261
2251
2255
2257
2257
2260
2260
2255
2246
2248
2255
2252
2255
2256
2252
2241
2241
2247
2247
2251
2251
2250
2243
2237
2242
2242
2244
2246
2245
2236
2235
2237
2238
2241
2240
2243
2232
2227
2233
2235
2237
2238
2240
2229
2223
2228
2228
2233
2234
2237
2226
2218
2224
2226
2228
2230
2234
2224
2215
2220
2225
2226
2228
2230
2222
2212
2215
2219
2222
2225
2229
2221
2211
2214
2218
2220
2223
2225
2220
2210
2212
2218
2218
2221
2222
2218
2205
2210
2215
2218
2220
2221
2218
2208
2205
2214
2215
2219
2220
2218
2208
2211
2214
2214
2218
2218
2219
2209
2207
2214
2214
2218
2219
2219
2210
2206
2213
2215
2219
2219
2224
2212
2207
2212
2216
2215
2220
2224
2215
2206
2212
2217
2219
2218
2226
2216
2207
2213
2218
2220
2225
2228
2219
2208
2213
2218
2222
2224
2231
2221
2211
2216
2220
2222
2226
2229
2224
2214
2216
2223
2228
2228
2230
2226
2214
2218
2224
2227
2230
2232
2229
2219
2219
2226
2228
2232
2235
2232
2222
2220
2223
2223
2225
2224
2220
2212
2209
2214
2213
2215
2215
2214
2201
2200
2204
2204
2206
2205
2206
2198
2191
2195
2195
2197
2193
2198
2188
2184
2186
2188
2189
2188
2188
2181
2173
2178
2179
2180
2182
2186
2175
2165
2169
2172
2170
2174
2176
2169
2159
2161
2164
2164
2165
2167
2161
2151
2154
2157
2158
2162
2160
2154
2145
2145
2150
2150
2151
2155
2146
2137
2139
2142
2141
2144
2145
2140
2130
2131
2135
2136
2136
2136
2133
2121
2123
2127
2127
2130
2129
2126
2117
2114
2118
2118
2121
2120
2119
2110
2107
2110
2110
2113
2110
2109
2102
2098
2103
2103
2104
2104
2104
2093
2091
2095
2095
2095
2095
2096
2088
2082
2086
2087
2088
2085
2089
2079
2074
2078
2079
2079
2079
2079
2072
2065
2069
2070
2072
2072
2075
2065
2057
2061
2063
2060
2064
2066
2058
2049
2053
2055
2055
2054
2057
2051
2043
2045
2048
2048
2052
2050
2045
2036
2036
2040
2040
2042
2045
2038
2029
2029
2032
2033
2034
2035
2031
2023
2022
2028
2025
2028
2028
2023
2013
2015
2019
2020
2021
2021
2019
2009
2005
2012
2012
2014
2013
2013
2004
2003
2002
2001
2002
1999
1995
1990
1986
1989
1987
1988
1986
1986
1975
1972
1974
1974
1974
1972
1974
1968
1958
1960
1960
1958
1958
1958
1952
1946
1946
1946
1945
1944
1941
1938
1930
1932
1932
1930
1930
1932
1924
1916
1915
1915
1915
1914
1914
1912
1902
1901
1900
1899
1899
1897
1893
1885
1883
1884
1883
1883
1880
1876
1868
1864
1867
1864
1864
1865
1859
1851
1847
1848
1846
1844
1843
1840
1832
1829
1830
1827
1826
1823
1820
1811
1809
1810
1807
1807
1803
1801
1793
1788
1788
1787
1785
1782
1780
1774
1771
1767
1766
1763
1760
1758
1752
1745
1746
1744
1742
1739
1736
1727
1723
1724
1721
1720
1716
1714
1710
1701
1700
1698
1693
1693
1690
1685
1681
1677
1675
1671
1668
1666
1660
1656
1653
1651
1649
1647
1643
1639
1632
1628
1626
1624
1622
1618
1615
1608
1604
1602
1598
1597
1594
1590
1584
1581
1579
1579
1572
1569
1566
1559
1556
1554
1551
1549
1546
1542
1537
1532
1529
1527
1525
1521
1518
1512
1509
1509
1503
1500
1497
1492
1489
1485
1482
1481
1477
1473
1471
1466
1458
1459
1456
1454
1450
1447
1445
1436
1445
1452
1457
1458
1468
1464
1458
1467
1470
1473
1478
1482
1481
1474
1478
1484
1485
1492
1496
1494
1488
1489
1492
1498
1503
1504
1509
1499
1499
1504
1506
1510
1511
1512
1506
1505
1510
1515
1515
1516
1517
1509
1508
1513
1515
1519
1518
1520
1513
1510
1511
1515
1518
1517
1520
1513
1510
1515
1514
1516
1516
1516
1509
1506
1510
1512
1511
1512
1513
1506
1499
1504
1506
1506
1506
1507
1502
1495
1497
1499
1498
1494
1498
1492
1487
1492
1489
1489
1489
1488
1484
1478
1479
1480
1479
1480
1482
1474
1468
1469
1468
1468
1468
1467
1463
1457
1457
1458
1457
1454
1455
1451
1445
1446
1446
1445
1443
1442
1438
1432
1429
1432
1431
1430
1432
1426
1420
1419
1418
1418
1418
1416
1413
1408
1406
1409
1405
1404
1402
1398
1395
1392
1392
1392
1390
1388
1387
1381
1378
1379
1378
1377
1376
1374
1371
1365
1366
1365
1361
1362
1360
1356
1353
1353
1351
1351
1349
1346
1343
1338
1339
1339
1337
1337
1335
1330
1326
1326
1322
1324
1324
1323
1322
1313
1314
1313
1311
1311
1311
1306
1302
1302
1303
1301
1301
1300
1296
1288
1305
1322
1334
1350
1361
1363
1356
1367
1381
1394
1407
1419
1423
1416
1425
1441
1449
1463
1473
1475
1471
1477
1493
1505
1515
1524
1531
1523
1526
1542
1550
1564
1571
1580
1575
1573
1588
1597
1609
1613
1626
1619
1618
1635
1642
1652
1660
1670
1663
1658
1673
1684
1693
1700
1714
1703
1697
1711
1721
1730
1739
1749
1744
1734
1748
1759
1766
1773
1784
1780
1772
1783
1794
1802
1811
1818
1816
1808
1814
1827
1833
1843
1853
1850
1842
1846
1858
1864
1874
1879
1881
1872
1876
1890
1897
1902
1908
1909
1898
1904
1916
1921
1933
1935
1939
1931
1930
1942
1947
1956
1961
1965
1956
1957
1965
1971
1980
1984
1987
1981
1977
1990
1995
2002
2006
2013
2001
1997
2009
2016
2023
2027
2035
2028
2018
2028
2036
2041
2046
2054
2045
2041
2047
2055
2060
2064
2072
2063
2055
2064
2072
2077
2083
2087
2081
2071
2080
2084
2092
2097
2104
2096
2087
2095
2102
2103
2112
2116
2112
2102
2108
2117
2122
2126
2130
2127
2116
2121
2129
2131
2141
2141
2139
2130
2131
2140
2142
2149
2152
2152
2143
2144
2150
2153
2158
2161
2158
2151
2143
2140
2132
2127
2120
2115
2102
2097
2095
2087
2083
2076
2071
2065
2054
2050
2044
2038
2035
2030
2021
2017
2010
2005
2000
1994
1990
1982
1975
1972
1967
1962
1958
1953
1945
1937
1933
1926
1925
1921
1918
1910
1901
1899
1894
1888
1885
1881
1874
1867
1864
1860
1858
1851
1848
1840
1832
1831
1827
1823
1822
1815
1808
1801
1798
1795
1791
1787
1784
1777
1770
1769
1764
1760
1756
1752
1742
1739
1737
1734
1732
1727
1723
1716
1709
1707
1705
1701
1698
1694
1689
1685
1679
1676
1674
1668
1666
1661
1654
1652
1649
1645
1643
1639
1631
1628
1625
1622
1619
1617
1614
1608
1602
1599
1597
1589
1592
1587
1583
1580
1573
1572
1567
1565
1562
1558
1552
1549
1547
1544
1545
1538
1534
1529
1523
1524
1519
1518
1517
1511
1505
1501
1500
1497
1495
1491
1490
1483
1480
1480
1475
1473
1469
1464
1463
1458
1457
1457
1452
1449
1446
1440
1435
1435
1433
1430
1428
1426
1423
1416
1415
1413
1410
1408
1406
1401
1398
1396
1394
1392
1389
1385
1382
1377
1377
1375
1374
1372
1369
1363
1360
1358
1353
1355
1353
1351
1348
1342
1341
1339
1337
1335
1334
1328
1326
1337
1347
1359
1361
1369
1366
1358
1370
1380
1386
1395
1401
1400
1394
1400
1408
1417
1424
1430
1429
1423
1431
1439
1444
1454
1459
1457
1453
1458
1468
1474
1481
1486
1493
1499
1506
1514
1521
1528
1535
1542
1549
1555
1562
1568
1574
1578
1587
1592
1599
1606
1609
1616
1622
1627
1635
1641
1647
1653
1658
1665
1674
1677
1682
1686
1692
1698
1699
1690
1695
1703
1706
1713
1717
1714
1709
1713
1721
1725
1732
1736
1740
1729
1730
1739
1742
1751
1754
1755
1750
1749
1757
1760
1768
1772
1776
1768
1766
1776
1781
1789
1791
1794
1786
1784
1791
1799
1806
1809
1816
1822
1828
1832
1837
1845
1852
1857
1861
1867
1873
1882
1884
1888
1894
1898
1905
1910
1916
1923
1927
1932
1938
1942
1945
1953
1958
1958
1948
1950
1959
1965
1969
1972
1974
1963
1965
1973
1977
1987
1987
1990
1980
1978
1988
1993
1999
2003
2005
1996
1995
2003
2009
2015
2018
2019
2013
2010
2019
2024
2032
2034
2040
2028
2026
2036
2041
2047
2050
2057
2050
2040
2051
2057
2063
2065
2074
2064
2059
2067
2073
2080
2083
2088
2081
2073
2084
2091
2094
2100
2110
2097
2088
2083
2078
2073
2068
2063
2057
2046
2042
2038
2032
2028
2023
2016
2009
2004
2001
1997
1992
1987
1981
1972
1966
1965
1961
1958
1953
1947
1939
1934
1930
1928
1926
1921
1916
1908
1905
1906
1899
1896
1893
1886
1880
1876
1875
1873
1868
1865
1861
1852
1846
1849
1845
1844
1840
1837
1830
1825
1825
1821
1820
1814
1815
1807
1803
1806
1800
1799
1796
1792
1787
1782
1782
1780
1780
1777
1779
1768
1762
1763
1760
1761
1759
1758
1755
1745
1746
1745
1743
1743
1743
1736
1730
1730
1730
1731
1729
1728
1722
1715
1715
1717
1716
1716
1717
1709
1702
1704
1701
1704
1704
1703
1698
1691
1692
1696
1692
1693
1692
1686
1680
1681
1683
1685
1683
1683
1679
1671
1670
1673
1672
1674
1673
1671
1665
1663
1665
1664
1665
1661
1662
1656
1655
1660
1656
1659
1658
1654
1649
1647
1650
1649
1651
1651
1652
1642
1641
1643
1642
1643
1644
1643
1637
1634
1637
1636
1638
1636
1639
1632
1628
1631
1632
1634
1634
1634
1627
1622
1623
1626
1628
1628
1633
1622
1617
1621
1621
1623
1623
1626
1619
1613
1617
1620
1619
1619
1621
1613
1606
1612
1614
1616
1617
1617
1612
1605
1613
1626
1632
1641
1646
1653
1646
1645
1654
1660
1667
1672
1681
1673
1668
1681
1686
1693
1699
1706
1697
1692
1703
1710
1716
1722
1730
1724
1716
1725
1733
1735
1745
1752
1748
1741
1747
1756
1760
1765
1772
1769
1761
1768
1776
1781
1790
1792
1792
1783
1786
1796
1800
1806
1814
1809
1802
1806
1814
1815
1823
1828
1828
1820
1823
1834
1834
1842
1846
1847
1836
1840
1849
1852
1860
1862
1865
1856
1854
1864
1869
1875
1878
1883
1874
1874
1879
1885
1890
1893
1901
1891
1885
1896
1900
1905
1908
1914
1906
1899
1908
1913
1917
1923
1930
1921
1912
1920
1926
1928
1934
1940
1936
1926
1932
1939
1943
1945
1953
1948
1940
1945
1952
1955
1964
1964
1959
1950
1956
1962
1966
1971
1977
1969
1960
1966
1973
1976
1982
1985
1981
1973
1978
1986
1987
1992
1996
1993
1981
1987
1994
1997
2002
2005
2003
1995
1994
2004
2006
2012
2014
2015
2005
2007
2013
2015
2022
2023
2020
2016
2014
2022
2024
2029
2031
2034
2022
2022
2030
2033
2038
2041
2044
2038
2030
2039
2042
2046
2049
2054
2044
2042
2047
2052
2056
2057
2060
2053
2045
2053
2058
2062
2065
2073
2061
2052
2059
2062
2067
2070
2075
2068
2058
2064
2070
2070
2076
2079
2074
2064
2069
2075
2079
2080
2084
2079
2069
2071
2079
2081
2088
2088
2084
2075
2077
2082
2084
2088
2091
2086
2077
2080
2087
2086
2092
2093
2089
2082
2083
2090
2090
2095
2096
2094
2082
2085
2091
2092
2097
2098
2097
2090
2088
2095
2094
2098
2102
2099
2091
2093
2097
2097
2102
2101
2103
2094
2093
2099
2101
2105
2107
2107
2097
2095
2101
2103
2107
2109
2113
2100
2097
2103
2105
2109
2111
2112
2102
2100
2106
2109
2113
2114
2116
2106
2098
2109
2112
2117
2116
2120
2110
2104
2110
2115
2119
2120
2124
2114
2108
2118
2118
2122
2124
2125
2118
2111
2118
2123
2125
2127
2132
2120
2114
2122
2126
2129
2131
2136
2129
2118
2126
2130
2132
2135
2140
2132
2126
2130
2134
2139
2140
2146
2137
2128
2135
2140
2144
2148
2151
2144
2134
2141
2143
2150
2154
2159
2149
2140
2148
2152
2155
2160
2165
2157
2147
2154
2161
2166
2167
2171
2166
2153
2161
2168
2170
2175
2179
2174
2164
2166
2173
2177
2182
2184
2183
2173
2177
2182
2185
2191
2192
2191
2181
2174
2173
2164
2159
2154
2146
2138
2132
2128
2122
2117
2112
2107
2098
2091
2088
2082
2075
2074
2068
2061
2053
2050
2045
2041
2036
2033
2023
2016
2015
2011
2008
2004
1998
1989
1982
1978
1976
1972
1967
1967
1957
1949
1947
1942
1940
1936
1933
1926
1918
1917
1917
1910
1907
1904
1895
1889
1888
1886
1885
1880
1876
1870
1863
1857
1858
1855
1853
1849
1845
1837
1834
1833
1828
1827
1821
1819
1812
1810
1809
1805
1804
1801
1795
1789
1786
1786
1782
1781
1779
1778
1767
1764
1764
1760
1761
1758
1756
1751
1746
1745
1742
1741
1736
1736
1729
1725
1725
1724
1724
1720
1718
1712
1707
1704
1706
1706
1704
1702
1695
1690
1691
1688
1689
1687
1687
1680
1675
1677
1679
1675
1673
1672
1663
1660
1661
1662
1663
1659
1660
1652
1645
1649
1648
1649
1646
1647
1640
1637
1636
1636
1636
1634
1635
1629
1623
1626
1625
1625
1624
1624
1616
1611
1614
1614
1614
1615
1616
1609
1603
1604
1605
1601
1605
1605
1601
1597
1595
1596
1595
1595
1595
1593
1586
1586
1587
1588
1591
1588
1585
1578
1575
1579
1579
1580
1582
1578
1571
1571
1577
1578
1585
1587
1589
1583
1581
1588
1589
1593
1594
1598
1588
1586
1592
1596
1597
1598
1601
1594
1588
1594
1597
1600
1601
1604
1598
1591
1596
1598
1599
1599
1603
1597
1591
1596
1597
1597
1599
1601
1595
1589
1591
1594
1593
1596
1598
1592
1586
1587
1588
1585
1590
1591
1588
1583
1580
1583
1581
1582
1583
1580
1574
1572
1575
1574
1578
1574
1572
1566
1563
1564
1565
1566
1566
1564
1558
1554
1556
1553
1556
1555
1555
1549
1545
1549
1546
1546
1545
1545
1539
1534
1536
1536
1535
1534
1535
1528
1521
1524
1524
1524
1524
1523
1519
1511
1513
1513
1512
1508
1512
1506
1501
1504
1502
1501
1500
1499
1494
1488
1489
1490
1488
1488
1491
1483
1477
1478
1477
1477
1476
1476
1472
1466
1465
1467
1464
1462
1464
1461
1454
1453
1454
1454
1454
1451
1448
1443
1439
1442
1440
1440
1441
1437
1433
1429
1429
1427
1429
1427
1425
1420
1417
1420
1417
1417
1415
1414
1404
1405
1406
1405
1408
1404
1403
1397
1392
1394
1394
1392
1392
1392
1388
1381
1382
1381
1380
1377
1380
1375
1369
1372
1370
1369
1368
1367
1363
1358
1358
1359
1357
1357
1358
1352
1347
1350
1353
1354
1359
1361
1360
1356
1355
1359
1361
1362
1366
1364
1359
1360
1365
1365
1372
1369
1371
1363
1362
1369
1369
1373
1375
1374
1368
1368
1372
1372
1377
1378
1380
1372
1371
1377
1377
1381
1382
1383
1374
1375
1380
1382
1385
1384
1387
1381
1378
1381
1384
1387
1388
1391
1384
1382
1384
1387
1390
1390
1390
1388
1383
1387
1392
1391
1392
1395
1389
1383
1389
1391
1393
1394
1396
1395
1385
1389
1392
1391
1394
1396
1394
1387
1392
1393
1393
1395
1395
1394
1388
1389
1392
1392
1395
1399
1394
1388
1387
1390
1391
1394
1394
1395
1388
1386
1389
1389
1389
1391
1393
1387
1384
1387
1389
1389
1390
1390
1384
1377
1385
1385
1386
1388
1387
1382
1377
1380
1378
1381
1382
1383
1378
1372
1377
1376
1377
1377
1377
1371
1368
1369
1371
1374
1372
1371
1368
1361
1363
1364
1364
1364
1364
1362
1356
1356
1356
1356
1353
1357
1353
1349
1350
1349
1347
1348
1347
1345
1340
1338
1340
1339
1340
1341
1336
1331
1329
1327
1329
1329
1328
1329
1321
1319
1319
1318
1315
1317
1316
1311
1307
1308
1309
1306
1305
1304
1298
1292
1295
1294
1294
1295
1291
1286
1281
1279
1276
1274
1272
1269
1266
1261
1262
1258
1254
1251
1247
1245
1240
1239
1237
1235
1232
1230
1226
1220
1220
1218
1215
1214
1212
1209
1204
1202
1201
1198
1194
1193
1191
1187
1185
1183
1180
1178
1176
1172
1169
1167
1166
1163
1162
1162
1156
1153
1150
1148
1146
1145
1143
1141
1140
1135
1133
1131
1129
1127
1127
1121
1119
1117
1117
1114
1112
1110
1105
1100
1102
1101
1099
1097
1095
1091
1087
1087
1084
1083
1082
1081
1077
1073
1074
1071
1069
1068
1066
1061
1058
1058
1057
1057
1054
1052
1049
1045
1043
1045
1042
1041
1039
1036
1035
1031
1030
1028
1026
1025
1023
1019
1019
1019
1016
1014
1013
1010
1003
1005
1004
1004
1002
1001
1000
995
993
992
990
989
988
986
983
982
980
979
978
976
975
970
969
968
966
966
965
963
959
957
954
954
953
952
952
951
945
944
943
940
941
940
936
933
933
933
931
929
929
924
918
922
921
919
919
917
914
911
909
907
908
907
906
904
901
902
898
897
896
893
891
889
888
887
887
884
883
882
878
874
877
876
876
875
874
873
868
868
868
865
865
865
862
860
862
859
859
857
857
853
852
852
851
850
850
851
845
844
843
841
842
842
840
838
837
835
834
833
830
832
829
826
826
826
827
823
823
821
818
814
816
815
816
814
815
809
809
809
806
806
806
803
801
801
802
799
799
797
795
789
792
792
791
791
790
788
784
784
783
781
782
781
779
777
776
776
773
773
772
768
768
767
767
766
769
764
763
760
757
758
757
757
755
754
755
750
750
749
747
746
747
744
742
743
740
739
738
736
732
733
733
731
731
731
732
727
724
723
722
721
721
720
718
717
714
714
713
712
709
709
707
706
705
705
706
702
700
698
696
696
694
694
693
693
689
688
688
686
683
685
683
680
680
679
681
677
675
674
671
671
671
669
668
669
667
664
662
661
660
659
659
658
656
655
654
654
652
650
646
647
646
645
646
644
642
641
640
636
637
637
636
635
635
635
630
630
629
628
627
627
626
624
624
622
622
622
621
617
618
618
617
615
617
617
614
611
610
609
610
609
609
608
608
606
603
603
604
601
603
600
599
600
599
599
598
597
595
592
594
594
593
593
596
590
589
590
588
589
588
588
586
585
586
585
584
583
583
578
580
580
581
581
579
579
577
575
575
576
576
576
575
574
574
572
572
571
571
569
570
568
569
568
571
568
568
566
561
565
564
564
564
566
565
561
560
560
559
561
560
560
557
558
557
557
556
556
552
553
552
553
553
553
553
552
549
549
548
550
549
548
548
546
545
545
544
545
542
543
542
541
541
541
541
540
540
538
535
537
537
537
536
537
534
534
533
532
529
532
532
529
528
529
532
529
528
527
524
524
525
524
524
524
524
522
520
520
518
519
519
519
517
515
518
516
515
515
511
513
510
511
511
513
510
510
509
506
506
506
506
507
506
505
503
502
502
501
499
501
501
498
500
506
504
507
509
509
504
508
512
513
515
519
519
516
516
519
518
523
525
526
525
527
527
529
531
532
533
531
531
534
536
540
539
540
538
538
537
542
544
545
548
546
544
547
548
548
551
553
550
549
552
556
555
556
559
555
553
557
559
560
562
562
561
558
561
561
564
565
566
566
564
568
567
567
569
569
570
567
568
570
572
572
574
573
570
568
573
573
575
575
574
572
573
575
575
576
577
577
575
577
580
578
579
579
579
577
577
579
579
581
583
581
579
578
579
577
583
582
583
580
582
581
581
582
582
583
581
579
581
582
585
583
584
582
579
579
583
583
584
584
583
580
581
582
581
583
585
582
580
581
584
583
583
584
582
579
581
582
583
584
583
582
579
580
578
582
583
583
582
580
582
581
581
581
579
582
579
580
581
581
582
582
581
576
579
580
580
581
582
583
578
578
580
578
581
581
582
579
578
574
572
569
567
560
562
561
559
556
554
554
550
547
545
542
541
539
537
535
534
531
529
528
526
521
522
520
518
517
516
516
512
510
508
504
505
504
503
502
503
498
496
495
493
492
491
490
489
487
488
486
484
484
483
478
480
479
478
477
479
477
475
474
472
473
472
472
471
471
471
469
469
468
467
465
467
465
465
466
469
466
465
466
463
463
463
464
465
465
467
462
462
463
463
462
466
467
464
464
469
466
467
468
468
467
466
467
468
470
472
473
472
469
471
470
473
475
477
477
477
477
479
480
481
483
483
481
483
486
489
489
490
491
487
486
493
495
497
499
501
498
499
502
502
506
508
509
508
508
514
513
517
517
519
518
518
522
524
528
529
531
529
528
529
535
538
540
543
541
540
545
547
549
549
554
552
551
555
560
561
563
566
564
560
566
570
572
575
579
578
574
577
581
581
586
590
589
586
591
593
595
598
600
598
599
598
601
601
603
603
604
600
600
599
603
604
604
606
601
601
603
604
603
604
604
603
600
602
604
604
603
603
601
595
600
601
600
601
604
598
596
597
595
595
596
597
594
592
594
593
592
592
591
586
587
587
587
587
587
584
583
581
578
580
579
578
578
576
575
573
573
571
571
566
567
566
564
564
563
562
560
559
555
555
554
552
552
551
552
547
545
544
540
541
539
538
536
539
534
531
530
528
525
526
524
522
521
520
517
516
514
512
507
509
507
506
504
505
500
499
497
496
494
492
490
489
487
488
484
482
480
479
475
475
473
472
471
469
467
466
464
459
460
459
457
456
455
456
451
450
448
445
445
444
442
441
442
438
436
435
433
432
431
429
428
427
428
424
423
421
419
418
416
416
415
414
412
410
409
408
405
405
405
404
401
401
400
398
396
396
393
394
392
389
389
389
387
385
385
383
380
381
380
378
378
377
377
374
373
372
368
372
372
372
373
374
371
371
371
371
368
371
371
370
369
370
368
368
368
368
365
366
366
366
365
367
364
363
362
361
360
361
361
359
359
360
357
357
356
356
353
355
353
353
352
354
350
350
348
347
346
345
346
345
344
345
342
341
340
339
335
337
337
336
335
337
333
332
332
330
330
329
328
327
327
328
324
324
322
321
316
320
318
318
318
319
316
314
313
312
312
311
310
309
308
310
306
305
304
303
301
302
301
300
299
302
297
296
296
294
294
293
293
291
290
293
289
288
286
285
284
284
283
282
282
282
280
279
278
277
276
276
275
274
274
275
272
271
270
269
266
268
266
267
265
268
264
263
262
260
260
260
259
258
258
260
255
255
254
253
252
252
252
250
250
252
249
248
247
245
244
245
243
243
243
244
241
241
240
239
235
237
237
236
235
236
233
233
232
232
228
231
230
229
229
229
227
227
226
225
222
225
228
231
233
236
238
240
242
243
242
248
250
252
254
257
258
259
261
262
260
265
268
270
272
275
275
276
279
279
279
282
283
282
282
287
286
287
289
289
284
288
290
291
293
296
295
294
293
294
293
298
298
299
299
298
299
300
302
303
301
303
301
303
304
307
307
308
307
305
303
308
310
309
311
312
309
309
311
312
311
313
313
313
312
316
315
316
316
316
315
315
317
317
318
320
319
318
317
318
316
320
321
321
320
322
321
321
322
322
323
322
320
322
323
326
324
324
323
323
321
324
325
325
326
327
323
324
326
325
327
328
327
325
326
329
327
328
328
327
324
327
328
328
329
333
329
327
327
328
329
330
330
329
328
331
329
329
330
330
327
332
332
332
333
336
335
335
336
337
333
337
337
337
338
339
339
340
340
340
338
341
342
343
343
345
343
343
344
345
341
342
342
343
344
345
345
344
343
342
341
343
344
343
344
344
341
341
341
340
337
339
339
337
337
338
336
335
335
334
329
333
333
332
332
334
331
329
329
330
325
329
329
328
327
328
327
326
326
327
323
325
325
326
326
329
327
326
325
324
325
326
326
326
326
327
324
325
326
326
326
327
326
326
327
330
329
328
329
326
327
328
328
329
330
334
329
329
330
330
332
333
334
332
333
333
335
335
336
335
336
336
337
338
340
341
341
340
340
339
342
343
344
346
346
344
345
347
347
347
350
351
350
350
353
356
355
355
356
353
356
357
359
361
363
362
359
361
364
363
366
367
368
367
368
373
371
373
374
375
372
374
376
378
380
380
383
380
380
381
385
386
387
389
388
389
389
391
393
392
397
395
394
397
399
400
402
403
402
398
404
405
407
409
412
412
407
409
412
410
415
417
416
415
419
419
420
422
424
420
420
423
425
427
430
431
430
428
429
428
434
435
437
437
438
436
439
439
441
443
443
442
443
447
452
453
455
457
454
456
461
463
467
469
472
469
469
473
474
479
481
485
482
481
489
489
492
494
496
494
494
498
501
504
506
509
507
504
507
512
514
517
520
518
519
520
523
525
527
530
530
527
530
534
536
538
541
540
536
541
544
545
548
550
554
549
550
554
553
558
559
560
557
560
562
563
567
568
567
566
566
570
571
575
579
576
575
573
575
579
581
582
585
585
581
585
586
587
589
591
589
587
590
594
594
595
597
595
589
596
598
598
601
606
602
598
601
602
603
606
607
607
603
606
607
608
610
611
608
608
608
611
613
617
613
613
611
612
614
614
616
617
618
616
614
616
617
617
617
619
617
616
619
620
621
621
621
617
618
620
621
622
621
626
620
619
621
621
623
623
624
622
621
621
622
622
623
622
622
620
621
622
624
627
624
622
619
619
622
622
623
624
623
619
620
621
620
619
622
620
618
619
620
623
620
621
619
615
615
613
611
609
608
606
602
601
599
596
596
595
593
591
589
589
586
584
584
582
576
578
577
575
575
574
572
571
569
567
567
566
565
565
563
563
560
560
559
558
554
557
554
553
554
553
553
552
550
547
548
548
547
547
547
549
544
543
543
541
543
542
542
540
539
540
539
540
539
537
537
535
536
536
537
539
536
535
532
533
531
534
534
535
533
534
532
532
532
532
533
532
530
530
532
533
531
531
530
527
525
530
529
530
530
532
527
527
528
528
529
529
528
526
527
529
527
528
528
527
524
525
526
526
527
530
527
525
523
524
525
526
526
526
524
525
524
524
525
524
522
523
521
521
523
524
523
522
521
518
520
521
521
521
521
522
516
518
518
516
518
518
516
514
517
515
515
514
515
510
511
511
512
511
512
512
509
508
508
506
508
507
507
506
506
504
503
503
502
500
502
500
499
499
499
499
498
497
495
491
491
489
488
486
487
483
481
479
477
473
474
472
471
469
468
468
464
463
461
458
457
456
454
453
454
449
448
446
444
439
441
439
438
437
435
436
432
430
429
425
426
425
422
422
421
418
417
415
413
409
410
409
407
407
405
406
402
400
399
397
394
395
393
391
390
389
388
386
385
381
382
381
379
378
377
378
373
372
371
370
369
367
366
365
365
362
361
360
358
355
356
355
353
351
351
350
348
347
345
342
343
342
340
340
338
338
336
335
334
330
331
330
329
327
327
329
324
323
322
320
320
319
318
316
316
315
314
312
311
308
309
307
306
305
306
303
302
302
301
298
298
297
296
296
296
293
292
291
291
287
289
288
287
286
286
285
284
284
282
279
281
281
280
280
282
279
279
277
276
274
277
277
276
277
276
275
275
276
275
272
274
274
274
275
277
275
275
276
274
274
275
276
276
277
280
276
276
278
278
276
280
280
279
278
280
276
275
273
273
270
271
269
269
268
269
266
265
263
264
258
261
260
259
259
259
257
255
254
253
252
252
251
250
249
249
250
246
246
245
244
240
243
242
240
240
242
238
238
237
236
233
234
235
233
232
233
230
229
229
228
224
226
227
225
225
226
223
222
222
221
218
219
219
218
217
217
218
216
215
214
212
213
213
212
212
212
212
211
210
209
207
209
208
207
208
208
206
206
206
205
204
205
205
204
204
205
203
204
204
202
202
202
203
203
203
203
206
202
203
202
202
203
200
200
202
202
205
202
202
203
201
201
202
203
203
204
206
203
203
204
202
201
205
205
205
205
208
205
207
207
207
207
206
207
207
209
212
210
209
209
210
208
211
212
213
212
213
213
214
214
215
213
216
215
215
217
219
219
220
219
219
217
220
222
222
224
225
223
223
225
225
223
227
228
227
228
230
230
232
232
233
231
233
233
236
240
245
247
250
253
256
257
262
266
269
271
276
277
280
282
285
284
291
293
296
299
304
306
306
309
311
312
317
320
322
320
322
322
325
327
329
332
334
336
338
342
345
346
348
350
351
355
356
359
360
363
368
366
368
370
372
374
376
378
380
383
384
385
388
385
383
387
389
391
393
393
398
398
400
401
402
403
406
408
409
412
412
414
415
416
416
419
421
422
424
426
430
428
429
430
431
433
434
433
431
434
435
436
437
437
433
434
436
438
439
440
444
442
443
444
444
446
448
448
450
451
451
452
453
454
452
456
457
458
458
459
463
460
462
462
461
463
464
465
463
462
462
463
463
463
461
465
466
467
467
467
469
467
467
468
467
469
468
469
469
471
470
470
470
470
468
471
471
471
472
474
471
472
469
467
464
468
468
468
468
469
464
464
465
463
464
465
462
460
461
463
460
460
460
458
453
457
457
456
457
459
454
453
453
452
452
453
453
453
453
454
453
453
453
453
450
453
452
453
453
454
453
453
453
453
450
453
454
454
454
454
457
454
454
452
450
451
453
452
453
454
453
453
453
453
452
455
456
455
456
457
458
457
458
458
456
459
459
460
461
463
462
462
463
463
461
465
465
466
466
465
466
464
464
465
465
466
467
468
469
470
470
471
472
472
472
474
475
476
477
477
480
478
479
480
481
479
483
484
485
486
489
487
486
485
484
484
487
489
488
488
488
487
488
488
489
487
490
488
488
489
493
491
493
492
489
489
492
492
494
494
497
493
492
494
494
492
497
498
496
495
500
498
499
500
501
498
497
500
500
503
505
504
502
501
502
502
505
506
507
506
504
505
508
509
506
510
509
507
509
512
516
513
516
513
510
510
514
516
517
520
517
515
516
518
518
521
522
521
518
520
525
523
525
526
524
522
525
527
528
529
531
529
527
525
521
521
520
518
517
515
513
512
510
508
504
505
502
502
500
501
497
496
494
492
487
491
489
487
486
485
483
482
481
480
476
477
478
476
476
477
474
473
472
471
471
470
470
469
469
469
467
467
466
465
461
464
464
463
463
465
462
462
461
459
456
458
458
458
458
458
455
454
454
453
452
453
454
452
450
451
452
452
451
451
448
448
449
449
449
450
452
448
445
447
447
448
449
448
447
446
447
447
448
448
448
447
445
447
448
450
452
450
448
446
447
448
449
450
451
450
448
449
450
451
450
453
451
449
451
453
456
454
456
454
451
454
456
457
458
459
459
457
457
459
459
462
463
462
459
461
466
464
466
467
466
462
466
468
469
471
473
472
469
470
471
474
476
477
477
475
478
480
479
481
482
480
481
481
484
485
490
489
489
487
486
490
491
493
495
496
496
492
495
497
499
497
503
500
499
503
504
506
507
509
506
504
502
500
498
497
498
492
489
488
486
485
482
480
480
478
475
473
471
469
464
466
463
462
460
458
459
454
453
451
448
447
446
444
442
442
439
437
435
434
429
431
429
427
425
425
422
420
419
418
413
414
413
411
410
410
407
405
404
402
398
399
398
396
395
394
394
391
390
389
385
385
384
384
382
381
381
378
377
376
374
374
373
372
371
370
371
368
367
366
364
362
364
364
363
363
365
362
361
360
359
359
359
359
358
358
359
357
357
356
356
353
356
356
356
356
358
356
355
354
354
352
354
354
354
354
353
352
352
353
352
351
352
351
352
353
354
353
353
353
351
349
353
352
352
353
355
352
352
353
353
352
355
354
353
353
356
353
356
356
356
351
354
356
356
357
359
358
357
356
358
356
359
360
360
359
359
359
360
361
361
359
360
361
361
362
365
364
364
362
362
361
365
366
366
367
366
365
366
366
367
367
369
367
366
372
376
381
381
384
387
390
390
396
400
403
405
412
411
414
416
419
420
423
426
429
431
434
436
437
439
441
441
446
448
450
448
449
449
452
453
455
453
458
460
461
465
466
469
469
470
471
471
474
476
477
477
481
480
481
482
483
483
484
486
487
487
490
490
491
492
492
490
494
495
495
494
495
492
494
495
494
494
495
497
497
497
500
498
499
500
500
497
501
501
501
502
504
503
503
502
503
500
503
503
504
504
505
507
505
504
505
503
503
501
502
502
503
503
502
503
502
500
503
502
504
504
504
508
504
504
504
504
505
505
505
507
506
505
506
505
506
504
506
506
506
507
507
510
507
507
505
502
504
504
505
505
506
506
506
506
506
504
507
507
508
509
509
514
509
509
510
510
511
511
512
513
513
514
515
515
515
514
515
513
513
514
514
518
516
516
517
517
518
519
521
521
523
525
524
525
525
521
522
522
523
524
523
528
525
525
525
525
526
527
528
529
529
533
530
531
528
527
528
529
529
530
530
530
527
528
529
530
528
531
529
526
529
530
531
531
532
529
527
530
532
533
533
534
533
530
532
532
533
532
535
533
532
534
538
536
537
538
534
534
536
538
539
540
543
538
537
540
540
539
542
544
541
541
547
544
545
545
546
545
543
545
547
549
552
551
547
547
550
548
552
554
554
552
555
554
555
557
558
558
556
556
558
562
563
562
563
560
561
561
565
567
567
568
569
566
569
570
573
574
574
571
572
575
577
579
580
580
577
576
581
582
584
587
589
583
584
588
588
589
593
593
590
592
596
596
599
599
598
594
598
601
604
606
610
607
604
606
607
611
613
615
615
612
615
617
618
621
623
619
620
622
625
627
632
631
630
628
629
633
635
637
639
638
636
639
641
643
646
647
647
644
646
650
653
654
656
655
651
650
654
655
655
656
657
658
652
652
653
651
655
655
654
651
654
653
653
654
654
651
651
650
653
653
655
657
654
652
651
651
652
654
654
655
654
651
652
653
654
651
655
653
651
653
655
659
656
657
654
651
653
656
656
657
659
656
653
655
657
654
658
660
658
655
657
661
659
660
661
658
655
658
660
661
662
663
662
659
660
660
662
664
665
664
662
665
664
664
667
667
663
664
664
666
668
669
669
670
667
665
669
670
672
672
674
673
670
672
673
674
673
677
674
673
676
677
679
680
681
677
677
679
681
683
683
688
683
682
683
685
683
688
690
687
685
690
690
691
693
694
690
689
693
694
696
699
700
697
694
698
698
702
703
705
703
701
703
705
707
708
707
709
705
708
711
713
718
716
715
712
713
715
717
721
722
723
718
719
722
724
724
728
729
726
725
731
733
732
734
735
730
729
735
737
739
741
742
738
738
742
740
746
747
749
745
745
754
754
759
761
762
761
761
766
770
776
776
780
776
776
778
785
788
791
794
790
792
794
797
801
802
806
801
802
807
813
814
816
818
814
814
820
822
825
827
830
826
826
831
832
834
839
840
836
836
844
844
847
848
850
846
846
852
854
857
859
861
856
856
861
860
867
868
869
866
866
871
872
876
876
878
873
875
879
881
886
886
886
882
883
884
889
893
895
896
891
892
896
897
898
902
903
898
900
904
909
908
911
911
905
907
912
913
917
920
917
914
914
919
918
924
925
925
921
922
929
927
931
932
931
927
929
933
935
940
939
939
935
936
940
941
944
946
945
941
943
946
947
950
950
951
947
948
953
954
956
958
957
951
954
957
959
961
962
963
960
959
963
964
965
968
966
962
965
971
969
971
974
971
964
969
972
973
976
978
979
972
973
977
977
980
982
980
975
980
980
982
983
985
984
979
981
985
986
989
991
987
983
984
985
988
989
991
989
988
986
989
989
990
993
991
986
989
991
991
994
993
991
986
986
991
992
993
995
992
988
989
992
991
993
995
992
989
990
994
993
994
995
991
985
990
992
993
995
995
992
987
990
988
993
994
995
991
987
991
991
992
992
993
986
986
988
989
991
992
992
988
985
985
988
989
990
991
988
984
985
987
986
986
989
985
982
984
985
985
986
987
982
979
981
982
983
985
986
981
977
979
980
978
982
983
979
975
978
978
978
979
979
977
973
974
976
976
978
978
974
970
972
970
974
974
975
972
971
969
970
971
971
972
970
965
967
968
969
973
970
968
963
962
966
967
967
968
968
961
962
964
962
964
965
962
959
961
962
962
963
964
960
953
959
961
961
963
963
960
956
957
957
960
960
961
959
955
957
959
959
961
960
955
954
956
958
959
960
960
959
954
952
957
958
960
961
958
957
956
958
959
959
959
959
955
953
954
950
949
948
945
938
940
939
938
937
936
936
929
928
928
925
922
925
922
919
918
919
917
916
915
912
910
908
909
907
906
907
905
901
900
900
897
900
899
897
894
896
894
893
894
892
891
888
887
888
888
888
890
887
883
881
881
882
883
882
882
882
876
878
878
878
878
878
875
873
874
875
877
875
875
871
868
871
871
872
872
875
868
867
868
868
869
869
870
866
864
867
870
868
868
869
864
862
865
866
867
869
867
863
861
863
861
865
866
867
864
860
866
863
864
865
865
863
859
862
863
866
865
866
862
859
859
863
864
864
867
863
861
862
863
864
865
864
864
860
863
866
867
867
868
868
868
872
874
875
877
879
881
882
883
884
886
887
889
890
891
893
898
896
898
899
901
900
906
906
907
909
911
914
906
905
907
908
911
912
914
909
909
912
910
913
914
912
911
910
913
914
917
920
919
920
919
915
917
927
931
937
945
951
956
961
967
971
979
984
989
995
1000
1006
1010
1014
1019
1025
1027
1034
1038
1044
1049
1053
1057
1061
1066
1069
1071
1068
1068
1074
1076
1082
1086
1086
1081
1081
1086
1091
1096
1098
1101
1098
1095
1101
1105
1109
1111
1115
1110
1108
1114
1119
1125
1125
1128
1123
1119
1127
1130
1134
1137
1146
1135
1133
1138
1142
1146
1149
1153
1148
1143
1150
1157
1158
1161
1164
1159
1154
1160
1165
1168
1173
1175
1171
1166
1171
1172
1178
1181
1185
1182
1177
1182
1185
1187
1192
1192
1189
1187
1190
1195
1199
1201
1203
1203
1197
1196
1204
1206
1210
1212
1213
1208
1208
1213
1215
1219
1218
1222
1217
1216
1223
1225
1229
1231
1234
1227
1225
1231
1235
1239
1240
1245
1239
1235
1241
1245
1246
1251
1256
1250
1247
1251
1256
1259
1262
1264
1262
1257
1262
1267
1271
1277
1279
1276
1271
1275
1277
1283
1287
1291
1292
1283
1287
1293
1296
1298
1305
1304
1298
1302
1308
1312
1316
1320
1320
1313
1312
1323
1326
1332
1337
1336
1329
1331
1338
1341
1347
1350
1353
1347
1347
1357
1358
1365
1366
1370
1361
1360
1356
1353
1352
1345
1342
1338
1334
1331
1329
1325
1323
1320
1317
1316
1312
1309
1307
1303
1298
1299
1296
1294
1294
1290
1288
1286
1285
1279
1280
1279
1277
1275
1274
1273
1266
1262
1262
1260
1256
1258
1257
1251
1249
1247
1246
1246
1243
1241
1238
1235
1233
1235
1234
1234
1233
1228
1224
1224
1221
1225
1223
1224
1220
1214
1216
1216
1216
1214
1216
1212
1208
1209
1210
1210
1210
1211
1207
1202
1202
1205
1205
1207
1208
1204
1199
1199
1202
1201
1203
1204
1201
1196
1198
1201
1202
1202
1203
1200
1194
1197
1199
1200
1202
1206
1202
1197
1197
1199
1201
1204
1204
1204
1199
1199
1206
1203
1206
1207
1206
1202
1202
1204
1207
1212
1211
1211
1206
1203
1208
1210
1213
1214
1215
1211
1210
1213
1214
1217
1217
1221
1215
1213
1217
1222
1222
1223
1226
1220
1217
1221
1225
1228
1229
1232
1229
1224
1228
1230
1231
1235
1238
1233
1229
1234
1236
1239
1240
1241
1240
1236
1238
1243
1245
1249
1249
1246
1240
1244
1245
1250
1253
1256
1253
1245
1250
1254
1256
1258
1261
1257
1252
1257
1261
1266
1265
1269
1265
1257
1264
1272
1276
1281
1286
1287
1282
1280
1284
1291
1296
1299
1305
1298
1295
1301
1306
1310
1313
1317
1314
1308
1316
1322
1325
1329
1333
1330
1323
1330
1336
1339
1344
1349
1345
1341
1344
1351
1354
1358
1362
1361
1355
1360
1368
1369
1373
1377
1374
1369
1374
1381
1383
1389
1394
1396
1385
1388
1396
1397
1404
1407
1409
1402
1406
1410
1413
1420
1421
1426
1420
1418
1426
1430
1435
1442
1442
1435
1434
1441
1444
1452
1454
1459
1454
1450
1458
1463
1468
1471
1474
1467
1467
1475
1480
1489
1489
1493
1485
1484
1493
1498
1505
1508
1512
1502
1504
1512
1516
1524
1528
1533
1525
1524
1534
1540
1545
1549
1553
1545
1541
1554
1560
1567
1573
1575
1568
1566
1575
1582
1589
1593
1600
1593
1588
1600
1605
1611
1616
1624
1614
1611
1621
1630
1639
1642
1649
1642
1634
1644
1654
1660
1665
1673
1666
1661
1670
1678
1683
1690
1694
1690
1683
1695
1703
1709
1715
1723
1713
1708
1720
1729
1735
1742
1749
1746
1735
1746
1755
1759
1767
1775
1768
1761
1771
1780
1786
1793
1798
1796
1788
1797
1807
1812
1820
1829
1824
1815
1823
1832
1838
1846
1853
1849
1839
1855
1871
1860
1849
1853
1874
1891
1905
1917
1933
1928
1915
1938
1954
1965
1976
1994
1990
1981
1998
2015
2026
2041
2051
2052
2042
2056
2074
2085
2098
2113
2109
2098
2111
2127
2139
2154
2166
2169
2156
2164
2185
2192
2208
2218
2224
2213
2217
2236
2246
2264
2269
2276
2265
2265
2285
2296
2311
2322
2329
2318
2314
2333
2344
2357
2366
2377
2364
2360
2379
2394
2403
2412
2426
2412
2404
2423
2436
2449
2456
2469
2460
2446
2465
2479
2488
2499
2511
2503
2490
2509
2521
2529
2541
2548
2546
2534
2546
2561
2568
2580
2589
2584
2574
2583
2598
2607
2618
2627
2626
2613
2619
2635
2641
2651
2662
2662
2652
2655
2671
2677
2689
2696
2699
2685
2688
2704
2710
2723
2731
2734
2721
2720
2736
2740
2755
2762
2771
2754
2751
2767
2774
2787
2790
2802
2787
2780
2796
2806
2817
2822
2833
2819
2807
2820
2834
2843
2853
2860
2848
2834
2848
2861
2868
2875
2885
2874
2860
2874
2889
2893
2901
2910
2900
2884
2898
2911
2916
2925
2933
2939
2945
2955
2964
2974
2980
2987
2995
3003
3014
3018
3026
3032
3037
3047
3051
3062
3066
3073
3079
3072
3058
3062
3078
3080
3090
3099
3108
3117
3123
3130
3137
3142
3147
3144
3129
3134
3146
3150
3158
3162
3160
3146
3146
3159
3162
3172
3176
3177
3159
3158
3170
3174
3182
3186
3189
3171
3168
3181
3184
3192
3196
3201
3185
3177
3190
3195
3203
3208
3209
3192
3185
3195
3202
3210
3216
3221
3203
3192
3202
3210
3215
3218
3227
3210
3197
3208
3216
3220
3225
3232
3217
3199
3213
3222
3224
3230
3235
3223
3205
3216
3225
3228
3233
3239
3228
3212
3222
3227
3230
3236
3240
3230
3215
3224
3230
3233
3238
3243
3232
3216
3224
3232
3234
3239
3244
3235
3217
3225
3233
3235
3240
3246
3237
3218
3226
3234
3236
3240
3245
3233
3218
3226
3234
3237
3242
3249
3237
3221
3227
3233
3237
3243
3247
3236
3220
3227
3234
3237
3243
3248
3238
3222
3227
3235
3239
3241
3247
3237
3220
3222
3234
3238
3242
3247
3236
3220
3226
3234
3236
3241
3245
3236
3220
3226
3235
3236
3242
3246
3236
3222
3226
3234
3235
3241
3245
3237
3222
3224
3234
3235
3242
3244
3242
3227
3224
3234
3235
3240
3241
3240
3227
3224
3234
3235
3241
3244
3244
3227
3223
3232
3236
3242
3245
3246
3229
3219
3227
3229
3234
3236
3236
3219
3210
3216
3220
3224
3223
3229
3212
3198
3208
3212
3214
3215
3219
3204
3187
3199
3203
3206
3207
3211
3197
3180
3189
3194
3197
3199
3204
3191
3177
3184
3189
3190
3194
3195
3185
3170
3177
3182
3185
3188
3189
3181
3166
3171
3178
3179
3183
3186
3180
3161
3165
3173
3173
3177
3181
3176
3158
3161
3168
3167
3171
3175
3168
3152
3155
3162
3163
3169
3171
3167
3152
3150
3155
3159
3164
3165
3162
3147
3144
3150
3154
3159
3161
3158
3142
3141
3149
3151
3155
3156
3155
3139
3135
3144
3149
3151
3152
3154
3137
3131
3140
3143
3148
3149
3152
3137
3128
3136
3140
3144
3145
3145
3133
3124
3132
3135
3139
3140
3138
3125
3118
3127
3130
3136
3136
3139
3124
3115
3123
3125
3127
3130
3133
3117
3110
3118
3121
3123
3127
3131
3116
3105
3114
3117
3121
3124
3126
3111
3099
3104
3110
3116
3117
3123
3106
3094
3099
3106
3109
3111
3116
3100
3089
3097
3104
3105
3106
3109
3093
3083
3091
3098
3098
3099
3104
3090
3076
3085
3089
3092
3095
3099
3087
3074
3079
3084
3086
3088
3088
3082
3068
3073
3078
3081
3083
3084
3077
3063
3067
3074
3075
3080
3084
3076
3059
3064
3071
3071
3078
3082
3075
3058
3063
3070
3070
3077
3080
3072
3057
3061
3069
3069
3078
3079
3070
3056
3059
3067
3069
3076
3077
3069
3054
3058
3063
3068
3072
3077
3069
3054
3058
3067
3071
3074
3077
3071
3055
3059
3067
3071
3074
3078
3072
3056
3059
3068
3068
3075
3077
3073
3058
3061
3068
3070
3076
3077
3073
3060
3062
3069
3071
3078
3080
3075
3062
3062
3072
3073
3080
3085
3083
3070
3065
3074
3076
3082
3085
3086
3074
3066
3076
3080
3086
3089
3096
3103
3108
3113
3119
3126
3133
3137
3142
3146
3152
3154
3163
3167
3171
3176
3182
3188
3191
3197
3203
3208
3214
3219
3223
3229
3232
3232
3215
3211
3217
3223
3231
3229
3235
3219
3210
3217
3225
3230
3233
3240
3222
3210
3222
3227
3232
3235
3241
3225
3212
3223
3230
3233
3239
3244
3230
3217
3225
3233
3235
3242
3247
3237
3225
3226
3237
3240
3245
3251
3242
3229
3232
3242
3244
3250
3256
3259
3266
3274
3280
3285
3291
3298
3304
3308
3313
3317
3322
3329
3334
3338
3342
3347
3353
3357
3364
3368
3374
3378
3385
3392
3396
3400
3379
3368
3376
3381
3381
3383
3383
3363
3358
3366
3365
3370
3369
3367
3350
3345
3352
3352
3358
3355
3357
3340
3330
3335
3340
3344
3342
3346
3329
3315
3322
3326
3328
3329
3332
3316
3301
3309
3312
3313
3314
3316
3299
3287
3295
3297
3298
3299
3300
3290
3274
3278
3283
3282
3284
3286
3279
3261
3261
3266
3265
3268
3270
3262
3246
3246
3251
3249
3252
3253
3246
3230
3229
3235
3233
3237
3236
3231
3215
3213
3214
3216
3220
3218
3214
3198
3194
3198
3198
3201
3200
3197
3182
3176
3181
3183
3183
3181
3180
3164
3154
3162
3164
3165
3163
3163
3147
3136
3145
3145
3147
3145
3146
3130
3121
3127
3126
3127
3126
3126
3113
3101
3106
3108
3108
3108
3107
3097
3082
3087
3089
3089
3089
3091
3084
3066
3068
3071
3068
3071
3071
3066
3049
3048
3053
3049
3053
3052
3045
3031
3029
3033
3032
3037
3033
3028
3015
3009
3014
3013
3018
3013
3011
2997
2989
2995
2994
2996
2994
2994
2980
2971
2978
2976
2977
2976
2977
2962
2952
2959
2959
2958
2958
2959
2947
2933
2938
2940
2940
2940
2941
2933
2917
2920
2922
2921
2923
2923
2917
2900
2901
2905
2903
2906
2906
2900
2886
2885
2890
2890
2895
2892
2884
2871
2869
2877
2876
2879
2878
2872
2859
2855
2863
2861
2865
2864
2860
2847
2845
2852
2849
2851
2850
2847
2835
2831
2839
2836
2838
2838
2835
2823
2818
2823
2823
2826
2825
2826
2815
2805
2810
2811
2813
2813
2816
2803
2792
2798
2800
2801
2798
2804
2792
2781
2786
2788
2790
2791
2792
2778
2768
2774
2773
2777
2779
2782
2769
2757
2762
2763
2766
2767
2769
2758
2746
2751
2755
2755
2755
2757
2747
2731
2740
2743
2744
2744
2747
2738
2722
2729
2732
2733
2734
2735
2726
2715
2718
2721
2722
2723
2722
2715
2704
2710
2711
2713
2713
2713
2706
2695
2697
2702
2701
2703
2705
2697
2685
2687
2691
2688
2693
2695
2692
2676
2677
2681
2679
2683
2684
2678
2666
2667
2672
2672
2674
2673
2669
2656
2655
2662
2662
2668
2666
2663
2650
2648
2653
2653
2656
2656
2651
2640
2639
2647
2642
2646
2645
2639
2629
2628
2635
2632
2635
2637
2632
2619
2619
2623
2623
2626
2626
2623
2613
2608
2614
2613
2614
2615
2613
2603
2598
2603
2603
2605
2602
2607
2608
2609
2612
2616
2602
2594
2602
2608
2613
2619
2622
2631
2637
2642
2647
2652
2657
2661
2666
2671
2676
2681
2686
2691
2695
2701
2705
2710
2713
2715
2721
2723
2713
2702
2710
2714
2716
2719
2723
2710
2701
2709
2712
2716
2719
2723
2711
2698
2703
2711
2715
2716
2720
2708
2696
2701
2709
2711
2713
2717
2706
2694
2702
2706
2708
2710
2714
2700
2691
2698
2705
2705
2708
2709
2700
2689
2694
2699
2700
2703
2706
2698
2684
2689
2695
2695
2695
2702
2695
2685
2684
2690
2691
2693
2696
2690
2679
2678
2684
2685
2690
2694
2686
2673
2673
2678
2680
2683
2687
2680
2667
2667
2672
2673
2677
2679
2671
2660
2661
2667
2668
2669
2672
2670
2652
2655
2661
2663
2664
2664
2661
2647
2646
2652
2653
2656
2656
2654
2642
2639
2645
2645
2647
2645
2645
2632
2634
2636
2636
2639
2639
2637
2624
2623
2628
2628
2631
2632
2631
2616
2614
2619
2617
2622
2622
2622
2607
2605
2610
2608
2613
2613
2611
2599
2596
2601
2602
2604
2604
2601
2589
2582
2592
2593
2598
2594
2593
2582
2576
2583
2583
2586
2588
2583
2572
2570
2575
2574
2577
2577
2570
2562
2561
2569
2565
2569
2569
2566
2555
2550
2551
2549
2549
2547
2546
2534
2527
2530
2528
2524
2525
2525
2517
2506
2509
2509
2507
2507
2507
2497
2487
2489
2491
2491
2490
2489
2480
2469
2470
2473
2472
2474
2473
2465
2455
2455
2455
2456
2457
2457
2451
2440
2441
2445
2441
2443
2442
2434
2426
2426
2429
2427
2428
2428
2423
2410
2411
2415
2414
2415
2415
2417
2421
2418
2419
2420
2420
2422
2423
2425
2425
2426
2426
2427
2423
2426
2427
2428
2430
2430
2431
2435
2433
2434
2434
2433
2435
2435
2433
2420
2418
2421
2419
2421
2420
2417
2406
2404
2408
2407
2408
2407
2404
2393
2388
2395
2394
2399
2394
2394
2385
2379
2382
2382
2384
2382
2384
2373
2367
2374
2372
2373
2371
2371
2362
2355
2361
2360
2361
2360
2362
2350
2343
2347
2349
2350
2349
2352
2343
2332
2336
2338
2337
2339
2340
2333
2323
2326
2328
2327
2326
2330
2322
2313
2315
2317
2318
2323
2319
2313
2303
2303
2308
2307
2310
2310
2305
2295
2296
2296
2299
2302
2301
2298
2288
2287
2294
2291
2293
2293
2289
2281
2279
2285
2283
2286
2286
2284
2273
2272
2277
2277
2281
2280
2281
2274
2266
2271
2271
2273
2275
2278
2267
2261
2272
2279
2286
2288
2299
2288
2281
2292
2299
2307
2313
2318
2308
2301
2309
2318
2325
2330
2338
2326
2319
2329
2334
2343
2348
2355
2343
2336
2346
2357
2360
2365
2372
2360
2352
2363
2370
2379
2381
2387
2377
2367
2379
2386
2391
2396
2404
2394
2384
2397
2401
2406
2412
2416
2411
2402
2411
2417
2421
2427
2433
2425
2415
2423
2432
2437
2443
2448
2447
2432
2437
2446
2447
2457
2460
2459
2446
2451
2460
2463
2471
2476
2474
2463
2463
2475
2478
2488
2488
2488
2476
2475
2487
2490
2498
2501
2499
2487
2488
2498
2501
2509
2511
2511
2500
2500
2513
2512
2520
2523
2519
2510
2511
2522
2523
2530
2534
2531
2516
2521
2531
2534
2541
2543
2544
2533
2531
2540
2543
2547
2553
2554
2545
2540
2550
2553
2559
2562
2564
2552
2549
2558
2562
2570
2571
2573
2561
2558
2566
2571
2577
2579
2582
2570
2566
2572
2579
2585
2587
2593
2599
2603
2610
2614
2620
2624
2629
2630
2638
2644
2652
2653
2655
2659
2663
2670
2674
2677
2683
2688
2692
2696
2702
2704
2708
2711
2705
2694
2697
2706
2705
2710
2713
2707
2695
2697
2705
2705
2712
2714
2710
2701
2694
2697
2696
2695
2696
2694
2684
2676
2680
2679
2680
2680
2677
2665
2661
2664
2663
2667
2669
2661
2649
2646
2648
2649
2651
2652
2647
2634
2632
2635
2635
2638
2637
2633
2621
2620
2625
2623
2626
2625
2622
2606
2608
2612
2615
2614
2614
2609
2596
2597
2601
2601
2603
2603
2598
2588
2586
2591
2591
2593
2589
2588
2577
2580
2581
2581
2584
2584
2578
2566
2568
2574
2573
2575
2578
2570
2559
2560
2564
2562
2568
2569
2564
2549
2552
2557
2556
2560
2561
2554
2543
2547
2550
2550
2555
2554
2547
2535
2536
2543
2543
2548
2548
2540
2528
2531
2537
2538
2540
2542
2533
2521
2528
2535
2532
2535
2537
2528
2518
2523
2528
2527
2530
2532
2525
2511
2517
2522
2523
2526
2527
2522
2513
2512
2519
2519
2522
2523
2518
2508
2511
2515
2516
2519
2519
2515
2503
2506
2512
2512
2516
2520
2514
2502
2503
2509
2510
2514
2516
2513
2502
2500
2507
2506
2513
2514
2510
2499
2499
2506
2508
2512
2511
2510
2497
2497
2503
2506
2510
2511
2511
2501
2493
2503
2505
2510
2511
2514
2503
2497
2501
2505
2508
2508
2514
2502
2495
2501
2504
2508
2509
2513
2501
2492
2499
2503
2507
2509
2516
2501
2492
2500
2503
2507
2509
2514
2501
2492
2499
2503
2504
2509
2511
2499
2492
2500
2502
2509
2509
2511
2499
2493
2497
2503
2508
2513
2510
2497
2494
2500
2503
2508
2509
2510
2498
2495
2502
2503
2508
2509
2508
2494
2494
2502
2505
2508
2509
2509
2495
2494
2502
2502
2507
2508
2508
2498
2494
2501
2502
2507
2504
2507
2496
2496
2500
2501
2505
2506
2506
2494
2492
2499
2500
2505
2506
2511
2495
2490
2496
2498
2503
2504
2507
2495
2488
2495
2496
2500
2502
2507
2495
2485
2492
2496
2497
2500
2504
2494
2479
2488
2493
2497
2497
2499
2492
2481
2484
2489
2490
2493
2495
2489
2479
2480
2484
2485
2488
2488
2485
2474
2477
2480
2480
2484
2484
2482
2470
2468
2474
2474
2478
2478
2477
2462
2462
2467
2466
2470
2471
2469
2457
2454
2460
2459
2460
2463
2459
2449
2447
2452
2452
2458
2454
2454
2443
2437
2443
2444
2447
2446
2446
2435
2429
2431
2434
2436
2436
2438
2427
2418
2425
2425
2426
2425
2427
2416
2408
2413
2414
2415
2415
2417
2405
2397
2400
2403
2404
2405
2405
2401
2387
2390
2392
2389
2393
2394
2387
2375
2371
2369
2364
2360
2357
2350
2339
2336
2334
2329
2330
2322
2316
2305
2299
2300
2296
2297
2289
2284
2275
2269
2270
2264
2262
2259
2254
2244
2241
2238
2235
2232
2227
2226
2217
2211
2210
2207
2205
2200
2197
2189
2183
2181
2180
2178
2175
2176
2164
2157
2156
2153
2152
2149
2148
2143
2131
2132
2129
2126
2125
2123
2115
2107
2108
2107
2107
2102
2099
2092
2083
2085
2084
2081
2083
2078
2071
2063
2063
2062
2059
2059
2057
2051
2043
2043
2041
2039
2038
2035
2032
2023
2022
2024
2019
2018
2016
2011
2005
2001
2002
1999
1999
1997
1996
1987
1982
1983
1981
1979
1978
1977
1972
1963
1965
1964
1962
1960
1960
1952
1946
1947
1946
1947
1943
1943
1935
1926
1930
1929
1928
1929
1926
1919
1912
1911
1912
1911
1910
1909
1903
1896
1899
1895
1894
1893
1890
1888
1880
1879
1882
1877
1877
1875
1870
1864
1862
1864
1860
1860
1859
1858
1848
1846
1846
1843
1845
1842
1840
1835
1829
1830
1828
1827
1825
1823
1816
1813
1814
1812
1816
1809
1807
1800
1794
1797
1796
1795
1796
1791
1784
1779
1779
1779
1778
1776
1775
1768
1764
1765
1762
1761
1758
1757
1749
1745
1748
1753
1751
1753
1754
1747
1742
1743
1746
1745
1746
1748
1744
1735
1737
1739
1738
1736
1739
1736
1730
1728
1731
1730
1731
1728
1728
1721
1720
1722
1721
1723
1721
1719
1711
1709
1709
1711
1712
1712
1712
1703
1700
1702
1698
1701
1700
1700
1692
1689
1690
1693
1690
1688
1687
1680
1676
1678
1677
1679
1675
1676
1669
1663
1664
1665
1664
1663
1662
1657
1652
1651
1651
1650
1649
1645
1643
1637
1637
1641
1636
1635
1634
1628
1623
1622
1622
1621
1621
1620
1615
1609
1609
1608
1603
1606
1605
1601
1596
1594
1594
1592
1590
1590
1586
1581
1579
1579
1578
1577
1575
1572
1566
1561
1565
1562
1562
1560
1559
1552
1551
1547
1548
1547
1545
1544
1538
1534
1537
1533
1531
1530
1527
1523
1520
1519
1520
1517
1515
1515
1509
1502
1504
1503
1502
1501
1500
1497
1489
1488
1490
1487
1484
1485
1481
1476
1475
1474
1473
1472
1469
1467
1462
1460
1461
1458
1459
1457
1453
1448
1446
1443
1445
1444
1443
1443
1434
1433
1433
1431
1431
1429
1427
1422
1419
1419
1421
1418
1416
1414
1408
1406
1407
1406
1406
1403
1403
1401
1401
1397
1398
1392
1390
1393
1394
1396
1395
1395
1398
1397
1397
1399
1400
1402
1404
1402
1402
1403
1401
1403
1404
1404
1405
1406
1408
1407
1407
1408
1407
1405
1409
1409
1410
1406
1398
1400
1400
1400
1401
1401
1397
1390
1392
1394
1395
1393
1394
1390
1382
1384
1385
1385
1386
1385
1381
1376
1376
1376
1377
1378
1377
1375
1369
1371
1371
1370
1371
1371
1364
1362
1363
1364
1366
1364
1364
1360
1354
1355
1356
1356
1355
1356
1354
1349
1348
1349
1348
1347
1348
1346
1341
1341
1342
1341
1342
1341
1337
1334
1332
1333
1333
1334
1332
1332
1327
1324
1325
1322
1326
1325
1325
1323
1316
1318
1318
1317
1317
1318
1313
1308
1310
1310
1313
1309
1310
1305
1298
1301
1300
1302
1301
1301
1300
1301
1301
1298
1301
1301
1300
1300
1300
1302
1300
1300
1299
1298
1295
1298
1298
1298
1300
1297
1297
1296
1295
1295
1295
1294
1294
1293
1287
1286
1285
1284
1284
1279
1282
1277
1274
1277
1274
1274
1273
1271
1267
1264
1265
1264
1264
1263
1266
1258
1254
1254
1252
1254
1253
1253
1250
1244
1245
1245
1244
1241
1243
1241
1235
1235
1236
1238
1234
1233
1231
1225
1228
1234
1237
1243
1248
1248
1243
1242
1247
1251
1256
1258
1263
1257
1254
1263
1263
1267
1269
1273
1268
1264
1270
1274
1280
1280
1284
1279
1273
1279
1284
1286
1290
1293
1290
1284
1288
1293
1294
1295
1301
1299
1294
1298
1300
1302
1306
1308
1308
1302
1303
1308
1309
1314
1318
1316
1310
1309
1312
1316
1319
1320
1324
1316
1315
1319
1320
1322
1326
1329
1323
1319
1323
1329
1329
1330
1333
1326
1322
1327
1330
1332
1334
1336
1339
1342
1341
1346
1348
1351
1353
1355
1360
1360
1361
1363
1365
1362
1368
1370
1371
1376
1375
1377
1379
1380
1383
1384
1385
1387
1388
1388
1385
1380
1383
1383
1384
1385
1386
1379
1379
1380
1380
1383
1382
1383
1378
1375
1376
1379
1379
1383
1381
1374
1369
1372
1374
1375
1375
1378
1372
1366
1369
1369
1367
1371
1372
1368
1362
1364
1368
1365
1366
1366
1362
1356
1358
1360
1360
1360
1361
1358
1352
1349
1354
1353
1354
1353
1352
1347
1345
1347
1346
1347
1343
1345
1339
1338
1343
1339
1340
1339
1338
1333
1330
1332
1332
1332
1332
1332
1326
1322
1323
1321
1324
1323
1323
1319
1313
1315
1316
1315
1312
1316
1310
1305
1299
1294
1291
1284
1279
1273
1268
1263
1259
1255
1250
1247
1240
1235
1231
1225
1221
1217
1212
1209
1205
1203
1196
1192
1187
1183
1177
1176
1172
1169
1167
1161
1157
1154
1149
1146
1142
1139
1135
1131
1128
1125
1121
1117
1114
1108
1106
1103
1099
1095
1092
1088
1085
1082
1077
1075
1072
1068
1064
1062
1060
1055
1052
1048
1045
1039
1038
1036
1033
1032
1026
1023
1020
1015
1013
1010
1007
1004
1001
999
995
991
988
986
978
979
976
974
971
967
964
961
958
955
952
949
947
944
941
940
935
932
929
926
923
921
918
915
914
910
907
904
900
899
896
893
891
888
885
882
879
877
874
869
868
867
864
862
859
856
853
850
846
845
843
840
838
836
836
830
828
825
822
819
818
815
813
815
807
806
803
800
798
796
793
793
789
788
784
781
779
777
771
772
770
767
766
763
760
758
756
752
752
749
747
745
743
744
738
736
734
732
730
727
725
723
722
719
717
715
712
707
709
706
703
702
701
699
695
694
691
688
690
692
693
694
697
697
698
699
699
701
702
704
704
705
708
707
708
708
709
708
711
712
713
714
714
714
715
712
707
711
712
713
712
714
711
708
709
710
708
710
712
710
705
710
708
709
709
708
708
705
705
706
706
708
706
706
703
703
702
704
705
705
704
705
701
702
702
701
701
702
699
698
699
701
700
700
700
697
694
697
698
697
699
699
695
693
694
693
695
695
696
693
691
695
693
693
695
693
690
689
690
691
692
691
691
690
687
687
690
689
690
692
690
686
686
687
687
684
689
687
685
686
686
686
687
686
685
684
683
685
685
686
688
686
683
682
684
680
686
685
686
684
683
684
684
685
683
686
683
681
683
684
686
685
686
683
681
680
684
685
686
688
684
682
684
684
684
686
687
685
682
684
688
686
687
688
686
683
685
687
687
690
689
689
686
686
686
690
691
691
691
688
691
691
691
692
692
693
690
689
693
694
694
695
696
694
688
689
688
686
684
683
683
678
676
675
673
671
671
668
666
667
662
662
661
660
654
655
655
654
653
652
654
650
647
646
644
644
644
643
641
641
639
638
637
636
635
633
632
631
631
631
630
628
627
624
621
624
623
624
624
624
619
619
619
618
618
617
616
614
614
614
613
614
613
612
607
609
610
609
610
613
609
605
606
605
606
606
606
605
604
604
603
603
603
603
600
601
599
601
601
602
601
601
599
596
598
599
599
598
600
600
596
597
597
597
596
598
597
594
596
596
597
597
599
594
594
594
596
596
598
598
597
594
594
594
596
598
598
597
598
595
597
596
598
598
598
596
596
598
598
599
600
600
597
595
599
599
600
601
605
599
598
600
600
602
603
603
601
600
604
603
604
605
606
601
602
604
606
607
612
609
607
605
606
608
610
611
612
611
610
608
611
612
614
613
614
612
613
616
616
617
618
619
614
616
618
618
620
620
622
617
617
618
617
618
619
619
617
617
617
617
618
617
614
615
613
614
614
615
614
613
611
609
607
609
608
608
608
608
603
604
604
603
598
602
600
597
597
596
599
594
594
591
589
588
588
587
586
587
583
581
580
579
575
577
576
574
572
572
570
569
567
566
563
562
561
560
559
562
557
555
553
551
550
549
548
547
545
546
543
541
540
537
533
535
534
533
531
533
528
527
525
524
522
521
520
519
517
519
514
512
511
509
507
507
505
504
505
501
500
497
496
493
494
492
490
489
488
489
485
483
482
479
478
477
477
475
475
472
471
469
467
464
466
463
463
462
461
458
457
456
454
450
451
450
448
447
448
445
443
443
440
439
438
436
435
434
434
432
431
429
427
423
426
424
423
422
423
419
418
416
414
414
413
411
410
409
411
406
406
404
403
401
401
400
398
398
398
395
393
391
390
395
398
401
404
407
408
405
408
411
412
416
418
418
416
421
421
423
425
426
425
425
428
430
432
436
436
438
440
440
440
446
448
449
452
456
454
456
458
459
460
462
463
465
466
470
469
471
472
473
471
476
477
478
480
481
477
478
479
479
481
482
481
479
480
484
481
482
484
482
479
482
483
483
484
486
484
482
482
482
484
485
485
484
482
486
483
484
484
484
483
482
482
483
484
484
484
482
480
478
482
482
481
482
481
479
479
479
479
477
479
478
476
477
480
477
476
477
475
473
474
474
473
474
477
472
471
470
470
469
470
471
468
465
468
466
466
465
464
463
463
461
461
461
463
460
458
457
453
456
455
454
454
454
451
450
449
448
446
448
446
444
443
443
444
441
441
440
436
436
436
436
434
435
433
430
431
429
425
427
426
425
424
423
421
420
419
418
414
416
415
413
413
414
410
409
409
406
404
404
403
402
401
402
398
405
411
416
420
427
428
428
430
440
441
446
451
452
450
453
461
464
469
477
474
472
475
480
483
489
492
495
493
494
498
502
507
507
513
511
511
516
520
524
526
527
525
525
531
534
538
540
545
541
541
545
547
549
553
556
553
553
558
560
563
565
568
562
564
568
571
573
578
578
575
572
576
579
582
583
586
583
584
586
588
588
591
590
591
589
593
595
597
598
600
598
593
598
601
601
603
605
608
602
603
605
605
608
608
609
606
606
610
609
612
611
610
609
609
611
612
613
617
613
611
611
612
611
614
615
614
613
612
612
614
614
612
615
612
611
612
613
617
614
614
612
610
610
612
612
613
613
611
608
609
611
608
610
610
608
606
607
610
607
607
607
605
603
602
603
603
604
603
602
599
598
597
600
598
598
597
595
597
594
593
593
591
591
589
588
588
589
587
586
585
582
579
582
580
581
579
579
578
573
572
571
567
568
567
564
562
563
560
558
557
555
550
552
550
550
548
548
546
544
542
541
537
539
538
536
536
536
533
532
530
529
529
528
526
525
525
526
523
521
521
519
515
518
517
517
517
518
513
513
513
511
511
511
510
507
507
509
506
506
506
505
499
502
503
503
503
504
501
499
499
497
499
499
499
498
496
498
496
496
496
496
495
493
493
494
495
494
494
494
492
489
492
492
492
492
493
491
489
491
489
489
491
492
489
488
492
490
490
490
490
485
487
488
489
490
492
491
488
487
488
486
490
490
491
489
490
489
489
490
490
491
488
487
489
490
493
492
492
492
493
491
496
495
497
496
501
499
500
501
501
502
503
503
504
505
508
507
508
509
509
507
511
512
513
513
517
514
512
511
512
511
514
514
515
512
512
513
513
514
515
512
514
512
513
514
517
515
516
513
511
513
514
515
515
516
516
512
513
515
512
516
516
514
512
516
518
521
523
525
522
522
524
528
531
533
535
534
532
535
535
540
542
545
544
544
544
548
550
551
553
555
553
554
559
560
563
565
565
563
561
569
570
574
576
580
574
574
580
581
585
587
589
586
587
592
593
596
598
600
595
598
602
605
608
612
612
610
609
613
614
619
622
625
622
621
624
628
631
633
633
634
631
636
640
645
644
648
646
643
648
651
653
656
660
659
658
659
663
665
666
671
670
667
672
676
676
680
683
681
676
682
686
688
691
695
694
692
693
697
696
703
704
707
704
707
708
711
714
716
719
716
714
719
723
727
727
730
727
725
726
733
737
738
742
738
736
741
744
746
749
751
748
747
751
756
758
759
762
759
755
762
765
768
771
776
770
767
772
774
777
780
783
782
779
784
785
787
790
792
788
788
791
794
797
799
802
802
798
796
803
805
808
810
811
809
807
812
813
815
818
819
815
813
816
810
810
808
806
802
800
800
799
797
797
796
792
790
789
786
787
786
785
782
783
779
778
778
776
776
773
770
770
770
771
769
768
765
762
760
762
761
761
761
760
755
755
755
752
754
753
752
748
747
751
747
747
747
745
741
742
743
740
744
742
741
736
737
735
737
737
736
736
734
732
733
732
733
728
732
729
726
729
729
729
728
728
724
723
726
726
726
726
730
724
722
723
722
723
724
725
722
721
721
721
722
722
723
721
718
720
721
723
722
723
721
717
717
721
721
722
724
722
719
718
721
720
723
724
723
719
721
725
723
724
725
724
719
721
724
724
727
727
727
724
725
724
727
729
730
730
727
730
730
731
733
733
733
731
731
734
736
736
738
739
736
733
738
739
742
743
745
742
740
743
745
745
748
750
748
747
752
750
753
755
756
753
751
754
757
759
762
763
760
758
762
761
766
767
770
768
768
762
760
757
753
751
748
745
744
741
739
736
734
731
728
723
724
722
720
719
716
713
710
708
705
703
702
700
697
695
694
695
690
688
686
682
681
680
678
676
677
673
670
668
666
665
664
662
661
658
657
655
654
653
651
646
647
645
644
643
645
640
639
636
633
633
632
631
630
629
629
624
624
623
620
618
620
618
615
615
614
612
611
610
606
606
605
604
604
603
605
600
598
597
596
593
595
594
592
591
590
589
587
587
584
585
583
581
582
581
582
579
578
576
575
571
573
573
572
572
570
568
569
567
565
566
564
562
561
562
563
560
560
559
556
553
556
555
555
555
554
551
549
550
547
549
548
548
545
545
547
544
544
543
540
540
539
539
539
540
537
537
535
533
533
534
533
532
533
533
529
529
529
528
524
528
525
523
524
527
523
523
523
521
519
519
519
518
518
520
517
514
514
513
510
513
513
512
510
512
509
509
508
507
507
505
504
505
504
507
504
504
502
499
500
501
501
500
501
498
496
497
497
494
496
497
495
494
494
496
493
493
494
490
490
490
490
490
492
490
488
486
487
484
484
486
486
485
483
484
483
483
482
481
481
480
480
480
481
479
479
478
476
473
476
476
476
476
476
473
472
472
473
471
472
472
469
469
471
470
470
470
468
463
466
467
466
466
467
470
465
462
463
460
464
462
463
461
463
460
460
461
459
460
458
456
457
457
459
457
456
455
454
450
453
453
453
455
453
451
451
451
449
450
451
449
447
448
452
448
448
447
444
445
445
445
445
448
444
444
442
441
442
441
441
442
441
441
439
439
439
438
435
438
437
435
436
439
435
435
435
433
432
433
432
432
433
435
431
429
429
429
428
429
428
427
427
426
426
425
425
423
424
422
423
423
423
421
422
420
418
416
419
418
418
418
420
415
415
416
413
414
414
413
412
415
425
426
433
437
439
439
439
446
450
457
460
465
463
462
467
473
478
482
487
486
488
490
495
499
503
508
507
505
511
517
521
524
529
528
523
529
535
539
543
547
550
544
549
554
556
561
566
566
564
568
572
575
579
582
582
581
583
589
592
597
603
601
599
600
604
608
612
616
617
616
616
621
624
628
629
635
632
631
637
641
644
646
650
647
643
651
655
658
662
668
662
660
665
668
672
676
679
678
675
681
685
686
689
692
689
689
693
697
700
703
706
708
703
704
710
713
716
719
720
717
718
723
725
728
727
733
729
729
735
739
741
743
747
742
741
746
749
752
755
759
756
752
758
761
760
767
770
766
764
768
772
774
777
778
778
775
779
783
785
792
791
790
786
789
793
797
798
801
804
797
799
804
805
808
811
812
809
809
814
818
819
821
823
818
818
822
825
829
832
833
830
828
833
833
838
840
843
838
837
844
844
847
849
852
849
845
849
852
856
856
858
856
852
852
858
860
863
864
865
860
862
865
865
867
871
870
866
868
873
872
875
876
876
873
873
877
878
881
884
883
879
879
881
880
885
888
889
887
884
887
890
892
891
895
892
889
892
895
900
899
901
898
894
895
900
902
903
907
903
900
902
905
903
908
910
910
906
907
914
911
913
914
912
910
910
914
915
920
919
919
915
915
915
919
921
921
924
920
918
922
923
925
924
927
923
921
925
927
928
929
930
925
924
927
929
930
931
935
930
927
929
931
930
935
936
932
929
933
933
935
936
936
935
931
933
934
935
938
938
936
932
933
932
935
937
938
938
933
933
935
936
935
938
937
934
933
936
939
937
937
937
932
932
935
935
937
939
937
933
930
931
933
934
934
935
932
930
931
932
934
933
931
929
927
930
931
931
931
931
927
923
928
928
929
929
929
927
923
925
925
925
922
926
922
921
923
923
924
924
923
918
917
912
909
906
903
901
894
891
887
882
880
877
873
871
867
863
860
857
851
850
847
844
840
837
837
831
828
824
820
818
815
812
809
808
803
800
797
794
788
788
786
783
780
777
775
771
768
765
759
759
757
754
753
748
746
743
741
736
735
733
729
727
725
725
719
717
714
711
710
707
706
702
701
698
696
693
691
688
686
684
683
681
680
677
674
672
670
665
667
665
664
663
660
658
657
656
650
652
651
648
648
647
648
644
643
641
637
639
638
637
636
639
633
632
631
630
630
630
630
628
626
628
625
625
626
624
623
622
622
623
623
623
623
622
620
617
621
620
621
621
622
622
618
620
620
620
621
622
619
619
621
622
623
622
625
618
620
623
624
625
627
628
625
623
625
625
628
631
632
632
631
630
632
633
634
637
636
633
635
638
642
641
643
642
639
642
645
647
648
652
649
646
649
652
651
657
658
658
655
659
661
662
665
667
665
665
664
665
665
668
664
664
661
659
662
661
662
662
662
661
658
660
659
660
656
661
658
657
659
662
661
661
662
658
657
660
661
663
663
667
661
659
662
662
665
665
668
665
664
665
668
669
671
670
670
667
671
673
676
679
679
677
674
677
679
681
685
687
687
683
685
690
690
691
696
696
693
696
699
704
704
707
706
702
705
709
712
716
720
717
714
717
720
723
726
729
729
726
729
733
735
739
742
739
740
741
746
749
752
755
757
754
750
758
762
765
768
772
771
766
771
774
777
781
784
783
779
786
787
791
794
797
792
792
796
802
803
807
814
808
805
809
813
815
819
822
822
820
821
825
828
831
831
834
831
832
837
840
843
845
846
842
840
847
849
853
855
857
853
853
857
857
863
864
866
863
862
869
869
872
874
875
873
871
875
878
883
883
886
880
878
883
885
888
889
892
890
886
889
892
893
893
898
896
891
896
900
901
905
908
903
902
905
909
911
914
919
914
910
912
915
917
919
921
920
919
917
921
921
922
924
924
920
919
922
924
925
925
923
919
916
922
922
923
923
922
918
918
919
918
920
920
919
916
913
916
915
915
915
912
906
908
908
907
907
906
904
901
898
896
898
898
897
895
892
891
888
887
886
884
881
880
876
876
877
874
871
870
867
860
863
860
859
857
856
855
849
847
845
841
841
839
836
834
834
829
827
824
821
819
816
813
812
809
806
808
801
798
795
793
791
788
785
783
781
777
774
772
769
763
764
760
758
756
753
754
747
744
741
738
736
733
731
728
728
723
720
718
715
710
710
708
704
703
698
698
694
692
689
684
684
682
679
677
677
672
670
667
664
662
659
658
654
652
652
648
645
643
640
636
636
635
632
630
627
625
623
621
615
616
613
612
610
608
608
602
601
599
595
594
593
590
588
588
584
582
580
577
575
574
576
576
578
580
580
578
576
577
576
580
582
583
583
581
580
584
583
583
586
586
584
584
588
590
590
591
591
589
586
592
593
596
597
601
596
595
598
598
602
604
605
602
602
607
607
610
611
612
607
610
613
615
618
620
621
618
618
618
623
626
627
629
628
630
631
633
636
636
640
638
636
641
646
646
648
650
647
646
650
653
656
658
663
664
667
670
674
673
679
682
685
688
694
694
697
700
702
704
709
711
715
717
722
723
727
730
733
732
739
742
745
746
744
743
748
752
753
757
757
754
756
760
764
766
769
770
766
765
772
775
779
782
783
780
780
786
786
792
795
797
793
793
802
801
806
808
810
806
807
812
815
822
821
825
821
819
825
828
833
835
839
836
833
838
842
845
845
853
849
846
851
855
858
861
865
860
859
863
868
871
874
881
873
870
876
879
882
886
890
887
886
888
892
895
898
900
897
893
892
889
888
885
883
880
876
873
873
871
869
868
867
861
859
858
855
854
853
851
847
846
846
843
841
840
837
832
833
832
830
829
831
825
822
821
819
816
817
816
814
810
810
812
808
807
805
803
801
799
798
797
799
796
794
791
789
788
788
787
786
784
782
780
780
778
778
775
775
772
771
771
772
769
769
767
763
761
762
761
761
760
761
756
755
755
754
750
752
752
749
747
748
747
747
746
745
743
740
741
741
740
743
739
738
734
734
735
735
735
735
735
730
729
730
730
731
730
729
726
726
727
727
728
727
726
719
722
723
723
724
726
723
719
719
719
720
721
720
720
718
719
718
717
720
717
715
716
714
716
718
716
717
718
715
709
714
715
715
716
718
719
711
713
714
714
715
716
714
712
714
714
714
715
715
710
711
712
713
713
714
717
713
710
711
712
712
714
714
716
719
718
719
718
719
721
722
723
721
719
720
718
719
718
719
716
719
719
719
719
721
719
719
719
717
719
719
719
719
720
722
719
719
718
714
711
715
714
714
714
713
709
710
710
709
709
710
707
704
705
707
705
705
705
702
698
700
701
700
700
703
699
696
695
694
696
696
695
694
692
694
692
691
691
690
687
687
686
687
687
686
686
685
682
678
682
681
681
680
681
680
676
676
675
675
674
675
672
670
673
670
670
670
668
666
664
664
665
664
664
664
661
659
658
656
657
658
657
656
656
652
652
651
651
651
650
647
646
646
646
645
643
643
640
636
641
637
638
638
640
634
632
633
632
632
632
630
628
627
628
625
625
624
623
622
619
620
619
618
617
617
615
612
610
612
611
611
610
608
608
606
605
604
603
603
602
599
598
600
597
597
597
595
589
592
592
590
590
589
591
586
585
584
582
582
581
581
578
579
577
576
575
574
572
571
569
570
569
570
568
566
563
563
561
565
566
566
566
566
563
564
564
564
564
565
562
561
563
564
563
562
562
558
557
559
559
558
559
559
556
555
555
552
555
555
554
552
551
552
551
550
550
547
547
545
545
544
546
543
543
541
538
535
538
537
536
535
536
532
531
530
529
526
527
526
524
524
523
521
520
519
516
516
514
513
511
512
511
508
506
505
502
502
502
500
498
499
496
494
493
491
488
488
487
486
484
484
481
480
478
476
472
473
472
471
469
470
466
464
462
461
459
458
456
455
454
453
450
449
447
445
441
443
441
439
438
437
435
433
432
429
429
427
426
424
424
425
420
420
417
414
415
413
412
410
411
407
406
405
404
399
401
400
399
397
397
395
394
392
390
387
388
387
386
384
386
381
380
379
378
374
376
375
373
372
372
370
369
368
366
363
364
363
361
361
361
359
357
356
355
351
353
351
351
350
350
347
347
345
345
341
342
341
340
338
340
337
336
335
334
334
335
334
333
333
334
332
331
331
330
330
329
328
329
329
329
328
328
327
324
326
327
327
327
328
326
325
326
326
323
326
326
325
324
326
325
326
326
326
322
324
325
326
327
328
327
326
326
327
323
328
328
330
329
330
328
329
331
331
332
331
330
331
332
337
334
336
335
333
335
336
338
339
341
339
337
340
340
340
343
345
343
342
345
349
347
348
349
346
347
349
351
352
355
355
354
353
355
353
357
360
361
360
360
361
362
364
365
364
366
364
367
368
373
371
373
372
370
372
376
376
378
379
382
377
378
381
381
384
385
385
384
386
388
387
390
391
388
389
390
393
394
397
397
396
394
396
395
400
401
403
403
404
403
404
405
406
405
408
407
407
410
412
412
414
413
411
411
415
416
418
419
420
418
418
420
421
421
424
425
423
424
426
430
429
429
430
426
428
431
431
434
436
435
433
434
435
434
438
440
440
438
440
444
444
446
448
447
447
448
452
454
457
458
459
456
458
458
463
466
467
471
472
476
477
480
481
482
487
489
491
494
498
498
500
502
504
507
510
512
515
517
521
522
523
526
529
524
525
529
532
534
539
539
538
535
538
538
544
546
548
548
548
548
551
553
556
555
559
557
557
562
566
567
568
570
567
567
570
574
577
578
583
579
578
582
584
586
590
593
592
590
596
596
599
601
602
600
600
604
607
611
615
613
611
611
613
618
621
622
625
625
621
626
629
631
634
637
635
632
637
641
643
645
648
646
640
648
651
655
657
663
655
657
659
662
664
667
671
668
666
672
674
677
678
682
676
677
682
685
689
694
694
690
689
692
697
700
702
706
703
701
705
708
712
714
714
715
712
716
721
724
726
730
727
723
728
732
734
738
741
740
736
740
745
747
748
754
752
748
755
758
760
764
767
762
762
766
771
775
778
781
778
775
777
775
779
780
782
780
777
778
780
781
779
782
782
780
779
783
786
786
786
788
783
783
786
789
791
795
794
790
789
792
792
797
800
803
798
797
803
803
806
808
811
807
805
809
813
817
819
822
820
816
817
824
827
830
833
833
830
831
836
838
840
845
847
843
844
853
852
857
859
861
858
857
864
868
872
875
878
874
874
879
880
888
892
896
893
890
898
902
906
908
915
912
908
915
921
929
930
935
933
928
934
941
945
953
958
956
952
954
962
966
973
977
979
975
977
984
987
996
999
1001
999
999
1007
1014
1018
1022
1029
1024
1018
1030
1036
1042
1047
1054
1052
1046
1055
1062
1066
1070
1079
1077
1073
1081
1088
1095
1100
1105
1104
1101
1106
1115
1120
1128
1135
1136
1130
1133
1142
1148
1156
1162
1167
1165
1161
1171
1178
1185
1190
1197
1191
1189
1200
1208
1216
1220
1229
1224
1216
1229
1238
1244
1254
1259
1256
1250
1260
1269
1276
1284
1291
1289
1284
1295
1302
1308
1316
1322
1323
1317
1327
1345
1354
1369
1379
1394
1405
1416
1433
1448
1462
1475
1488
1500
1512
1523
1536
1547
1561
1573
1586
1597
1607
1618
1630
1641
1654
1666
1675
1690
1704
1716
1732
1741
1751
1762
1773
1784
1797
1807
1820
1814
1805
1818
1831
1838
1852
1862
1873
1884
1893
1908
1923
1931
1942
1952
1960
1973
1983
1994
2007
2015
2024
2034
2044
2048
2063
2074
2082
2092
2102
2113
2125
2132
2145
2157
2164
2176
2185
2196
2208
2215
2223
2228
2216
2214
2230
2239
2249
2256
2266
2278
2288
2297
2306
2315
2323
2334
2345
2358
2368
2377
2386
2396
2402
2414
2424
2433
2438
2447
2457
2469
2473
2485
2496
2506
2511
2524
2533
2545
2551
2559
2567
2575
2584
2594
2586
2574
2583
2595
2602
2614
2618
2628
2632
2643
2655
2665
2675
2682
2690
2697
2706
2710
2722
2729
2737
2744
2752
2760
2766
2773
2782
2787
2797
2805
2817
2826
2835
2839
2846
2854
2860
2871
2876
2885
2891
2898
2883
2873
2890
2895
2903
2908
2914
2924
2933
2943
2949
2955
2963
2969
2978
2985
2995
3006
3012
3019
3025
3036
3041
3048
3054
3061
3066
3071
3080
3087
3095
3078
3064
3076
3085
3090
3098
3102
3111
3121
3129
3134
3140
3145
3150
3156
3165
3172
3175
3180
3186
3191
3194
3191
3175
3177
3189
3193
3200
3204
3212
3215
3221
3227
3230
3241
3247
3251
3256
3263
3270
3272
3282
3286
3291
3292
3300
3306
3313
3321
3322
3328
3332
3336
3344
3349
3354
3358
3363
3359
3340
3341
3350
3353
3360
3362
3368
3371
3378
3381
3387
3391
3396
3401
3406
3414
3417
3420
3426
3429
3433
3434
3439
3445
3451
3453
3457
3462
3470
3471
3475
3478
3478
3485
3492
3484
3467
3466
3476
3477
3484
3486
3491
3494
3500
3504
3510
3513
3518
3523
3527
3528
3536
3541
3545
3548
3552
3551
3554
3561
3566
3569
3573
3577
3582
3586
3593
3593
3597
3599
3601
3595
3578
3578
3586
3586
3591
3593
3599
3601
3606
3610
3614
3618
3623
3626
3629
3633
3638
3637
3644
3650
3650
3650
3654
3658
3662
3664
3669
3673
3677
3680
3682
3687
3689
3692
3694
3687
3665
3667
3678
3675
3680
3680
3677
3659
3654
3663
3664
3669
3669
3669
3651
3643
3651
3653
3658
3653
3661
3644
3631
3640
3644
3647
3648
3653
3634
3622
3630
3635
3639
3641
3647
3629
3610
3615
3613
3615
3616
3613
3597
3579
3584
3586
3585
3584
3585
3568
3552
3558
3561
3559
3558
3559
3541
3524
3533
3535
3534
3533
3534
3516
3501
3510
3511
3512
3509
3511
3493
3482
3490
3489
3491
3489
3489
3471
3463
3472
3470
3473
3470
3468
3452
3444
3452
3452
3455
3453
3452
3437
3429
3435
3435
3438
3436
3435
3420
3412
3420
3419
3420
3422
3420
3403
3399
3405
3405
3409
3412
3406
3390
3385
3389
3392
3396
3396
3392
3376
3372
3377
3379
3384
3383
3380
3364
3360
3368
3370
3372
3372
3370
3352
3350
3357
3357
3361
3362
3358
3339
3339
3346
3347
3351
3351
3349
3332
3333
3336
3337
3341
3340
3338
3323
3320
3326
3328
3332
3330
3329
3312
3311
3319
3319
3324
3324
3324
3303
3303
3310
3308
3315
3316
3314
3297
3293
3301
3300
3307
3308
3304
3288
3286
3294
3295
3303
3299
3296
3280
3276
3287
3288
3292
3292
3291
3274
3270
3277
3279
3284
3284
3282
3266
3266
3271
3271
3276
3276
3275
3261
3257
3264
3265
3269
3269
3267
3252
3249
3256
3257
3262
3262
3262
3243
3241
3249
3248
3254
3255
3254
3235
3234
3242
3240
3247
3248
3246
3230
3225
3236
3240
3251
3249
3253
3237
3229
3240
3245
3254
3253
3261
3244
3232
3244
3250
3254
3258
3265
3248
3237
3250
3251
3257
3260
3265
3251
3237
3248
3254
3258
3262
3267
3257
3241
3250
3256
3259
3264
3269
3261
3242
3249
3258
3260
3264
3270
3263
3244
3250
3259
3259
3266
3269
3262
3246
3249
3258
3259
3268
3268
3262
3247
3247
3256
3258
3267
3267
3263
3247
3246
3256
3257
3265
3265
3264
3247
3245
3256
3256
3262
3264
3263
3243
3243
3254
3255
3261
3262
3263
3245
3242
3251
3254
3259
3260
3264
3248
3240
3248
3252
3257
3257
3265
3249
3237
3245
3251
3254
3255
3263
3249
3233
3243
3249
3252
3257
3261
3249
3232
3240
3246
3251
3256
3258
3248
3232
3237
3245
3247
3252
3256
3249
3232
3235
3244
3245
3250
3253
3247
3227
3233
3243
3242
3250
3251
3246
3227
3230
3239
3239
3246
3248
3244
3229
3230
3236
3237
3243
3243
3245
3229
3224
3233
3235
3241
3239
3244
3228
3222
3231
3234
3240
3240
3247
3228
3219
3227
3229
3236
3238
3244
3227
3215
3225
3227
3233
3236
3242
3227
3211
3221
3228
3230
3233
3238
3226
3207
3219
3227
3227
3232
3235
3226
3211
3214
3223
3224
3231
3233
3229
3215
3215
3224
3225
3232
3233
3233
3220
3215
3224
3226
3232
3234
3236
3219
3214
3224
3228
3234
3237
3239
3222
3215
3223
3228
3232
3237
3240
3223
3213
3223
3229
3233
3235
3242
3227
3213
3223
3232
3232
3236
3242
3229
3215
3222
3230
3232
3237
3241
3232
3218
3221
3229
3232
3238
3239
3236
3224
3220
3229
3231
3236
3238
3240
3225
3219
3228
3230
3235
3238
3239
3223
3217
3227
3230
3236
3239
3241
3225
3216
3224
3229
3234
3239
3241
3223
3213
3222
3228
3233
3236
3242
3228
3211
3222
3232
3231
3235
3240
3227
3212
3220
3228
3230
3234
3238
3228
3213
3219
3226
3227
3234
3237
3231
3218
3217
3225
3226
3232
3236
3231
3216
3216
3225
3226
3230
3234
3233
3217
3214
3224
3225
3233
3234
3234
3218
3213
3218
3226
3233
3232
3236
3220
3211
3221
3224
3230
3231
3238
3222
3209
3219
3225
3229
3231
3237
3218
3207
3220
3225
3228
3232
3237
3226
3210
3218
3225
3229
3232
3237
3229
3212
3218
3226
3226
3234
3238
3236
3216
3218
3227
3227
3234
3238
3235
3218
3218
3228
3229
3241
3238
3238
3221
3216
3228
3231
3237
3239
3239
3223
3215
3232
3240
3249
3254
3264
3248
3237
3250
3259
3267
3272
3280
3268
3255
3269
3277
3284
3290
3300
3287
3270
3286
3295
3301
3309
3319
3307
3290
3301
3310
3317
3326
3332
3326
3311
3316
3325
3333
3343
3348
3346
3330
3332
3345
3351
3358
3362
3362
3341
3345
3359
3363
3373
3377
3378
3361
3359
3371
3377
3388
3390
3395
3379
3372
3386
3391
3400
3401
3412
3397
3385
3399
3406
3412
3417
3426
3409
3396
3411
3420
3426
3434
3441
3425
3408
3421
3432
3440
3445
3452
3440
3423
3431
3445
3450
3458
3464
3453
3435
3446
3461
3462
3469
3475
3466
3450
3460
3469
3473
3482
3487
3485
3467
3468
3481
3484
3494
3498
3501
3481
3479
3491
3496
3506
3509
3514
3495
3489
3502
3506
3517
3519
3526
3508
3499
3513
3520
3530
3531
3541
3523
3507
3522
3532
3537
3542
3550
3536
3515
3532
3542
3547
3554
3561
3550
3532
3543
3553
3556
3563
3567
3559
3543
3551
3562
3566
3572
3581
3573
3556
3561
3573
3576
3585
3591
3585
3567
3569
3581
3585
3596
3599
3596
3578
3579
3589
3595
3605
3608
3610
3591
3588
3601
3609
3615
3617
3624
3602
3596
3611
3615
3624
3626
3632
3613
3601
3611
3615
3619
3621
3628
3610
3593
3604
3609
3612
3611
3621
3609
3588
3598
3605
3607
3612
3616
3603
3585
3593
3601
3603
3609
3611
3601
3582
3587
3595
3599
3605
3608
3601
3582
3582
3595
3595
3601
3604
3599
3580
3582
3594
3593
3599
3602
3596
3579
3580
3589
3590
3598
3599
3595
3578
3575
3587
3589
3598
3598
3598
3580
3575
3586
3588
3592
3597
3602
3581
3574
3585
3587
3596
3597
3602
3584
3573
3584
3590
3598
3599
3604
3586
3573
3584
3592
3597
3600
3607
3588
3571
3585
3592
3597
3601
3607
3591
3574
3589
3594
3597
3603
3607
3595
3578
3587
3596
3599
3603
3608
3597
3578
3588
3597
3600
3606
3613
3607
3584
3590
3600
3600
3610
3616
3608
3588
3592
3602
3605
3614
3618
3612
3593
3596
3608
3611
3619
3621
3617
3598
3596
3612
3616
3622
3626
3624
3603
3604
3617
3619
3628
3631
3629
3612
3612
3620
3624
3632
3633
3636
3619
3611
3624
3629
3637
3638
3645
3625
3616
3629
3635
3643
3645
3652
3632
3621
3633
3637
3648
3654
3659
3639
3627
3638
3647
3653
3658
3666
3648
3631
3646
3658
3659
3665
3673
3657
3640
3650
3660
3663
3670
3675
3664
3648
3653
3665
3668
3676
3681
3676
3660
3658
3671
3672
3680
3685
3684
3663
3663
3676
3677
3688
3691
3691
3671
3669
3682
3685
3696
3697
3698
3679
3674
3686
3693
3701
3704
3708
3688
3680
3694
3700
3708
3711
3716
3697
3687
3701
3707
3714
3719
3721
3705
3697
3707
3714
3721
3721
3732
3712
3699
3713
3722
3728
3732
3743
3721
3706
3720
3728
3736
3741
3748
3733
3713
3726
3738
3741
3748
3756
3743
3723
3735
3746
3753
3757
3763
3753
3730
3741
3756
3756
3765
3771
3762
3743
3748
3761
3764
3772
3778
3774
3755
3755
3768
3771
3781
3781
3783
3763
3763
3776
3779
3786
3792
3792
3770
3769
3783
3786
3796
3803
3808
3816
3823
3828
3836
3846
3852
3857
3865
3869
3875
3881
3886
3893
3897
3904
3909
3918
3921
3928
3933
3936
3944
3954
3956
3962
3967
3968
3948
3935
3947
3951
3959
3961
3968
3948
3933
3946
3952
3959
3959
3972
3953
3931
3944
3953
3955
3963
3970
3956
3935
3944
3955
3958
3967
3971
3960
3939
3944
3957
3962
3967
3972
3966
3944
3947
3959
3961
3970
3973
3970
3948
3947
3964
3963
3973
3975
3970
3952
3949
3960
3963
3972
3971
3978
3956
3947
3959
3964
3972
3973
3983
3958
3946
3958
3963
3972
3977
3984
3962
3945
3956
3965
3970
3975
3982
3964
3943
3956
3965
3970
3975
3982
3966
3941
3957
3965
3968
3974
3979
3967
3946
3954
3964
3967
3973
3978
3968
3949
3953
3963
3964
3968
3977
3967
3945
3950
3961
3959
3971
3974
3969
3948
3948
3959
3961
3973
3972
3969
3948
3943
3958
3962
3968
3968
3969
3947
3942
3954
3956
3964
3966
3969
3948
3939
3950
3954
3962
3962
3969
3949
3935
3947
3951
3957
3960
3968
3948
3929
3942
3949
3953
3959
3965
3948
3927
3937
3942
3949
3953
3958
3944
3923
3930
3941
3943
3949
3953
3943
3921
3926
3939
3938
3944
3947
3936
3919
3922
3931
3931
3939
3938
3936
3915
3913
3925
3925
3933
3935
3936
3911
3907
3918
3917
3927
3930
3927
3905
3900
3908
3912
3919
3919
3921
3900
3892
3902
3906
3911
3911
3916
3894
3881
3894
3897
3902
3903
3910
3887
3873
3884
3889
3893
3895
3901
3883
3866
3874
3880
3882
3882
3891
3878
3856
3864
3871
3871
3875
3880
3867
3847
3853
3861
3862
3868
3869
3859
3839
3840
3851
3854
3857
3858
3851
3829
3832
3846
3849
3859
3864
3863
3843
3843
3854
3858
3868
3871
3872
3853
3849
3862
3866
3876
3879
3887
3866
3856
3869
3875
3884
3889
3900
3905
3914
3921
3925
3936
3946
3950
3958
3964
3967
3976
3982
3987
3991
3999
4003
4010
4016
4022
4028
4032
4037
4042
4049
4052
4056
4060
4048
4027
4031
4040
4040
4046
4049
4039
4018
4020
4028
4028
4035
4035
4033
4011
4008
4018
4016
4024
4024
4022
4001
3995
4006
4006
4013
4012
4014
3992
3982
3991
3997
4002
4001
4005
3983
3971
3981
3985
3990
3989
3995
3973
3957
3970
3971
3974
3976
3977
3964
3944
3953
3958
3960
3959
3967
3950
3930
3937
3945
3944
3948
3954
3938
3917
3922
3926
3929
3935
3934
3924
3903
3903
3912
3911
3917
3917
3912
3892
3888
3898
3895
3901
3900
3897
3876
3871
3878
3878
3882
3880
3879
3862
3849
3857
3859
3861
3860
3864
3846
3828
3837
3839
3839
3841
3847
3826
3807
3815
3818
3818
3819
3822
3805
3786
3793
3797
3798
3799
3801
3786
3766
3768
3776
3776
3776
3777
3763
3742
3748
3754
3752
3753
3754
3743
3723
3729
3730
3729
3730
3729
3721
3703
3702
3706
3704
3705
3707
3696
3678
3671
3670
3667
3660
3657
3651
3637
3619
3616
3615
3609
3605
3600
3589
3571
3563
3566
3559
3557
3551
3543
3525
3520
3519
3512
3510
3504
3497
3482
3477
3473
3468
3466
3458
3455
3440
3429
3429
3425
3423
3417
3419
3398
3386
3387
3381
3380
3378
3373
3358
3345
3344
3343
3340
3336
3334
3320
3305
3305
3307
3301
3299
3295
3282
3264
3268
3270
3262
3261
3257
3244
3232
3231
3230
3225
3224
3220
3213
3198
3195
3196
3190
3188
3186
3180
3163
3159
3160
3154
3154
3150
3144
3129
3125
3126
3121
3123
3116
3111
3097
3087
3092
3089
3088
3082
3081
3067
3055
3059
3057
3056
3051
3050
3036
3028
3027
3026
3024
3020
3019
3007
2997
2996
2996
2993
2989
2988
2977
2964
2965
2965
2961
2959
2961
2947
2935
2935
2933
2931
2931
2931
2920
2907
2905
2906
2902
2902
2899
2893
2880
2877
2879
2875
2874
2871
2867
2851
2849
2851
2848
2847
2844
2840
2826
2821
2823
2821
2820
2816
2816
2807
2794
2796
2794
2790
2791
2790
2780
2767
2769
2768
2764
2765
2764
2753
2742
2744
2743
2743
2738
2738
2730
2716
2719
2719
2718
2715
2714
2712
2710
2709
2706
2693
2688
2688
2685
2683
2684
2679
2678
2675
2671
2670
2668
2670
2666
2663
2660
2656
2656
2652
2650
2649
2646
2643
2643
2640
2637
2637
2633
2631
2630
2628
2625
2613
2603
2603
2602
2600
2598
2595
2585
2575
2577
2576
2572
2570
2567
2557
2548
2550
2548
2544
2543
2541
2529
2522
2523
2522
2520
2518
2516
2511
2497
2497
2497
2491
2492
2492
2485
2472
2473
2471
2469
2468
2466
2457
2447
2449
2449
2448
2444
2443
2434
2424
2425
2425
2424
2425
2420
2412
2402
2400
2403
2401
2400
2399
2389
2380
2384
2381
2380
2378
2376
2369
2359
2362
2361
2358
2358
2356
2346
2339
2340
2340
2338
2338
2337
2331
2319
2319
2320
2316
2319
2317
2312
2300
2301
2302
2299
2300
2298
2291
2282
2282
2284
2283
2281
2280
2274
2265
2264
2266
2264
2267
2263
2258
2248
2246
2249
2247
2247
2246
2240
2232
2234
2232
2231
2232
2228
2226
2217
2216
2217
2215
2216
2213
2209
2202
2200
2202
2200
2202
2200
2196
2187
2185
2187
2182
2187
2185
2184
2173
2171
2173
2170
2173
2172
2170
2160
2157
2160
2161
2160
2158
2158
2147
2144
2147
2147
2149
2145
2145
2136
2129
2138
2142
2145
2148
2152
2142
2139
2142
2146
2150
2150
2156
2147
2138
2148
2149
2153
2157
2156
2151
2142
2147
2153
2155
2159
2165
2156
2146
2151
2153
2157
2161
2166
2159
2149
2153
2158
2160
2164
2167
2164
2154
2157
2163
2162
2167
2168
2167
2157
2157
2164
2167
2168
2170
2170
2159
2159
2165
2166
2171
2172
2173
2166
2160
2167
2168
2171
2173
2175
2166
2162
2168
2170
2174
2173
2178
2168
2162
2169
2172
2176
2176
2181
2170
2162
2166
2173
2176
2179
2182
2173
2163
2170
2174
2176
2180
2183
2176
2165
2173
2175
2178
2180
2182
2177
2167
2172
2177
2178
2181
2183
2175
2168
2172
2178
2178
2182
2185
2179
2170
2172
2177
2176
2183
2185
2183
2170
2171
2178
2178
2180
2184
2184
2173
2173
2178
2181
2184
2185
2185
2175
2170
2179
2181
2186
2186
2187
2177
2174
2177
2182
2186
2188
2190
2181
2176
2181
2184
2188
2188
2188
2182
