2473
2478
2485
2488
2494
2498
2502
2492
2482
2492
2498
2503
2507
2513
2517
2521
2527
2534
2539
2545
2550
2557
2560
2565
2570
2574
2578
2583
2589
2593
2597
2599
2604
2612
2614
2618
2622
2627
2632
2637
2642
2645
2649
2652
2656
2650
2640
2642
2651
2652
2657
2661
2661
2646
2644
2654
2656
2661
2665
2666
2654
2650
2661
2664
2668
2672
2675
2662
2657
2667
2671
2679
2682
2686
2673
2665
2673
2681
2687
2692
2697
2685
2673
2684
2692
2697
2702
2708
2699
2686
2690
2695
2692
2694
2693
2693
2681
2671
2678
2679
2681
2680
2682
2669
2661
2667
2670
2671
2672
2675
2665
2652
2658
2662
2664
2663
2670
2662
2653
2653
2659
2660
2662
2667
2661
2648
2651
2657
2657
2664
2669
2663
2650
2650
2655
2660
2665
2670
2666
2653
2652
2660
2661
2669
2670
2671
2658
2655
2664
2668
2672
2674
2677
2663
2658
2669
2673
2679
2680
2684
2671
2662
2674
2679
2684
2686
2691
2678
2672
2681
2686
2691
2693
2698
2689
2678
2687
2693
2698
2702
2705
2699
2686
2694
2701
2705
2711
2716
2708
2694
2701
2708
2708
2716
2721
2715
2699
2706
2714
2716
2722
2727
2718
2705
2712
2720
2722
2731
2731
2724
2712
2714
2724
2726
2734
2735
2730
2717
2718
2727
2730
2735
2737
2734
2721
2720
2732
2730
2736
2737
2735
2722
2721
2729
2729
2735
2735
2737
2721
2718
2727
2729
2733
2733
2736
2724
2715
2722
2725
2727
2728
2732
2720
2710
2716
2719
2720
2719
2725
2712
2702
2708
2710
2712
2714
2716
2703
2692
2697
2696
2701
2702
2707
2693
2680
2685
2686
2688
2688
2689
2680
2668
2670
2674
2676
2673
2674
2665
2651
2654
2657
2656
2656
2655
2649
2637
2637
2649
2652
2660
2661
2666
2654
2650
2657
2661
2667
2670
2673
2664
2655
2664
2668
2671
2674
2677
2667
2656
2665
2669
2672
2676
2682
2668
2656
2663
2668
2669
2674
2678
2667
2654
2660
2665
2665
2669
2671
2662
2651
2655
2659
2663
2663
2663
2656
2640
2646
2651
2653
2653
2653
2648
2634
2635
2640
2639
2642
2641
2636
2624
2624
2626
2626
2627
2624
2623
2611
2611
2612
2611
2613
2610
2608
2596
2592
2596
2594
2595
2594
2594
2579
2573
2577
2574
2576
2574
2575
2562
2555
2557
2557
2555
2554
2554
2542
2534
2536
2536
2538
2532
2533
2521
2510
2514
2513
2514
2510
2510
2499
2488
2489
2490
2487
2486
2485
2475
2465
2469
2465
2463
2461
2458
2451
2440
2442
2440
2437
2436
2433
2423
2415
2414
2414
2411
2409
2407
2405
2401
2400
2397
2394
2394
2392
2390
2386
2385
2382
2379
2377
2375
2373
2369
2367
2364
2362
2358
2356
2354
2351
2344
2345
2343
2343
2338
2335
2332
2329
2321
2311
2310
2308
2305
2302
2301
2292
2282
2280
2279
2273
2273
2270
2263
2254
2251
2250
2245
2242
2241
2234
2225
2223
2222
2219
2219
2212
2208
2199
2205
2222
2239
2248
2265
2273
2273
2263
2272
2288
2297
2309
2320
2321
2311
2318
2334
2341
2355
2364
2363
2355
2361
2379
2384
2398
2406
2408
2396
2401
2418
2426
2439
2446
2453
2444
2442
2458
2465
2476
2485
2492
2482
2479
2496
2504
2516
2521
2533
2521
2517
2533
2543
2554
2564
2572
2559
2552
2566
2579
2590
2600
2609
2597
2589
2604
2615
2626
2633
2645
2633
2623
2639
2655
2661
2669
2680
2666
2656
2673
2687
2693
2703
2713
2704
2692
2705
2719
2726
2737
2745
2740
2729
2736
2750
2756
2765
2775
2770
2758
2765
2779
2785
2795
2803
2801
2787
2793
2807
2813
2825
2834
2830
2816
2820
2832
2840
2851
2860
2859
2844
2845
2857
2866
2876
2880
2885
2870
2869
2883
2892
2901
2905
2913
2897
2892
2906
2917
2924
2928
2937
2921
2913
2927
2936
2945
2951
2961
2945
2938
2950
2959
2967
2972
2983
2971
2958
2970
2981
2988
2994
3003
2994
2979
2989
3002
3005
3015
3024
3013
2999
3009
3020
3024
3034
3042
3035
3021
3026
3038
3042
3052
3057
3056
3041
3042
3055
3061
3069
3073
3072
3056
3054
3069
3075
3084
3087
3088
3073
3069
3085
3089
3099
3102
3105
3089
3077
3066
3056
3045
3034
3021
3012
3000
2988
2980
2970
2960
2950
2940
2927
2918
2910
2900
2893
2886
2874
2861
2853
2845
2836
2830
2822
2811
2799
2791
2785
2777
2770
2763
2753
2742
2734
2729
2724
2714
2708
2699
2686
2681
2675
2670
2662
2655
2647
2636
2629
2625
2618
2613
2606
2598
2588
2586
2577
2571
2565
2558
2551
2540
2536
2531
2525
2520
2515
2504
2497
2492
2488
2482
2477
2473
2465
2454
2449
2445
2439
2433
2430
2424
2416
2408
2405
2400
2392
2389
2383
2373
2368
2365
2360
2357
2350
2343
2334
2329
2322
2320
2317
2313
2307
2302
2298
2294
2288
2285
2281
2276
2272
2268
2263
2258
2254
2248
2243
2235
2235
2230
2229
2221
2216
2211
2206
2202
2197
2193
2187
2178
2172
2171
2163
2159
2154
2148
2140
2134
2131
2126
2122
2116
2111
2100
2096
2093
2088
2083
2078
2073
2068
2059
2055
2050
2046
2039
2035
2030
2025
2020
2014
2011
2004
2000
1995
1992
1987
1982
1977
1975
1969
1964
1959
1954
1950
1947
1941
1939
1932
1928
1924
1918
1915
1911
1906
1902
1898
1893
1891
1885
1879
1873
1867
1863
1859
1856
1853
1847
1840
1835
1833
1825
1824
1820
1814
1807
1808
1817
1820
1825
1828
1830
1819
1821
1827
1831
1835
1837
1839
1831
1826
1834
1837
1841
1842
1846
1839
1832
1837
1841
1843
1841
1848
1840
1834
1838
1841
1843
1845
1844
1841
1833
1837
1840
1840
1843
1843
1838
1830
1832
1833
1836
1837
1839
1833
1825
1827
1829
1826
1830
1830
1827
1819
1819
1823
1821
1822
1822
1820
1809
1810
1813
1813
1812
1812
1810
1802
1799
1802
1801
1802
1802
1800
1794
1789
1791
1789
1790
1786
1789
1781
1778
1778
1777
1778
1777
1773
1768
1764
1765
1764
1765
1763
1763
1757
1750
1751
1747
1750
1749
1748
1741
1735
1735
1734
1730
1731
1730
1723
1718
1718
1718
1717
1714
1714
1705
1697
1700
1700
1699
1697
1694
1687
1681
1680
1681
1676
1676
1673
1667
1661
1665
1659
1655
1653
1650
1645
1639
1638
1638
1633
1631
1628
1622
1614
1615
1612
1609
1606
1604
1601
1593
1590
1588
1583
1581
1578
1573
1570
1564
1561
1558
1553
1551
1546
1541
1538
1535
1531
1531
1524
1520
1514
1507
1508
1503
1502
1499
1492
1487
1482
1478
1475
1472
1468
1464
1458
1455
1451
1448
1444
1439
1432
1431
1426
1423
1422
1415
1411
1407
1401
1398
1399
1395
1392
1390
1388
1384
1378
1376
1373
1367
1369
1365
1362
1361
1355
1353
1350
1345
1344
1341
1337
1333
1332
1330
1326
1323
1320
1314
1308
1309
1307
1304
1305
1298
1294
1291
1288
1285
1283
1280
1277
1273
1271
1269
1265
1262
1258
1253
1252
1248
1247
1246
1240
1238
1235
1231
1227
1225
1223
1220
1218
1216
1214
1207
1206
1203
1198
1197
1196
1191
1188
1185
1183
1182
1178
1172
1172
1168
1166
1164
1161
1163
1157
1152
1149
1146
1146
1142
1141
1139
1135
1131
1129
1127
1122
1123
1120
1117
1114
1112
1113
1107
1105
1103
1100
1096
1095
1093
1091
1089
1087
1083
1080
1076
1077
1074
1073
1070
1068
1066
1062
1060
1059
1056
1053
1052
1049
1047
1048
1044
1042
1039
1037
1033
1032
1030
1029
1027
1026
1023
1020
1017
1017
1012
1013
1011
1010
1007
1004
1003
1001
1000
994
996
993
989
989
988
990
984
983
979
975
976
974
974
973
972
967
964
963
960
961
959
958
955
952
955
950
948
947
943
943
940
939
938
936
934
934
930
926
928
926
924
923
921
921
917
915
915
912
911
911
908
905
917
928
934
943
951
949
947
958
967
975
984
994
993
988
996
1004
1013
1022
1029
1032
1026
1034
1043
1049
1056
1065
1068
1063
1068
1078
1086
1093
1099
1103
1098
1100
1112
1118
1127
1135
1139
1132
1134
1143
1149
1159
1163
1171
1166
1166
1176
1183
1190
1194
1202
1197
1193
1205
1215
1219
1225
1232
1226
1223
1233
1240
1246
1253
1262
1256
1250
1260
1268
1273
1280
1287
1283
1278
1286
1294
1299
1303
1311
1308
1303
1311
1320
1326
1330
1335
1334
1327
1333
1342
1347
1353
1358
1358
1351
1356
1362
1368
1376
1380
1380
1374
1379
1387
1390
1397
1401
1399
1396
1398
1407
1414
1418
1421
1424
1417
1419
1426
1431
1437
1440
1445
1442
1437
1445
1450
1454
1459
1464
1458
1456
1463
1468
1473
1477
1480
1477
1472
1480
1486
1491
1496
1501
1494
1488
1495
1498
1506
1510
1516
1511
1504
1511
1517
1520
1525
1530
1526
1519
1524
1531
1537
1540
1544
1541
1532
1538
1544
1547
1554
1555
1553
1547
1549
1556
1559
1563
1567
1566
1559
1564
1567
1569
1573
1574
1577
1569
1570
1579
1579
1584
1585
1586
1579
1578
1585
1587
1592
1595
1599
1589
1585
1588
1588
1592
1591
1593
1589
1580
1583
1585
1585
1587
1589
1583
1576
1579
1582
1586
1585
1587
1581
1574
1577
1580
1580
1584
1584
1586
1588
1590
1592
1594
1595
1597
1599
1602
1607
1604
1606
1608
1607
1610
1613
1615
1618
1618
1620
1622
1623
1624
1627
1629
1631
1632
1628
1623
1622
1626
1627
1628
1630
1627
1620
1622
1626
1626
1628
1630
1625
1621
1622
1626
1627
1630
1633
1630
1622
1623
1626
1627
1630
1632
1633
1625
1624
1629
1629
1630
1635
1636
1628
1627
1632
1636
1636
1637
1638
1631
1628
1634
1637
1641
1641
1645
1647
1650
1650
1656
1660
1662
1665
1669
1674
1674
1677
1679
1681
1684
1685
1690
1693
1695
1698
1700
1702
1702
1707
1711
1714
1716
1719
1723
1722
1714
1710
1714
1717
1719
1721
1725
1716
1711
1716
1718
1719
1723
1726
1719
1713
1718
1724
1723
1725
1728
1720
1710
1719
1723
1724
1726
1730
1725
1717
1719
1725
1727
1729
1731
1727
1719
1726
1726
1728
1731
1732
1729
1721
1725
1732
1730
1733
1734
1730
1723
1726
1730
1731
1734
1736
1736
1726
1726
1732
1731
1735
1736
1735
1729
1727
1732
1732
1736
1737
1738
1730
1724
1722
1719
1719
1713
1710
1702
1694
1695
1692
1689
1689
1684
1677
1671
1669
1669
1666
1663
1662
1659
1657
1658
1653
1652
1649
1645
1646
1644
1643
1644
1638
1637
1636
1634
1632
1632
1630
1628
1626
1625
1627
1623
1621
1619
1618
1618
1616
1615
1615
1613
1611
1610
1605
1597
1598
1598
1596
1595
1593
1591
1584
1581
1582
1579
1577
1579
1576
1569
1569
1568
1566
1566
1562
1563
1556
1553
1554
1553
1553
1551
1550
1544
1539
1538
1540
1540
1540
1542
1533
1527
1529
1528
1529
1528
1528
1523
1518
1518
1521
1518
1517
1517
1511
1507
1507
1508
1509
1508
1506
1504
1498
1494
1498
1497
1497
1498
1498
1500
1498
1499
1499
1498
1499
1500
1500
1500
1500
1499
1499
1501
1496
1500
1500
1500
1501
1501
1503
1501
1501
1501
1501
1499
1502
1502
1502
1495
1490
1492
1492
1490
1492
1492
1486
1480
1482
1483
1483
1481
1483
1478
1468
1473
1473
1473
1477
1473
1468
1462
1463
1464
1464
1464
1465
1462
1455
1459
1457
1456
1456
1453
1452
1447
1447
1450
1447
1448
1447
1444
1438
1439
1440
1439
1440
1439
1443
1441
1436
1429
1422
1418
1413
1407
1405
1397
1391
1386
1380
1375
1371
1365
1361
1356
1352
1350
1341
1337
1331
1325
1321
1318
1312
1310
1304
1298
1294
1289
1283
1280
1277
1271
1267
1263
1261
1253
1250
1244
1238
1236
1231
1227
1224
1219
1214
1210
1205
1199
1197
1193
1189
1186
1181
1180
1173
1168
1164
1159
1156
1153
1149
1145
1141
1137
1133
1129
1122
1121
1117
1113
1110
1107
1105
1098
1095
1091
1085
1084
1079
1076
1073
1069
1065
1062
1057
1052
1050
1047
1043
1040
1037
1035
1029
1027
1023
1018
1015
1012
1009
1006
1006
998
996
992
988
985
982
979
976
972
970
967
963
960
956
950
950
947
944
941
938
934
931
928
923
922
920
916
913
910
911
904
902
899
894
893
890
887
885
886
879
876
873
870
868
865
862
860
857
856
852
849
846
844
838
839
836
833
832
828
826
823
821
815
816
813
811
808
807
804
801
799
796
791
792
789
788
786
784
780
778
776
774
771
769
767
765
764
764
757
757
755
753
750
749
748
746
743
741
738
736
733
728
729
727
725
723
721
721
716
714
712
707
709
706
704
702
702
697
695
693
690
689
686
685
683
681
681
677
674
673
670
667
667
665
663
661
659
657
654
652
649
649
647
645
643
643
639
637
636
633
631
631
628
626
625
623
621
619
616
612
613
612
609
608
607
605
603
601
598
595
595
594
592
591
589
588
586
584
581
581
579
578
576
576
578
573
571
570
567
566
566
565
564
565
561
560
558
557
556
556
555
554
553
553
550
550
549
548
545
547
545
544
546
544
545
542
542
538
539
540
540
540
540
541
537
536
536
534
537
537
538
536
537
535
535
535
535
536
535
534
534
536
539
536
538
536
534
535
537
537
539
541
538
536
537
539
537
541
543
543
541
542
543
544
546
546
545
546
545
548
550
551
553
555
552
548
554
556
558
560
563
564
559
562
564
564
568
571
570
568
574
574
575
578
579
581
579
581
582
584
591
588
589
587
585
589
591
594
594
599
594
593
595
596
598
599
601
599
597
602
601
602
603
604
604
601
603
605
607
607
608
607
603
605
606
607
609
610
610
607
608
609
609
607
611
611
609
609
611
610
612
611
611
610
609
611
612
613
613
613
611
609
610
612
612
613
613
615
609
610
611
610
612
613
611
608
610
612
611
612
611
608
608
609
609
610
613
611
611
608
606
608
609
609
609
610
609
605
606
607
607
607
608
606
604
606
606
606
606
607
601
602
603
604
604
605
605
604
601
601
599
602
603
603
602
602
600
600
600
598
601
601
598
598
598
602
599
599
598
595
596
597
597
598
599
599
597
594
595
595
597
597
597
596
594
594
595
596
596
594
595
592
594
595
598
596
596
596
592
594
595
595
597
597
599
594
594
596
596
598
599
598
601
602
602
604
605
605
607
609
610
611
612
616
616
616
615
613
610
613
614
614
615
614
615
616
615
613
616
617
618
619
620
621
620
620
620
615
616
618
618
618
622
620
617
615
616
618
619
619
620
618
618
617
618
619
619
619
619
617
618
622
620
621
622
621
618
620
622
622
624
628
625
622
622
624
623
628
628
629
626
626
629
629
629
629
633
631
630
632
635
639
636
639
637
633
638
641
641
644
648
643
640
642
645
644
649
651
650
646
649
651
653
655
656
654
653
655
658
659
662
663
663
660
659
665
665
668
669
670
671
667
671
672
673
676
677
674
674
680
679
681
681
682
681
680
683
685
687
691
690
687
685
688
690
692
694
695
695
691
694
695
696
696
700
698
695
698
700
701
703
704
703
697
701
704
704
707
707
706
703
704
703
707
708
709
709
707
706
708
709
710
708
711
707
707
709
712
710
711
711
707
706
709
709
710
711
713
708
706
708
707
709
709
709
707
707
706
706
707
706
706
704
701
707
707
711
711
713
711
708
707
712
713
715
716
714
711
713
714
711
716
715
715
711
712
714
714
714
714
712
711
710
711
711
714
711
710
708
706
706
707
707
707
706
705
701
701
701
701
700
700
697
695
696
694
693
693
691
685
687
688
686
685
684
686
680
678
676
675
675
674
671
670
670
666
665
663
661
657
659
655
654
652
651
652
647
644
642
638
640
636
635
633
632
628
626
624
620
620
618
616
614
612
612
606
604
602
599
595
596
594
591
590
587
584
582
580
576
576
574
572
569
569
566
564
561
559
555
555
553
551
549
550
546
544
541
539
537
536
534
532
530
529
527
525
523
521
516
518
516
514
514
513
510
508
506
503
502
501
499
498
497
498
493
492
490
488
487
486
485
482
482
479
478
476
475
471
472
470
469
468
466
468
463
462
460
457
458
457
455
454
453
452
450
448
448
444
446
445
444
443
443
444
442
442
441
438
439
440
439
439
442
440
438
437
437
437
438
438
439
438
437
437
437
437
438
436
438
436
436
438
441
438
439
438
436
437
439
439
440
441
443
439
439
441
440
438
443
442
441
441
447
444
445
446
445
444
444
446
447
448
452
450
448
447
449
450
452
453
454
453
452
453
455
456
456
459
457
456
458
459
463
462
463
461
459
459
464
466
466
468
466
464
467
468
468
470
472
471
469
470
475
474
475
476
474
473
474
477
478
480
480
479
477
477
477
480
482
483
482
481
482
483
484
485
483
486
484
484
487
489
488
489
489
486
487
488
489
491
491
493
489
489
490
490
488
492
493
491
491
495
492
493
493
493
491
491
492
494
494
496
495
493
492
491
490
494
494
496
494
495
493
494
494
492
495
493
491
492
493
497
494
494
492
489
492
492
492
493
495
491
489
489
491
487
491
491
490
488
488
486
485
484
482
479
480
478
479
478
477
475
474
472
469
471
470
469
468
468
468
464
464
463
461
461
461
456
458
459
456
455
454
453
451
451
450
449
449
450
447
446
444
444
440
442
442
441
441
443
438
437
437
435
435
434
432
432
431
434
430
430
428
425
426
425
426
425
426
423
421
421
420
417
419
419
417
416
417
416
415
414
414
409
410
410
410
409
411
408
407
406
405
404
405
404
404
403
403
400
400
400
398
395
398
396
395
395
397
394
394
392
390
390
390
389
388
389
389
386
386
384
383
381
383
381
380
380
381
379
379
377
376
375
375
375
374
374
376
372
372
370
368
368
368
367
366
366
365
364
364
362
361
361
360
359
359
359
360
357
356
355
352
353
352
351
351
351
350
348
348
347
344
345
345
344
343
344
341
341
340
340
335
337
337
336
336
337
334
333
332
331
327
330
329
328
328
328
325
324
324
322
322
322
320
319
320
318
317
315
315
310
313
311
310
309
309
308
307
306
305
301
304
303
301
301
301
298
297
297
296
292
293
292
292
291
291
290
289
288
287
283
285
285
283
283
284
281
280
279
278
277
276
275
275
274
275
273
272
271
270
265
269
268
267
267
269
265
264
262
261
261
260
260
259
259
261
257
256
255
252
253
252
252
251
251
250
249
248
247
245
246
245
245
245
244
243
242
241
240
238
239
238
238
237
237
236
234
234
233
231
232
231
231
230
230
231
228
227
226
224
225
224
224
223
222
222
221
220
219
217
219
218
217
218
218
216
215
214
213
212
213
212
212
211
213
209
209
209
207
207
207
206
205
206
208
204
204
203
201
202
202
202
201
202
200
200
199
199
197
199
199
199
198
200
197
197
197
196
194
196
195
195
195
198
195
195
194
193
194
194
193
194
193
197
193
193
193
191
193
193
193
192
193
194
194
193
193
192
192
192
193
194
195
198
195
194
194
193
195
195
195
197
197
196
196
196
196
194
198
197
196
197
199
197
199
199
199
196
198
199
199
200
202
200
200
199
200
198
202
202
203
202
203
202
202
203
203
201
203
203
204
204
207
205
206
205
203
205
206
206
207
207
211
207
207
207
207
209
210
209
208
209
213
211
210
211
210
210
211
210
212
213
216
213
212
212
212
214
214
215
215
216
215
214
216
216
214
218
216
216
217
220
218
219
219
217
218
219
219
220
221
223
221
220
221
219
222
222
223
221
223
223
223
223
223
221
224
223
224
225
227
226
226
225
224
223
225
226
227
228
229
226
227
227
227
225
228
229
226
228
232
228
229
229
228
228
229
229
230
230
233
230
229
229
229
229
230
231
231
230
232
230
231
231
230
231
230
231
230
231
234
231
231
232
230
232
233
234
233
234
234
234
234
234
233
236
234
236
235
234
233
233
232
230
228
231
230
230
229
231
228
228
227
227
224
226
225
224
223
226
222
221
221
220
216
218
219
218
217
219
215
214
214
212
213
212
211
211
210
211
208
207
207
204
206
204
204
203
203
201
201
200
200
197
198
198
197
196
196
195
194
194
192
188
191
191
189
188
191
187
187
186
186
185
185
184
182
183
184
181
180
180
179
178
180
178
177
177
176
175
175
174
172
173
173
172
172
171
170
170
169
170
165
168
167
168
166
167
164
164
164
163
159
162
161
161
160
162
159
159
158
157
155
157
157
156
156
155
156
154
153
151
153
153
151
151
152
150
150
149
149
145
148
147
146
147
147
145
145
145
144
143
143
143
143
141
142
142
141
140
140
136
140
139
138
138
139
137
137
136
135
133
135
134
134
134
136
133
132
132
131
130
131
130
130
130
132
129
128
128
127
128
127
127
126
126
128
125
125
124
123
122
124
123
124
124
128
124
124
125
125
125
126
126
127
127
130
128
127
128
127
129
129
129
129
130
133
130
130
131
129
132
132
132
133
134
134
133
134
134
132
133
133
134
134
135
135
135
135
135
134
137
137
136
137
138
137
138
137
138
136
139
139
140
140
142
140
141
141
141
138
142
142
142
143
146
143
144
144
144
141
145
144
144
145
148
144
145
145
145
145
145
146
147
147
150
148
149
147
148
148
149
148
149
150
150
149
150
150
149
152
152
151
153
152
154
152
152
152
151
153
153
154
153
155
155
154
155
153
152
153
154
154
154
158
155
155
155
154
155
155
156
157
156
160
157
157
157
156
157
157
158
158
159
162
159
158
158
158
159
159
159
160
160
161
160
161
161
159
161
162
162
162
162
164
163
161
162
161
162
162
162
162
163
166
163
163
163
163
164
163
164
165
165
168
166
166
166
165
166
167
165
165
165
164
163
162
162
159
160
159
160
158
158
160
157
156
153
153
154
153
153
152
152
154
151
150
149
148
148
148
147
146
146
148
145
144
144
141
143
143
141
141
141
141
139
139
138
134
138
137
137
136
137
135
135
134
133
130
133
132
131
131
132
130
130
129
129
124
127
128
126
126
128
126
125
124
123
120
123
123
121
122
123
121
121
120
120
116
119
118
118
118
120
117
117
116
115
113
115
115
115
114
116
113
112
113
110
111
111
111
111
111
114
109
109
108
107
107
108
107
107
108
107
106
106
105
102
105
104
105
104
105
104
103
102
102
98
102
102
101
101
102
100
100
100
99
97
99
99
98
98
99
97
97
96
96
93
96
95
95
95
97
95
93
94
94
91
94
93
93
93
94
92
92
92
91
88
91
92
91
91
91
90
89
89
88
87
89
88
88
88
90
88
87
87
87
83
86
86
86
86
87
85
85
84
84
81
84
84
83
85
85
83
83
82
81
79
82
81
81
81
82
80
80
80
80
76
79
79
78
79
80
78
77
78
77
76
77
77
76
76
79
76
76
76
75
75
75
75
75
76
78
74
75
74
73
73
73
74
74
73
76
73
73
73
72
72
73
72
72
72
76
72
72
71
71
70
71
71
71
70
73
71
71
71
71
69
71
71
71
71
73
71
71
71
70
67
71
71
71
71
74
71
71
71
71
69
73
73
72
73
75
73
73
73
73
71
74
74
74
75
75
76
76
76
76
73
75
76
76
76
77
78
76
77
76
75
77
78
78
77
79
78
78
77
78
76
79
79
79
79
81
80
80
80
80
77
80
80
81
81
83
82
81
82
82
79
82
83
82
82
85
83
84
84
84
80
84
85
85
85
87
86
86
86
86
84
87
87
87
88
88
88
88
88
88
86
89
89
89
90
91
91
91
91
90
89
91
91
92
93
93
92
93
93
93
92
94
95
94
95
96
95
95
96
96
94
96
96
97
97
98
100
97
97
98
96
98
98
99
98
99
99
99
99
99
98
99
99
100
100
101
101
101
100
100
98
100
99
101
100
100
101
100
101
101
99
101
100
100
101
102
101
101
101
100
98
100
100
101
101
102
101
100
100
100
98
100
101
100
100
101
101
100
100
100
97
98
99
99
100
101
101
99
99
99
98
99
99
99
99
98
101
98
98
98
96
98
97
97
97
98
100
97
97
96
95
96
96
96
96
96
99
94
95
95
94
95
95
94
94
94
94
94
94
93
91
92
92
92
92
93
91
92
91
91
88
90
90
90
90
90
89
89
89
88
86
89
87
87
87
90
87
87
86
86
85
86
86
85
85
89
84
85
84
83
84
84
83
83
83
86
82
82
82
81
82
81
81
81
80
82
80
80
80
80
78
79
79
78
78
81
80
79
80
79
81
81
82
82
83
86
85
84
85
84
85
86
86
86
87
89
87
87
89
86
89
89
89
90
91
91
90
90
91
89
91
92
92
92
93
91
91
92
92
88
92
93
92
93
94
93
93
93
93
90
94
94
93
93
96
94
94
94
93
92
94
94
94
93
97
94
94
94
94
93
94
93
94
94
97
93
92
92
91
92
92
92
92
92
92
91
91
89
89
91
90
90
90
90
91
89
89
89
86
89
88
88
88
88
87
87
87
86
84
86
86
86
85
87
85
85
84
83
81
84
83
83
83
86
82
81
81
80
81
80
81
80
80
82
79
79
78
77
75
77
77
77
78
79
76
76
75
75
75
75
74
74
74
76
74
73
72
71
72
72
71
70
72
72
71
71
70
69
70
69
69
69
70
69
69
68
67
65
67
67
66
67
68
65
66
65
65
63
65
65
64
64
66
64
64
63
63
61
63
62
62
62
63
62
61
61
61
59
60
61
61
61
63
60
60
59
59
56
59
58
58
58
61
57
58
58
56
58
57
57
57
58
60
57
56
56
55
55
56
56
56
55
58
55
55
55
54
54
55
54
54
55
55
54
54
54
52
55
56
54
54
55
57
53
54
54
53
54
54
54
53
54
57
54
54
54
53
55
54
55
55
55
59
55
55
56
56
56
57
57
57
57
60
58
58
59
58
59
59
60
61
62
64
62
62
62
62
64
65
65
67
66
70
67
68
69
70
72
71
71
73
74
79
77
78
78
77
80
81
83
85
87
90
86
88
90
92
93
96
96
96
99
103
103
105
108
106
108
111
113
116
119
121
120
121
124
126
130
133
137
136
136
140
143
147
149
151
153
152
158
162
167
168
172
171
170
177
180
185
188
193
195
191
198
202
205
210
215
213
214
220
227
230
233
238
236
236
241
246
249
253
260
260
258
258
263
268
272
276
278
278
282
284
288
293
295
300
299
299
306
310
318
319
324
323
321
328
334
340
343
349
352
346
353
359
363
366
374
373
371
379
387
390
395
401
402
399
406
413
418
424
432
432
429
434
441
446
454
459
462
460
464
472
477
485
488
494
492
495
503
510
520
522
526
524
524
535
541
549
555
562
558
559
568
575
579
588
593
591
591
603
609
616
622
628
623
626
636
643
651
659
664
659
661
670
678
685
693
700
697
696
707
713
721
727
733
735
731
740
750
760
764
772
771
767
775
786
791
799
807
808
803
811
821
827
833
843
845
840
849
858
863
873
879
879
876
883
894
900
909
919
918
914
919
929
936
945
952
955
953
955
966
972
981
988
992
988
991
1004
1010
1019
1026
1031
1025
1025
1039
1046
1056
1062
1070
1063
1064
1076
1083
1093
1100
1106
1100
1101
1115
1124
1130
1137
1144
1136
1138
1150
1158
1169
1175
1182
1177
1173
1189
1204
1215
1226
1239
1237
1231
1245
1260
1270
1282
1291
1292
1286
1299
1316
1325
1337
1349
1348
1338
1354
1369
1379
1393
1404
1405
1397
1408
1425
1434
1445
1459
1459
1452
1465
1479
1488
1502
1513
1512
1508
1516
1533
1543
1557
1568
1573
1564
1570
1588
1596
1612
1621
1627
1621
1624
1641
1652
1665
1672
1683
1675
1676
1694
1705
1719
1729
1737
1728
1729
1746
1759
1772
1782
1792
1781
1783
1801
1812
1824
1835
1846
1837
1836
1854
1868
1882
1889
1902
1891
1886
1907
1919
1932
1945
1955
1944
1940
1958
1970
1984
1994
2008
1997
1991
2011
2027
2036
2046
2059
2049
2041
2061
2075
2089
2097
2110
2101
2091
2111
2124
2136
2147
2160
2152
2142
2160
2175
2186
2197
2207
2202
2192
2210
2224
2235
2247
2258
2251
2242
2257
2274
2284
2296
2308
2304
2291
2306
2322
2331
2340
2355
2348
2339
2353
2369
2380
2392
2402
2398
2387
2401
2417
2426
2440
2453
2445
2433
2447
2464
2470
2486
2498
2496
2481
2494
2511
2520
2534
2545
2540
2526
2541
2558
2568
2584
2592
2589
2576
2586
2605
2614
2629
2638
2637
2624
2633
2649
2660
2674
2684
2681
2668
2671
2682
2683
2691
2694
2695
2680
2680
2691
2699
2704
2706
2709
2695
2692
2704
2709
2718
2719
2722
2709
2709
2718
2722
2731
2732
2738
2725
2722
2732
2737
2745
2748
2752
2739
2734
2746
2752
2761
2764
2771
2757
2750
2762
2769
2774
2780
2791
2779
2765
2778
2786
2792
2798
2806
2792
2782
2795
2803
2811
2819
2825
2812
2800
2812
2822
2828
2836
2844
2831
2818
2831
2838
2848
2853
2862
2849
2837
2850
2860
2869
2873
2882
2868
2855
2870
2879
2889
2892
2901
2887
2875
2889
2899
2906
2911
2921
2907
2895
2912
2918
2926
2932
2939
2926
2914
2930
2938
2944
2950
2959
2944
2934
2948
2957
2963
2969
2978
2966
2952
2966
2975
2982
2985
2998
2986
2971
2985
2994
3000
3005
3015
3005
2990
3002
3013
3019
3027
3038
3027
3013
3020
3030
3037
3046
3055
3047
3031
3037
3049
3054
3063
3069
3062
3047
3054
3066
3072
3077
3084
3078
3061
3070
3079
3086
3093
3098
3092
3077
3083
3095
3098
3107
3112
3105
3090
3098
3107
3111
3119
3122
3116
3103
3110
3119
3122
3131
3136
3127
3115
3119
3130
3134
3141
3146
3140
3128
3129
3140
3143
3149
3156
3150
3137
3139
3154
3159
3169
3177
3174
3157
3163
3176
3181
3191
3198
3192
3176
3182
3194
3198
3208
3217
3208
3192
3199
3210
3215
3223
3230
3222
3205
3213
3224
3229
3236
3241
3232
3216
3221
3236
3241
3247
3253
3244
3227
3235
3246
3250
3257
3263
3251
3236
3246
3257
3259
3265
3271
3255
3243
3255
3263
3267
3272
3279
3261
3249
3261
3268
3273
3278
3284
3268
3254
3266
3273
3278
3279
3290
3277
3259
3271
3278
3282
3284
3292
3278
3263
3273
3280
3284
3289
3298
3280
3265
3275
3279
3285
3289
3296
3279
3265
3275
3279
3287
3290
3296
3279
3266
3276
3283
3290
3289
3295
3279
3263
3276
3282
3285
3288
3292
3276
3261
3273
3279
3283
3284
3289
3273
3262
3274
3275
3280
3281
3285
3270
3257
3269
3271
3274
3276
3279
3264
3251
3260
3265
3268
3270
3276
3263
3245
3253
3257
3261
3258
3267
3256
3237
3246
3251
3252
3255
3259
3245
3230
3237
3242
3244
3248
3249
3235
3220
3227
3229
3233
3239
3241
3227
3211
3216
3221
3223
3224
3227
3215
3199
3205
3211
3210
3212
3214
3203
3190
3190
3199
3197
3198
3200
3189
3174
3178
3182
3182
3184
3186
3175
3161
3161
3165
3162
3164
3160
3158
3145
3140
3144
3141
3144
3140
3138
3124
3117
3121
3120
3121
3118
3119
3101
3094
3098
3095
3097
3094
3097
3079
3071
3074
3071
3073
3070
3070
3056
3045
3048
3048
3050
3044
3045
3031
3017
3022
3022
3023
3019
3018
3005
2992
2995
2994
2992
2992
2990
2979
2967
2969
2967
2963
2961
2957
2952
2939
2938
2937
2933
2932
2928
2923
2910
2906
2907
2902
2901
2898
2894
2879
2874
2874
2868
2869
2866
2864
2848
2840
2840
2836
2836
2831
2828
2815
2807
2808
2805
2801
2797
2794
2781
2769
2772
2769
2767
2761
2758
2747
2734
2735
2733
2729
2726
2723
2712
2702
2699
2696
2691
2686
2684
2675
2665
2661
2659
2653
2649
2644
2637
2626
2622
2620
2615
2612
2609
2599
2588
2584
2579
2575
2572
2568
2560
2550
2544
2542
2534
2533
2527
2521
2510
2505
2502
2501
2492
2488
2482
2471
2464
2463
2459
2453
2447
2443
2432
2425
2422
2417
2413
2407
2403
2394
2389
2383
2378
2373
2366
2364
2356
2347
2343
2339
2334
2328
2322
2315
2307
2304
2300
2295
2290
2288
2278
2268
2265
2261
2256
2251
2247
2242
2231
2226
2223
2216
2212
2207
2202
2193
2184
2178
2171
2163
2155
2147
2138
2128
2125
2117
2111
2102
2095
2087
2080
2070
2065
2059
2051
2044
2037
2030
2027
2016
2009
2001
1994
1988
1980
1974
1970
1961
1953
1946
1939
1933
1927
1919
1913
1907
1901
1897
1886
1881
1874
1866
1861
1855
1849
1846
1836
1830
1824
1816
1811
1805
1799
1793
1787
1781
1778
1769
1763
1758
1749
1745
1739
1734
1730
1722
1716
1710
1704
1699
1693
1688
1683
1676
1671
1668
1661
1653
1649
1643
1634
1632
1627
1623
1618
1611
1606
1600
1593
1590
1585
1579
1575
1570
1566
1559
1554
1548
1544
1535
1534
1529
1524
1522
1515
1509
1504
1498
1494
1490
1485
1480
1476
1471
1467
1462
1456
1451
1444
1442
1439
1433
1432
1424
1419
1414
1410
1405
1401
1397
1392
1389
1384
1381
1375
1370
1367
1361
1357
1353
1348
1346
1340
1336
1332
1328
1321
1319
1315
1311
1307
1303
1300
1294
1290
1286
1282
1275
1275
1270
1267
1265
1258
1254
1251
1246
1243
1239
1235
1231
1227
1226
1218
1216
1212
1207
1201
1200
1197
1193
1191
1186
1182
1178
1174
1168
1167
1164
1160
1156
1153
1152
1146
1143
1138
1133
1132
1130
1134
1138
1139
1142
1145
1147
1145
1151
1154
1157
1160
1161
1165
1165
1167
1169
1171
1173
1175
1177
1177
1176
1171
1174
1175
1176
1178
1179
1182
1184
1186
1189
1188
1190
1192
1193
1192
1197
1198
1200
1204
1201
1203
1203
1204
1207
1209
1209
1212
1212
1213
1214
1215
1216
1217
1215
1218
1216
1212
1215
1216
1214
1215
1215
1213
1207
1207
1210
1210
1212
1213
1210
1205
1204
1204
1206
1207
1207
1208
1202
1200
1202
1202
1201
1204
1203
1197
1195
1197
1200
1198
1198
1199
1192
1190
1192
1194
1194
1195
1193
1188
1185
1185
1187
1188
1188
1189
1184
1182
1181
1182
1182
1182
1179
1180
1175
1175
1178
1177
1176
1177
1174
1167
1169
1171
1170
1171
1171
1172
1164
1163
1163
1162
1163
1163
1162
1157
1156
1157
1156
1157
1154
1155
1150
1148
1149
1150
1152
1148
1148
1144
1140
1140
1141
1141
1141
1143
1135
1132
1134
1132
1133
1132
1132
1128
1125
1126
1125
1124
1123
1123
1117
1115
1116
1116
1117
1116
1115
1111
1107
1106
1107
1106
1106
1106
1102
1100
1098
1098
1097
1095
1095
1093
1089
1089
1090
1087
1087
1086
1081
1080
1078
1079
1078
1077
1077
1073
1070
1068
1067
1064
1065
1062
1061
1059
1054
1054
1052
1051
1048
1048
1047
1046
1044
1043
1045
1040
1039
1037
1035
1035
1033
1031
1030
1029
1026
1025
1023
1019
1020
1018
1017
1016
1014
1015
1011
1009
1007
1004
1003
999
997
996
996
993
990
988
982
982
981
979
978
975
976
970
968
966
964
959
961
957
955
955
951
949
948
945
943
941
937
936
934
932
934
928
926
923
919
920
917
915
913
911
907
905
903
900
899
897
894
892
890
890
886
883
881
878
872
873
873
869
869
865
863
860
858
852
854
851
849
847
845
845
840
838
836
831
831
828
826
825
822
819
817
815
810
810
809
806
804
802
803
797
795
792
790
788
787
784
781
781
777
775
773
771
766
767
765
762
759
758
758
754
751
749
744
745
742
739
740
739
734
732
730
727
725
723
721
720
717
716
713
711
710
707
701
703
701
699
697
696
693
690
689
684
684
682
680
678
676
678
672
670
668
663
664
662
660
659
660
654
652
650
648
647
645
643
641
639
639
635
634
632
629
625
626
624
622
621
618
617
615
612
609
609
607
606
604
602
603
598
597
595
592
591
590
588
587
587
583
581
580
577
573
574
572
571
569
569
566
564
562
560
555
558
556
554
553
551
549
548
546
542
543
543
540
538
537
536
534
532
530
525
527
526
524
523
525
520
518
517
514
514
513
510
509
508
507
506
504
503
499
500
500
497
497
498
493
492
491
488
488
487
487
486
484
485
481
481
480
477
476
477
476
473
477
472
472
470
469
469
467
467
466
465
467
463
462
461
459
460
459
459
458
459
457
456
456
455
451
454
453
453
452
453
452
451
450
449
445
448
447
447
448
449
446
445
445
444
444
442
441
441
441
443
440
439
438
435
436
436
435
435
436
434
431
432
430
429
430
430
429
427
429
427
427
425
424
422
423
423
423
422
425
421
420
419
416
416
415
414
412
410
411
408
407
405
403
403
402
400
400
400
397
396
394
393
390
391
390
389
388
389
385
384
382
381
378
379
380
378
376
378
373
372
371
369
369
368
368
366
366
366
362
362
361
359
358
357
356
355
355
353
352
351
350
346
348
347
346
345
345
343
342
341
340
336
338
335
336
335
337
333
332
332
329
329
328
327
327
326
327
323
322
322
319
320
319
318
317
318
316
314
314
313
310
311
310
309
309
310
306
306
305
303
303
302
301
301
300
301
298
298
296
294
294
293
293
293
293
292
290
289
288
286
287
286
285
284
286
283
282
282
280
280
279
279
277
278
280
276
275
274
273
273
273
272
271
271
270
269
268
267
265
266
265
265
264
264
266
262
262
260
259
259
259
259
257
258
257
256
255
255
251
254
254
253
253
254
252
251
251
250
248
249
249
249
248
250
247
247
247
245
246
245
247
250
252
258
256
258
257
256
260
263
265
267
269
267
268
271
271
271
276
278
276
278
282
281
283
285
287
282
285
289
290
292
296
296
294
293
296
299
300
301
303
302
304
304
305
306
306
310
310
307
310
312
313
314
315
315
311
315
317
318
319
321
320
319
319
321
319
323
323
323
322
326
324
325
326
326
326
326
326
326
327
330
328
328
326
326
324
328
328
329
330
329
326
329
327
328
328
328
327
326
327
330
327
327
327
325
324
325
325
324
326
325
324
322
322
320
322
321
321
320
320
318
318
318
317
314
316
315
315
315
316
313
312
312
308
309
308
307
307
306
308
303
302
302
299
300
300
298
297
297
296
294
293
292
288
290
289
288
286
288
285
284
283
281
277
279
278
277
276
278
274
273
273
271
270
269
268
267
266
268
264
264
262
260
260
260
259
258
258
259
255
254
253
251
252
251
250
249
249
250
247
245
245
243
243
243
242
241
240
240
238
238
237
234
235
235
233
234
234
232
231
230
230
227
228
227
226
226
226
225
224
223
223
221
221
221
220
219
219
222
216
216
217
213
215
214
214
213
213
212
211
211
210
208
209
209
208
208
209
207
207
206
206
203
205
205
204
204
205
202
202
202
202
199
202
200
200
200
202
200
200
199
197
198
197
197
197
197
197
196
196
195
194
195
195
194
195
194
194
193
194
193
190
192
192
193
192
192
192
191
191
190
188
190
190
191
189
191
189
188
189
187
185
188
188
187
187
190
186
186
187
186
186
186
186
185
186
186
185
184
183
181
184
183
184
184
185
183
182
183
182
179
182
183
180
182
185
181
182
182
179
180
181
181
180
181
181
181
181
181
179
181
181
182
182
183
182
182
183
182
179
183
183
184
184
186
184
185
187
185
183
186
187
186
186
187
187
187
188
187
185
188
187
188
189
191
190
190
190
189
187
189
190
191
191
191
189
190
190
190
187
191
191
190
190
192
191
191
192
191
189
190
191
192
192
195
192
191
191
190
191
192
192
192
192
191
192
191
192
189
192
193
191
191
192
192
192
192
192
190
192
192
192
193
195
192
193
193
193
190
193
193
193
193
195
193
193
194
192
189
193
192
193
192
195
192
192
192
190
189
190
190
189
190
191
190
188
188
186
184
187
187
186
186
188
184
184
184
183
183
183
182
181
182
184
180
180
180
177
177
178
178
178
179
180
177
174
175
174
174
174
173
172
172
175
172
171
171
169
170
170
170
169
169
168
168
168
166
165
166
167
166
166
166
165
165
165
164
163
164
163
163
163
164
163
163
163
162
160
162
162
162
162
163
163
161
162
162
158
162
161
161
161
163
161
162
162
162
159
161
162
163
163
166
164
163
163
163
164
164
164
165
165
167
164
166
166
165
167
167
167
166
166
167
165
164
163
161
162
162
162
161
161
160
160
159
159
157
159
159
158
158
159
157
158
157
157
155
157
157
156
156
158
155
156
156
155
153
155
155
155
156
156
154
155
155
154
151
154
154
153
154
156
153
153
154
153
149
153
153
153
153
154
152
152
151
151
148
152
151
151
150
153
150
150
149
149
149
149
149
149
148
151
148
148
147
145
147
147
147
146
147
146
145
145
143
144
144
144
144
144
144
144
143
143
142
140
142
142
142
142
143
141
141
142
141
138
142
141
141
142
144
142
142
142
141
138
142
142
142
144
144
144
143
144
144
142
145
146
146
145
148
145
146
147
146
144
146
146
147
148
152
150
149
149
148
149
151
150
151
152
155
151
152
153
153
153
155
154
154
155
160
157
158
159
158
158
158
160
159
163
165
162
163
163
163
163
165
166
167
169
171
171
170
172
172
173
176
176
176
175
178
177
178
179
179
176
181
182
183
184
187
186
187
188
188
188
190
192
193
193
195
192
193
195
195
193
197
197
197
197
201
199
200
201
201
198
202
202
203
205
207
206
205
204
206
207
209
209
210
211
213
211
212
213
213
214
214
213
215
217
220
218
219
218
217
220
220
221
222
224
225
222
223
225
224
226
227
226
226
228
231
229
230
232
231
230
231
232
233
235
236
236
234
235
235
236
239
240
240
240
239
240
241
243
241
243
243
242
244
246
246
246
247
246
243
247
249
249
250
253
250
249
251
251
250
253
255
253
253
255
255
256
256
257
255
255
257
258
259
260
264
259
258
260
260
260
263
263
263
262
265
264
265
265
265
265
265
265
266
268
271
269
268
269
267
269
269
271
271
271
273
270
272
272
272
273
274
272
271
274
276
275
275
276
273
272
275
275
277
277
280
276
275
276
275
278
278
278
278
276
279
279
279
279
279
275
277
278
279
279
282
280
279
278
278
279
279
279
279
279
281
278
278
277
277
277
277
276
275
275
276
275
274
273
271
272
272
272
271
271
271
269
268
268
266
265
266
265
264
264
263
261
261
260
257
259
257
256
255
255
255
253
252
251
249
249
249
248
245
246
245
244
244
243
240
240
239
238
238
237
239
234
234
233
231
231
231
231
228
228
228
226
225
224
221
222
222
221
221
220
222
218
217
216
214
215
213
213
212
212
211
209
209
207
205
207
206
204
204
204
203
202
201
200
197
199
198
198
198
198
195
194
194
192
188
191
191
190
189
190
188
187
187
186
182
185
184
183
182
183
181
181
179
179
176
178
177
176
176
177
174
174
173
172
168
171
171
170
170
171
168
167
167
166
163
165
164
164
163
165
162
162
161
160
157
159
159
158
158
159
156
156
156
154
151
153
154
153
152
153
151
151
150
149
146
149
149
148
149
151
151
153
152
152
149
154
154
154
156
158
157
155
157
158
156
160
161
161
161
163
163
164
166
166
164
167
167
169
170
173
172
174
174
173
172
177
179
180
182
183
181
183
184
186
184
189
189
188
191
195
195
196
199
197
195
200
202
204
206
210
206
206
208
210
213
215
216
216
216
221
220
222
225
226
226
226
229
231
233
238
237
238
237
237
241
243
245
248
249
250
248
252
254
254
258
259
258
259
263
265
266
269
271
268
269
272
275
278
280
285
281
280
284
285
288
290
293
291
291
295
295
298
301
302
302
301
304
307
310
312
313
313
312
312
317
318
320
322
324
322
323
327
328
328
332
333
331
333
337
341
341
341
342
340
341
345
346
348
351
352
350
351
353
354
357
359
361
358
359
365
363
365
366
367
368
366
370
371
374
374
376
374
374
373
378
379
381
383
383
380
382
384
385
384
388
387
386
388
393
391
392
393
393
388
392
394
394
396
398
396
394
395
396
394
398
400
400
399
402
400
400
402
401
404
402
402
405
405
410
407
408
406
405
407
409
411
411
414
411
410
412
413
414
415
416
415
414
416
420
418
419
420
418
414
419
420
421
423
426
422
421
422
423
424
425
427
424
423
427
426
426
427
428
427
425
427
427
429
430
430
429
427
426
429
430
430
431
431
432
429
430
430
430
433
431
430
430
431
431
431
432
432
427
429
429
430
432
432
434
430
430
430
429
430
431
431
429
429
430
429
429
429
429
428
427
428
428
429
431
428
426
425
425
426
425
426
426
426
423
424
423
423
422
423
421
419
421
421
424
421
419
419
417
416
417
417
416
416
418
413
413
413
411
411
413
411
409
408
410
407
407
406
404
401
403
403
402
402
401
399
398
397
395
396
395
393
393
391
391
390
388
387
385
385
384
382
382
381
380
378
377
376
374
376
376
376
376
378
380
377
378
378
377
377
378
378
378
377
378
377
377
376
374
376
375
374
374
374
372
372
371
371
369
370
369
368
368
368
366
366
364
364
360
361
361
359
359
359
357
355
354
353
349
350
350
350
349
348
346
344
343
343
338
340
339
337
337
337
335
334
333
331
327
329
328
327
326
327
323
322
321
320
315
318
317
315
315
315
312
312
310
308
304
307
307
305
304
306
302
301
299
299
295
297
295
294
294
294
292
290
289
288
285
286
286
284
284
285
282
281
280
279
276
277
277
276
275
275
273
272
272
271
267
269
269
267
266
267
266
265
264
264
260
262
262
261
259
261
260
259
258
257
255
256
255
255
254
254
254
253
253
253
250
252
251
251
250
251
251
251
249
249
246
249
248
249
248
249
247
247
246
247
245
247
247
245
246
248
246
246
248
246
243
246
246
246
246
248
247
245
246
246
244
247
247
247
245
250
256
261
266
270
272
280
277
277
283
289
291
296
300
299
295
303
308
311
315
321
319
318
322
326
327
333
336
337
337
340
343
346
351
352
352
353
355
360
360
366
368
370
368
369
371
376
380
382
384
385
383
387
389
392
391
397
394
395
399
402
404
406
409
407
402
409
412
414
416
422
417
415
419
421
420
425
427
426
425
428
429
431
433
434
430
431
434
436
438
442
441
440
438
439
441
443
445
446
445
446
444
446
448
448
448
450
448
449
451
453
454
454
454
451
452
454
455
457
458
461
455
456
457
457
458
460
461
459
459
461
461
462
462
463
462
461
463
464
465
468
466
464
463
464
465
467
467
468
467
465
467
468
468
467
470
469
467
469
470
473
472
472
471
468
470
472
472
473
476
474
471
472
473
473
475
475
475
474
476
475
475
477
477
475
475
475
476
477
480
478
479
476
476
473
478
479
480
480
479
477
479
479
480
478
481
480
477
477
477
475
473
472
470
466
467
467
465
466
464
466
461
460
458
457
458
456
455
453
454
451
451
450
449
446
446
445
445
443
443
442
441
439
438
436
437
436
436
435
434
432
431
430
429
427
428
426
425
424
425
426
422
422
421
418
418
418
417
416
417
415
413
413
412
410
411
410
410
406
408
411
406
406
405
404
403
403
403
403
403
402
402
400
400
399
400
400
400
399
399
400
398
397
398
397
396
395
395
397
397
401
397
398
396
394
396
398
398
398
399
400
396
397
398
398
396
401
398
398
400
404
402
402
403
402
400
402
404
405
406
411
406
404
406
407
408
410
411
411
409
411
412
413
414
415
416
414
414
418
418
422
420
420
419
419
419
423
424
425
426
428
425
426
428
428
429
430
430
430
432
436
434
435
437
432
431
437
437
439
440
444
439
439
441
440
443
445
447
444
443
448
446
448
448
449
448
447
445
444
445
441
441
439
438
432
436
435
434
433
433
430
429
428
426
423
424
423
422
421
422
419
418
417
416
412
413
412
412
411
411
409
408
407
406
402
402
403
403
400
402
399
397
397
395
395
394
392
392
390
393
389
387
386
384
384
384
382
381
381
379
378
377
376
373
374
373
372
370
370
372
368
366
365
363
363
363
362
361
360
358
357
356
355
352
352
352
351
350
349
350
347
345
344
343
340
342
340
339
338
340
336
335
334
332
332
330
330
329
328
329
325
325
324
322
319
321
319
318
318
319
316
314
313
312
311
310
309
309
309
310
306
305
304
303
302
301
301
299
299
298
297
296
295
293
293
293
292
291
290
293
288
289
286
284
285
284
283
282
283
281
280
279
279
278
277
277
275
275
274
277
273
273
271
269
270
269
269
268
267
267
265
265
265
263
263
263
262
261
260
263
259
258
257
257
256
254
255
254
255
253
253
251
250
248
249
249
248
247
246
247
245
243
243
240
241
240
239
238
239
238
236
236
235
232
233
233
232
231
231
231
228
228
227
225
226
225
224
223
223
223
221
221
219
218
218
218
217
216
217
215
214
214
213
210
212
211
210
209
209
208
207
206
205
203
205
203
203
202
203
204
201
200
199
197
196
197
196
195
195
195
194
193
192
191
191
190
190
189
188
191
187
186
186
184
184
184
183
182
182
183
180
180
179
178
178
178
177
177
176
178
175
174
173
172
170
172
171
170
169
172
169
168
168
166
166
165
166
165
164
167
163
162
162
159
160
161
160
158
159
161
157
157
156
155
152
155
155
154
153
154
152
152
150
150
147
149
149
149
148
149
147
146
146
145
142
145
143
143
143
144
142
142
141
140
137
140
139
139
138
140
138
137
137
136
133
135
135
134
134
135
134
133
132
131
127
131
130
129
129
130
129
128
128
127
124
126
126
125
126
129
130
130
132
134
130
133
135
136
137
139
141
140
139
141
141
143
145
146
145
146
149
147
148
149
149
150
149
150
152
153
157
154
154
153
154
155
156
157
158
158
159
157
158
159
159
157
158
160
159
160
163
161
162
162
161
160
162
162
162
163
167
162
163
164
162
163
164
164
163
163
165
163
163
164
163
163
163
163
162
163
166
164
162
162
162
162
163
162
162
163
163
161
161
162
159
161
161
160
159
160
159
159
159
157
153
158
158
157
157
158
157
155
155
155
152
155
154
154
153
154
153
152
151
152
147
151
151
150
149
151
149
148
147
146
147
146
145
146
146
148
144
144
143
141
143
142
142
141
139
143
140
139
138
136
137
137
137
136
136
139
135
135
134
132
133
133
132
131
131
132
130
130
129
127
128
128
127
127
127
126
126
125
124
122
125
124
124
122
123
122
122
121
120
119
119
120
119
118
119
120
117
117
116
115
116
115
116
115
115
115
114
113
111
110
112
112
111
110
112
111
110
109
109
106
109
109
108
107
109
107
107
106
105
103
105
105
104
104
106
103
104
104
102
103
102
102
103
102
105
101
101
101
99
99
100
100
100
100
100
98
98
98
95
98
97
97
98
98
97
96
96
97
95
96
95
97
96
97
96
95
95
95
91
95
95
95
95
98
94
95
95
95
94
95
94
94
94
97
95
94
94
94
92
94
94
94
94
97
95
95
94
94
94
94
95
94
95
95
94
95
95
92
95
95
95
94
96
95
95
96
95
92
95
95
95
96
98
96
95
96
96
93
97
97
97
97
98
97
97
97
97
95
98
97
97
98
100
99
99
98
98
96
99
99
100
100
101
100
100
100
100
98
100
100
100
101
103
101
102
102
101
100
102
102
102
103
106
103
102
103
103
102
104
104
104
104
106
103
103
103
102
99
102
101
102
102
103
101
101
100
100
97
100
100
99
100
101
99
99
98
98
95
98
97
99
98
100
97
97
97
96
95
96
96
96
97
100
96
95
96
95
92
95
95
95
95
99
96
95
95
94
94
95
94
94
95
97
94
94
94
94
92
94
94
94
95
96
93
93
94
93
93
93
93
93
93
95
94
94
93
93
91
94
94
94
94
94
94
93
94
94
91
94
94
94
95
98
94
95
94
94
93
94
96
95
95
98
95
95
95
94
95
95
96
96
96
97
96
96
97
95
97
98
97
98
98
101
98
98
98
97
99
99
99
100
101
100
99
100
100
99
101
101
101
102
103
102
103
103
103
100
103
103
104
105
105
104
105
105
105
104
106
107
107
106
108
107
109
109
109
108
109
109
110
111
112
112
112
111
111
110
113
114
113
114
114
117
115
115
116
115
117
117
116
116
117
117
116
117
116
114
116
114
116
116
116
115
115
115
115
113
115
115
115
114
115
114
114
114
115
111
114
114
113
114
116
114
114
113
113
110
114
113
114
113
115
113
114
113
112
110
113
112
112
113
115
113
113
113
112
112
112
112
113
113
115
112
112
112
112
112
113
112
112
112
115
112
112
112
111
112
112
112
112
113
112
112
112
112
110
111
112
112
112
112
112
112
112
112
109
112
112
111
112
112
114
112
113
111
110
112
112
112
112
113
112
111
111
112
110
112
112
112
111
112
114
112
111
111
110
110
111
111
111
112
115
112
111
111
111
109
112
111
112
111
114
111
110
111
111
108
112
111
111
112
113
111
112
111
110
109
111
111
111
112
112
114
111
111
110
108
112
111
111
111
112
111
111
111
111
107
111
110
110
110
114
111
110
111
109
108
111
110
110
111
112
110
110
110
110
110
109
110
110
110
113
109
110
110
110
111
114
115
117
118
119
117
119
120
121
123
124
123
124
126
130
129
129
130
129
129
132
133
134
136
140
136
136
138
139
138
141
143
142
142
146
145
146
147
147
146
147
149
150
151
155
153
152
152
154
153
155
157
158
158
159
158
159
161
161
159
163
161
163
164
167
166
167
168
165
165
169
170
171
171
172
171
171
173
173
173
175
175
174
175
178
177
178
180
179
176
178
180
181
182
184
183
182
182
183
182
185
186
186
185
187
187
187
188
188
186
189
188
190
191
193
192
192
192
192
190
193
195
196
196
197
195
196
197
198
196
199
198
197
199
201
201
201
202
201
197
202
203
203
204
207
204
204
205
205
203
208
206
208
206
209
208
208
210
210
207
209
210
211
212
214
213
213
211
211
211
214
215
216
216
216
216
217
216
217
215
218
217
218
219
222
220
221
221
220
219
221
222
223
224
228
223
222
221
220
220
219
219
218
218
217
216
215
215
211
214
214
212
213
214
211
211
209
208
209
208
207
207
207
209
204
204
204
203
203
203
202
201
201
204
200
199
199
198
198
198
197
197
197
198
196
195
195
194
194
194
194
194
194
195
192
192
192
190
191
191
192
191
192
190
190
189
189
186
189
189
188
189
188
187
187
187
186
184
187
187
186
187
187
187
186
186
186
184
185
186
186
186
187
186
185
185
185
183
185
186
186
185
185
186
185
185
185
185
184
184
185
185
186
189
186
186
185
186
184
187
187
187
186
189
187
187
188
187
188
187
187
188
189
191
189
189
188
187
185
190
191
191
191
193
190
190
191
192
190
192
192
192
192
195
194
193
195
193
191
194
195
195
196
197
196
195
197
196
194
198
198
197
197
199
199
200
200
200
197
200
200
201
201
202
203
202
201
202
201
203
204
205
204
204
206
208
210
212
212
214
212
216
218
222
221
223
223
221
221
227
229
231
233
236
231
233
236
237
236
240
241
241
242
248
246
249
250
250
249
251
254
255
256
261
260
258
260
262
260
266
267
269
267
270
270
272
274
275
277
276
276
279
280
286
284
286
285
284
287
289
292
293
296
295
293
297
298
300
302
304
303
302
305
309
309
310
313
311
310
313
316
318
320
322
321
319
321
323
327
328
330
330
328
334
333
335
337
338
338
337
340
343
346
349
349
347
346
348
351
353
356
357
357
359
358
361
362
364
366
367
365
367
370
374
374
375
376
373
376
380
381
384
385
389
384
385
388
390
390
395
396
395
396
403
400
403
405
406
405
404
408
411
414
418
418
416
414
417
420
423
425
428
426
426
428
431
432
434
438
436
434
438
441
445
445
448
446
442
448
451
453
457
459
458
455
459
462
460
466
469
468
466
464
462
458
459
455
453
452
450
449
446
445
443
441
440
438
434
434
433
431
429
428
427
424
423
420
418
418
416
414
412
412
410
408
407
405
401
402
401
399
399
398
396
394
393
392
387
389
387
387
385
387
384
382
381
379
379
378
377
377
376
377
374
373
371
371
367
371
370
370
368
370
366
367
366
365
366
364
363
364
364
367
363
365
363
360
360
363
363
363
364
365
361
362
363
361
364
364
364
362
363
367
364
365
366
365
361
365
366
367
369
370
370
368
369
369
371
372
374
374
373
376
375
376
377
377
380
379
379
380
385
384
385
387
385
382
388
389
391
394
396
397
393
395
398
397
401
404
402
401
405
406
408
409
412
409
410
413
416
418
421
425
422
420
421
425
427
430
432
433
431
435
435
438
441
442
443
441
443
447
449
454
454
454
453
453
456
459
462
465
466
467
467
469
471
473
476
477
475
477
481
484
486
489
488
486
483
489
490
492
493
497
491
491
493
493
495
497
498
496
496
500
499
501
502
502
500
500
502
504
507
507
508
506
504
504
509
510
511
513
512
512
511
514
515
516
518
517
516
516
521
520
523
524
522
517
522
526
526
528
530
530
526
528
531
529
534
536
535
534
538
536
539
541
542
540
540
541
544
545
549
550
551
548
548
549
553
555
557
559
559
556
559
561
563
562
568
565
564
567
570
573
573
577
574
569
578
579
581
584
590
584
582
586
588
591
594
598
595
592
597
600
602
604
606
604
603
606
610
612
618
618
617
615
617
618
622
627
629
630
629
629
632
634
639
637
642
640
640
645
650
651
653
656
652
651
656
659
662
665
668
665
663
669
670
672
677
680
676
675
685
683
685
688
690
689
686
691
694
697
702
704
701
698
701
701
707
710
714
713
711
712
716
718
720
723
723
720
722
727
730
731
735
734
730
727
733
734
736
736
738
734
731
734
733
736
736
738
735
731
735
734
735
735
735
730
730
731
732
732
733
732
730
727
725
727
727
727
727
724
723
721
721
720
720
717
717
714
714
714
712
711
710
707
702
704
703
701
701
699
698
694
692
691
687
688
686
684
682
683
679
677
675
672
669
667
666
664
662
662
659
656
653
652
646
647
645
642
642
639
636
634
631
627
627
625
623
620
619
620
614
611
609
606
605
602
600
599
597
594
591
589
586
582
583
580
578
577
574
575
571
568
566
563
562
560
559
556
557
552
550
548
545
545
543
541
540
538
539
535
533
532
530
525
528
527
524
524
524
522
521
520
517
517
517
517
517
516
519
515
513
513
513
513
515
513
515
514
512
515
515
517
516
520
521
523
525
528
531
531
534
537
538
543
545
549
551
557
558
561
565
568
570
576
580
585
589
594
598
599
596
593
590
589
587
584
581
581
577
575
573
570
566
566
563
562
560
559
559
554
552
550
547
546
545
542
542
540
538
536
535
534
530
532
529
527
526
526
525
524
523
521
517
518
518
518
518
519
515
514
513
513
511
513
512
512
510
511
511
510
511
511
509
509
509
510
510
514
512
513
510
508
511
513
513
514
516
517
512
515
516
517
519
521
520
518
521
523
524
526
529
525
526
528
531
532
537
539
539
536
538
541
544
547
549
551
551
548
554
556
559
563
564
562
563
568
572
575
577
581
578
575
583
588
591
594
601
596
596
600
603
610
613
617
616
613
622
624
628
633
637
634
634
639
646
649
658
659
661
658
660
668
672
678
683
685
683
684
691
696
701
704
710
707
708
715
722
727
731
737
732
733
740
746
752
757
765
760
758
766
772
774
784
790
788
785
792
798
804
810
815
816
811
817
826
831
838
843
843
838
844
850
858
865
871
874
872
879
902
920
939
955
971
965
970
994
1013
1031
1046
1066
1058
1056
1083
1102
1120
1136
1156
1149
1144
1170
1187
1207
1222
1242
1240
1233
1256
1276
1292
1308
1326
1323
1318
1339
1361
1376
1393
1410
1413
1405
1417
1443
1457
1477
1491
1508
1526
1542
1560
1578
1594
1609
1630
1646
1662
1682
1696
1714
1730
1744
1759
1775
1792
1810
1826
1842
1861
1874
1890
1907
1922
1937
1952
1967
1976
1965
1970
1993
2004
2020
2035
2046
2035
2037
2060
2074
2093
2102
2116
2106
2101
2123
2140
2157
2170
2185
2173
2167
2189
2205
2221
2234
2250
2239
2230
2253
2273
2284
2298
2313
2302
2292
2315
2333
2346
2360
2375
2367
2353
2375
2394
2406
2421
2434
2429
2419
2435
2454
2466
2479
2490
2492
2479
2495
2512
2522
2539
2549
2550
2540
2546
2567
2577
2594
2605
2613
2599
2600
2621
2632
2647
2658
2670
2657
2653
2674
2688
2701
2709
2725
2709
2703
2724
2737
2751
2763
2778
2763
2752
2772
2787
2800
2812
2825
2813
2799
2820
2834
2847
2859
2872
2865
2850
2865
2884
2896
2904
2916
2911
2896
2908
2926
2936
2949
2959
2956
2941
2947
2969
2976
2991
2999
3003
2987
2988
3011
3017
3033
3040
3048
3034
3030
3052
3061
3074
3081
3092
3078
3068
3087
3100
3112
3120
3134
3119
3105
3124
3137
3146
3154
3168
3157
3139
3158
3172
3180
3189
3201
3190
3174
3190
3205
3213
3224
3236
3225
3208
3220
3234
3243
3254
3264
3256
3240
3248
3262
3270
3281
3288
3285
3267
3274
3289
3297
3307
3313
3311
3294
3297
3314
3322
3329
3334
3334
3317
3318
3334
3339
3351
3355
3357
3341
3340
3354
3360
3370
3375
3374
3360
3360
3372
3378
3388
3390
3399
3382
3374
3388
3396
3405
3409
3419
3399
3388
3403
3410
3415
3423
3435
3417
3402
3416
3426
3431
3439
3446
3432
3416
3428
3439
3445
3452
3459
3448
3431
3439
3448
3455
3465
3469
3463
3446
3449
3459
3464
3474
3478
3475
3457
3458
3471
3478
3483
3487
3486
3466
3466
3480
3483
3491
3494
3497
3478
3473
3487
3491
3499
3501
3508
3490
3483
3493
3498
3505
3507
3517
3499
3485
3498
3504
3511
3512
3523
3507
3489
3502
3510
3515
3521
3529
3513
3496
3506
3515
3516
3524
3534
3519
3501
3509
3517
3522
3528
3534
3524
3507
3512
3522
3525
3531
3535
3528
3510
3509
3523
3527
3533
3535
3532
3513
3504
3500
3493
3487
3479
3473
3456
3444
3444
3435
3430
3422
3416
3402
3390
3387
3382
3377
3372
3365
3352
3338
3336
3332
3329
3324
3321
3311
3293
3290
3289
3283
3278
3276
3269
3251
3247
3247
3240
3239
3235
3227
3212
3207
3208
3202
3202
3196
3189
3174
3169
3167
3165
3165
3160
3155
3141
3134
3134
3132
3131
3127
3122
3108
3102
3103
3102
3100
3096
3094
3078
3070
3074
3075
3071
3068
3067
3052
3043
3046
3045
3046
3042
3041
3027
3019
3021
3019
3019
3019
3015
3003
2994
2997
2996
2996
2995
2993
2983
2970
2975
2976
2976
2975
2976
2964
2951
2955
2956
2952
2956
2958
2946
2932
2937
2938
2935
2939
2939
2929
2917
2919
2922
2922
2923
2924
2917
2903
2900
2907
2906
2912
2908
2903
2890
2888
2893
2892
2895
2896
2890
2877
2875
2884
2880
2883
2881
2877
2865
2863
2871
2868
2871
2871
2868
2856
2851
2857
2859
2861
2860
2860
2850
2841
2848
2848
2849
2851
2853
2842
2832
2838
2840
2842
2842
2845
2832
2822
2829
2831
2833
2837
2838
2825
2815
2819
2824
2826
2830
2830
2818
2806
2812
2813
2818
2820
2823
2811
2798
2805
2811
2811
2813
2816
2806
2790
2797
2800
2800
2801
2802
2795
2780
2783
2788
2786
2788
2790
2784
2773
2771
2775
2775
2777
2775
2773
2761
2761
2765
2764
2767
2765
2764
2751
2748
2753
2753
2757
2756
2757
2744
2737
2743
2741
2747
2746
2750
2733
2727
2733
2734
2736
2737
2739
2726
2718
2723
2726
2731
2727
2730
2717
2708
2714
2717
2720
2720
2723
2710
2700
2705
2708
2711
2712
2716
2702
2694
2702
2701
2704
2705
2707
2695
2685
2692
2697
2697
2700
2702
2691
2680
2686
2690
2692
2695
2696
2688
2681
2681
2686
2687
2689
2692
2686
2676
2676
2682
2682
2685
2688
2685
2672
2672
2679
2679
2685
2689
2683
2671
2669
2674
2677
2682
2685
2682
2669
2666
2674
2673
2680
2681
2683
2670
2665
2671
2676
2679
2679
2684
2671
2658
2671
2676
2681
2680
2685
2673
2660
2669
2674
2677
2680
2684
2674
2662
2672
2674
2676
2679
2682
2675
2663
2669
2674
2675
2679
2682
2674
2665
2667
2673
2675
2679
2682
2680
2665
2666
2672
2673
2678
2681
2679
2669
2664
2672
2673
2678
2679
2679
2667
2663
2671
2673
2678
2682
2680
2666
2662
2667
2671
2676
2679
2680
2666
2661
2675
2685
2695
2702
2712
2697
2692
2706
2719
2725
2732
2742
2728
2720
2734
2746
2753
2761
2770
2760
2746
2760
2770
2777
2786
2794
2787
2776
2783
2794
2799
2807
2811
2809
2797
2803
2815
2819
2828
2832
2830
2817
2822
2833
2836
2846
2852
2850
2834
2838
2850
2851
2861
2866
2868
2852
2853
2863
2866
2875
2879
2880
2867
2864
2875
2879
2889
2891
2894
2879
2874
2885
2891
2899
2900
2904
2890
2884
2891
2900
2906
2909
2914
2900
2892
2906
2908
2913
2916
2921
2907
2898
2910
2914
2919
2921
2928
2913
2903
2913
2919
2923
2926
2933
2921
2907
2916
2922
2925
2927
2935
2925
2910
2918
2925
2927
2928
2936
2939
2943
2947
2954
2957
2962
2966
2970
2974
2978
2979
2985
2988
2993
2995
2997
3000
3002
3008
3011
3016
3019
3021
3025
3029
3035
3035
3038
3040
3023
3014
3020
3024
3026
3027
3031
3015
3004
3011
3014
3017
3018
3021
3011
2996
3000
3005
3004
3005
3010
3002
2988
2990
2996
2996
2998
3002
2995
2981
2982
2987
2987
2991
2995
2988
2973
2972
2977
2978
2982
2986
2982
2967
2962
2967
2969
2973
2972
2973
2959
2951
2959
2963
2964
2964
2968
2953
2941
2945
2948
2945
2945
2945
2945
2944
2947
2948
2947
2948
2948
2950
2952
2950
2949
2949
2949
2948
2950
2951
2950
2949
2951
2950
2952
2953
2952
2952
2952
2953
2952
2942
2926
2930
2931
2928
2929
2930
2932
2930
2932
2932
2929
2931
2932
2932
2932
2932
2932
2934
2937
2933
2932
2931
2929
2931
2933
2935
2932
2933
2933
2933
2936
2935
2936
2935
2932
2919
2910
2917
2913
2914
2913
2910
2898
2889
2895
2893
2893
2891
2892
2879
2869
2873
2873
2874
2873
2875
2865
2850
2854
2856
2853
2857
2858
2849
2834
2838
2840
2837
2840
2841
2831
2818
2821
2825
2824
2826
2826
2817
2804
2803
2810
2809
2814
2812
2805
2793
2792
2797
2796
2798
2800
2794
2782
2781
2785
2784
2786
2786
2786
2791
2793
2796
2798
2800
2801
2801
2805
2807
2809
2810
2812
2812
2814
2816
2818
2820
2822
2820
2826
2827
2834
2832
2833
2834
2834
2832
2818
2815
2820
2819
2822
2823
2824
2806
2801
2807
2805
2810
2809
2813
2797
2790
2796
2797
2799
2800
2803
2790
2780
2786
2789
2794
2792
2795
2783
2768
2778
2781
2786
2785
2788
2777
2763
2769
2775
2776
2778
2780
2773
2761
2768
2773
2776
2783
2785
2784
2771
2773
2781
2784
2791
2793
2791
2779
2779
2788
2791
2798
2800
2804
2788
2784
2793
2796
2803
2805
2811
2795
2789
2798
2802
2807
2811
2818
2804
2793
2803
2810
2817
2819
2824
2813
2798
2809
2816
2822
2824
2828
2822
2808
2813
2821
2823
2829
2832
2829
2816
2817
2825
2827
2833
2833
2838
2824
2823
2828
2832
2838
2838
2845
2832
2822
2832
2836
2841
2846
2850
2855
2860
2866
2866
2875
2880
2884
2889
2894
2899
2901
2908
2912
2913
2917
2922
2928
2933
2936
2939
2944
2947
2949
2957
2961
2963
2966
2965
2951
2943
2953
2956
2961
2962
2967
2952
2942
2952
2953
2957
2959
2961
2951
2937
2948
2950
2952
2955
2957
2950
2936
2940
2946
2947
2952
2955
2951
2932
2935
2941
2941
2947
2949
2948
2931
2930
2937
2935
2942
2944
2943
2929
2925
2932
2934
2938
2938
2941
2926
2915
2926
2929
2933
2934
2939
2924
2911
2921
2925
2928
2929
2934
2923
2909
2919
2921
2922
2926
2925
2922
2908
2910
2917
2917
2921
2920
2919
2905
2904
2911
2912
2917
2919
2917
2902
2899
2906
2904
2913
2914
2917
2903
2894
2906
2910
2921
2925
2933
2918
2910
2921
2931
2936
2941
2949
2934
2924
2937
2946
2951
2956
2964
2949
2938
2951
2959
2966
2972
2979
2968
2956
2965
2975
2980
2986
2994
2985
2974
2979
2990
2994
3000
3008
3001
2987
2993
3003
3007
3016
3024
3018
3004
3007
3017
3021
3031
3038
3033
3017
3019
3031
3035
3043
3048
3056
3063
3071
3078
3088
3093
3099
3104
3111
3118
3126
3135
3138
3141
3148
3154
3162
3168
3174
3181
3188
3193
3200
3208
3211
3217
3222
3215
3200
3205
3217
3218
3224
3229
3219
3206
3210
3221
3224
3231
3235
3232
3219
3217
3230
3230
3237
3242
3244
3226
3224
3235
3238
3244
3251
3252
3236
3232
3243
3247
3256
3258
3260
3244
3240
3248
3255
3267
3266
3271
3254
3247
3259
3265
3273
3276
3278
3261
3256
3269
3276
3282
3284
3288
3270
3265
3277
3283
3290
3293
3298
3279
3274
3286
3292
3300
3303
3311
3295
3286
3295
3302
3309
3310
3321
3306
3290
3304
3312
3318
3320
3331
3317
3301
3313
3322
3327
3334
3344
3331
3315
3323
3331
3338
3345
3352
3342
3325
3332
3339
3347
3355
3360
3356
3339
3341
3355
3359
3366
3370
3371
3350
3349
3362
3364
3371
3372
3376
3359
3352
3363
3368
3375
3377
3385
3370
3356
3366
3373
3379
3380
3390
3379
3359
3372
3379
3382
3388
3395
3382
3366
3374
3384
3388
3395
3399
3387
3370
3378
3387
3391
3400
3402
3392
3375
3380
3391
3395
3401
3406
3399
3382
3386
3400
3400
3407
3411
3402
3388
3392
3401
3403
3412
3415
3409
3392
3395
3405
3406
3416
3419
3413
3395
3398
3409
3411
3416
3423
3420
3399
3402
3413
3413
3423
3426
3423
3406
3405
3416
3419
3431
3431
3427
3411
3409
3421
3424
3432
3434
3434
3416
3411
3425
3427
3435
3437
3437
3419
3416
3432
3432
3441
3443
3445
3430
3421
3434
3438
3447
3449
3453
3436
3427
3439
3445
3451
3453
3461
3443
3432
3443
3449
3455
3458
3469
3448
3436
3450
3453
3462
3466
3474
3457
3443
3455
3463
3472
3475
3481
3467
3448
3461
3471
3474
3481
3486
3475
3455
3467
3476
3480
3487
3492
3481
3464
3475
3482
3485
3493
3494
3493
3477
3476
3489
3492
3500
3504
3503
3486
3484
3496
3499
3508
3511
3509
3491
3489
3501
3500
3513
3519
3517
3500
3494
3505
3510
3520
3522
3528
3510
3500
3512
3520
3526
3528
3532
3514
3502
3529
3546
3559
3568
3585
3565
3551
3574
3589
3602
3612
3627
3609
3594
3614
3630
3642
3652
3663
3651
3633
3652
3669
3679
3689
3704
3693
3674
3689
3706
3715
3728
3741
3729
3710
3723
3739
3748
3763
3770
3766
3747
3752
3772
3779
3793
3800
3803
3782
3782
3802
3810
3824
3831
3835
3811
3812
3833
3839
3854
3858
3869
3883
3894
3904
3913
3925
3936
3945
3956
3964
3973
3982
3990
3999
4010
4017
4026
4036
4044
4054
4062
4070
4080
4090
4098
4106
4114
4120
4094
4083
4100
4107
4118
4128
4132
4109
4096
4111
4122
4132
4137
4149
4126
4109
4126
4137
4144
4151
4161
4138
4120
4138
4147
4154
4161
4168
4176
4186
4196
4203
4209
4217
4224
4233
4243
4246
4252
4259
4263
4269
4277
4282
4289
4294
4299
4309
4315
4320
4327
4332
4340
4345
4352
4328
4306
4319
4327
4333
4342
4345
4326
4302
4314
4325
4328
4336
4341
4326
4302
4310
4323
4324
4331
4336
4323
4295
4306
4317
4319
4326
4330
4320
4297
4300
4311
4312
4321
4324
4318
4298
4292
4305
4306
4312
4317
4314
4290
4285
4297
4295
4306
4307
4306
4283
4275
4287
4289
4298
4297
4300
4277
4262
4273
4280
4281
4282
4290
4266
4247
4258
4264
4267
4270
4275
4257
4235
4247
4251
4253
4257
4257
4246
4223
4230
4238
4238
4243
4247
4233
4210
4215
4224
4225
4232
4238
4225
4203
4202
4211
4213
4222
4222
4217
4194
4187
4200
4201
4207
4207
4205
4182
4175
4187
4186
4194
4193
4194
4172
4163
4172
4175
4180
4179
4184
4162
4147
4158
4162
4166
4168
4175
4151
4134
4145
4150
4150
4157
4162
4162
4168
4173
4179
4183
4187
4193
4198
4202
4206
4210
4217
4218
4221
4223
4224
4230
4238
4238
4241
4245
4246
4251
4256
4260
4263
4265
4267
4265
4243
4229
4237
4238
4242
4236
4244
4219
4203
4212
4213
4216
4215
4219
4196
4178
4187
4190
4192
4195
4196
4173
4154
4159
4166
4168
4168
4171
4151
4127
4138
4142
4143
4146
4148
4130
4109
4117
4120
4120
4122
4122
4108
4089
4092
4098
4096
4099
4101
4091
4067
4069
4075
4074
4077
4077
4069
4047
4045
4052
4046
4055
4054
4047
4026
4021
4026
4026
4031
4029
4026
4005
3998
4004
4006
4008
4005
4005
3981
3974
3981
3980
3983
3980
3980
3961
3948
3954
3956
3958
3957
3960
3942
3923
3929
3931
3930
3931
3937
3914
3895
3896
3893
3889
3885
3882
3865
3847
3847
3846
3843
3836
3834
3819
3799
3799
3801
3793
3791
3787
3774
3756
3754
3754
3748
3746
3742
3730
3714
3710
3710
3705
3703
3699
3690
3672
3667
3669
3663
3660
3658
3648
3633
3625
3627
3622
3622
3617
3610
3592
3585
3583
3581
3585
3576
3570
3553
3544
3547
3543
3543
3538
3533
3517
3508
3513
3506
3505
3499
3494
3479
3472
3473
3469
3468
3462
3459
3444
3435
3436
3433
3433
3428
3427
3409
3398
3401
3397
3396
3393
3395
3375
3363
3366
3362
3363
3359
3358
3343
3329
3331
3331
3332
3326
3325
3310
3292
3298
3300
3295
3293
3291
3278
3264
3265
3266
3262
3262
3259
3249
3238
3233
3235
3231
3227
3228
3218
3204
3202
3203
3200
3197
3199
3189
3173
3172
3174
3170
3171
3167
3160
3146
3141
3144
3141
3143
3137
3132
3117
3111
3115
3112
3112
3109
3104
3090
3085
3091
3084
3084
3081
3075
3065
3058
3060
3058
3058
3054
3050
3039
3031
3034
3032
3032
3029
3030
3014
3005
3008
3005
3006
3004
3008
2991
2980
2983
2981
2981
2979
2980
2967
2954
2958
2959
2957
2955
2955
2943
2927
2933
2935
2932
2931
2931
2920
2904
2905
2902
2897
2894
2889
2880
2870
2864
2862
2856
2851
2848
2841
2832
2823
2821
2816
2811
2808
2801
2789
2785
2783
2777
2775
2770
2763
2753
2745
2740
2739
2736
2730
2726
2714
2707
2702
2701
2699
2693
2689
2678
2671
2673
2665
2661
2656
2651
2641
2633
2635
2629
2625
2621
2617
2606
2598
2596
2593
2590
2585
2584
2572
2562
2561
2558
2554
2551
2549
2538
2529
2527
2524
2517
2517
2514
2504
2496
2493
2491
2490
2483
2480
2472
2460
2460
2458
2455
2450
2447
2440
2430
2426
2425
2421
2418
2415
2409
2401
2395
2393
2389
2386
2383
2378
2369
2367
2362
2358
2356
2349
2347
2338
2333
2332
2328
2326
2324
2318
2309
2303
2300
2299
2296
2292
2289
2279
2273
2272
2266
2266
2263
2260
2251
2244
2244
2242
2237
2235
2232
2221
2215
2215
2215
2210
2206
2204
2195
2188
2187
2185
2181
2179
2177
2172
2161
2159
2158
2153
2152
2149
2144
2135
2133
2131
2128
2123
2123
2117
2109
2107
2106
2104
2101
2097
2093
2084
2080
2081
2077
2078
2072
2068
2060
2056
2056
2053
2052
2048
2044
2036
2036
2033
2030
2028
2024
2022
2014
2010
2009
2007
2006
2003
1997
1992
1988
1992
1992
1994
1994
1995
1986
1980
1983
1981
1985
1985
1989
1978
1972
1974
1976
1976
1976
1978
1970
1963
1966
1970
1967
1968
1967
1961
1953
1956
1959
1961
1959
1961
1954
1945
1948
1950
1949
1950
1951
1946
1941
1939
1942
1941
1941
1943
1939
1931
1934
1933
1932
1934
1932
1931
1922
1921
1925
1924
1927
1929
1924
1916
1914
1915
1916
1918
1918
1919
1908
1906
1910
1908
1912
1911
1911
1901
1901
1904
1903
1905
1903
1904
1893
1892
1896
1898
1898
1898
1900
1891
1885
1890
1891
1892
1892
1894
1887
1880
1884
1885
1886
1887
1890
1882
1878
1878
1880
1881
1882
1884
1877
1869
1873
1876
1877
1880
1879
1873
1865
1865
1871
1872
1873
1874
1869
1862
1863
1863
1866
1868
1870
1866
1858
1860
1862
1862
1864
1864
1859
1854
1855
1861
1859
1862
1862
1860
1852
1852
1855
1856
1858
1859
1861
1851
1848
1852
1851
1856
1857
1858
1853
1845
1849
1851
1853
1854
1857
1849
1843
1848
1851
1852
1853
1855
1848
1838
1846
1849
1851
1852
1854
1849
1839
1842
1847
1849
1851
1853
1847
1841
1843
1846
1848
1849
1852
1847
1839
1846
1846
1847
1850
1850
1848
1840
1838
1837
1834
1833
1833
1827
1819
1815
1813
1813
1812
1810
1810
1800
1796
1795
1792
1792
1789
1787
1780
1775
1776
1777
1773
1770
1768
1759
1757
1756
1756
1753
1751
1750
1742
1735
1738
1736
1734
1732
1731
1727
1718
1718
1717
1715
1711
1712
1706
1701
1700
1698
1696
1695
1690
1687
1682
1681
1680
1678
1677
1676
1670
1664
1662
1659
1660
1659
1657
1652
1646
1645
1644
1640
1641
1639
1635
1629
1627
1629
1625
1624
1622
1618
1613
1610
1609
1611
1607
1605
1602
1597
1594
1594
1592
1592
1589
1588
1585
1578
1578
1577
1574
1575
1573
1568
1566
1563
1563
1561
1559
1560
1554
1550
1550
1549
1550
1548
1547
1542
1535
1535
1538
1537
1536
1536
1530
1525
1525
1524
1525
1525
1525
1521
1516
1519
1517
1516
1515
1514
1512
1507
1506
1509
1507
1508
1507
1504
1499
1498
1501
1499
1500
1501
1501
1494
1492
1494
1491
1496
1495
1497
1499
1498
1498
1500
1500
1502
1504
1505
1506
1508
1510
1513
1511
1513
1514
1512
1516
1517
1519
1524
1522
1523
1525
1525
1529
1530
1532
1534
1535
1538
1535
1528
1529
1531
1532
1536
1537
1535
1527
1528
1532
1532
1536
1537
1536
1529
1528
1531
1534
1534
1533
1532
1524
1524
1528
1528
1532
1530
1530
1523
1521
1524
1526
1528
1528
1527
1522
1523
1523
1524
1526
1526
1528
1521
1519
1525
1524
1526
1526
1527
1521
1518
1522
1523
1526
1527
1531
1522
1518
1522
1521
1527
1527
1529
1525
1519
1522
1525
1526
1528
1530
1524
1519
1523
1526
1531
1528
1531
1523
1518
1525
1526
1530
1533
1534
1527
1521
1525
1529
1531
1533
1536
1529
1524
1528
1530
1533
1534
1534
1531
1525
1530
1536
1535
1537
1540
1531
1528
1534
1536
1538
1540
1544
1538
1531
1536
1539
1536
1544
1547
1540
1535
1540
1543
1544
1544
1550
1543
1538
1544
1546
1552
1553
1554
1548
1541
1547
1551
1554
1556
1559
1561
1564
1568
1568
1574
1577
1580
1583
1587
1591
1592
1596
1598
1601
1600
1606
1609
1613
1616
1619
1622
1624
1625
1630
1633
1635
1639
1642
1641
1633
1633
1640
1639
1640
1645
1644
1637
1639
1643
1644
1649
1648
1650
1642
1643
1649
1650
1657
1656
1658
1650
1648
1654
1657
1662
1664
1666
1659
1655
1661
1665
1669
1670
1674
1667
1663
1672
1672
1677
1678
1681
1675
1670
1677
1682
1685
1688
1692
1685
1676
1683
1685
1686
1687
1689
1686
1677
1680
1683
1683
1682
1687
1683
1677
1678
1681
1681
1683
1683
1681
1674
1675
1679
1679
1683
1682
1678
1671
1672
1675
1676
1678
1681
1676
1667
1670
1673
1673
1676
1677
1675
1668
1667
1675
1671
1673
1673
1671
1665
1664
1668
1672
1670
1671
1671
1663
1661
1665
1665
1668
1668
1669
1663
1658
1662
1662
1661
1665
1666
1659
1657
1658
1659
1662
1659
1663
1655
1651
1654
1656
1660
1658
1659
1651
1648
1648
1653
1654
1655
1656
1649
1644
1647
1646
1651
1651
1653
1645
1640
1646
1645
1647
1648
1649
1642
1636
1641
1643
1644
1645
1645
1639
1631
1637
1639
1639
1641
1643
1638
1630
1633
1635
1635
1637
1639
1632
1627
1629
1631
1632
1632
1636
1628
1622
1625
1627
1629
1632
1632
1624
1618
1622
1621
1625
1625
1628
1620
1614
1618
1619
1618
1621
1623
1616
1610
1614
1619
1616
1617
1618
1611
1606
1610
1612
1615
1613
1615
1614
1615
1619
1620
1621
1623
1625
1626
1627
1629
1629
1631
1628
1633
1633
1636
1635
1637
1638
1639
1637
1641
1643
1644
1645
1646
1648
1646
1639
1635
1638
1636
1640
1640
1641
1632
1626
1625
1623
1617
1617
1614
1607
1601
1600
1599
1595
1592
1589
1583
1574
1576
1573
1571
1570
1566
1559
1553
1551
1550
1548
1545
1542
1537
1532
1529
1527
1525
1521
1515
1516
1509
1508
1508
1503
1501
1498
1492
1488
1486
1485
1481
1481
1478
1473
1468
1465
1465
1459
1461
1458
1456
1451
1447
1445
1444
1439
1439
1436
1432
1428
1427
1429
1424
1422
1419
1413
1410
1410
1407
1408
1404
1403
1397
1393
1390
1392
1389
1387
1385
1382
1379
1374
1374
1372
1366
1368
1367
1365
1365
1361
1360
1358
1356
1352
1352
1352
1350
1347
1346
1346
1342
1340
1338
1335
1335
1333
1332
1330
1329
1326
1324
1323
1317
1318
1313
1310
1310
1308
1308
1304
1301
1297
1293
1292
1291
1290
1288
1286
1280
1277
1277
1273
1274
1272
1270
1265
1263
1264
1260
1259
1257
1255
1255
1253
1253
1251
1249
1247
1247
1245
1241
1243
1241
1240
1238
1237
1238
1234
1233
1232
1231
1230
1229
1228
1227
1227
1224
1224
1222
1216
1214
1215
1213
1212
1211
1213
1207
1202
1203
1202
1199
1201
1200
1197
1195
1192
1193
1192
1190
1191
1188
1184
1184
1185
1187
1183
1183
1181
1175
1181
1188
1192
1198
1202
1203
1198
1200
1205
1211
1216
1220
1221
1216
1221
1225
1228
1233
1235
1236
1231
1234
1242
1244
1250
1253
1254
1246
1249
1256
1259
1265
1268
1273
1263
1264
1271
1271
1279
1282
1285
1281
1278
1284
1288
1293
1295
1300
1295
1292
1299
1304
1311
1311
1315
1309
1304
1313
1316
1322
1326
1330
1325
1321
1328
1330
1337
1341
1346
1341
1337
1347
1348
1353
1357
1360
1359
1353
1358
1366
1368
1373
1379
1376
1367
1376
1381
1385
1390
1395
1395
1386
1391
1399
1402
1407
1413
1413
1407
1410
1418
1422
1428
1430
1432
1426
1429
1438
1442
1450
1453
1454
1447
1449
1458
1462
1469
1475
1476
1469
1470
1479
1482
1492
1496
1502
1495
1493
1505
1508
1515
1519
1524
1518
1515
1525
1534
1539
1544
1552
1544
1536
1550
1557
1563
1568
1574
1569
1564
1574
1583
1588
1590
1602
1606
1614
1623
1629
1635
1642
1647
1657
1664
1672
1679
1686
1693
1700
1705
1710
1718
1721
1732
1738
1745
1752
1759
1766
1772
1775
1786
1792
1797
1798
1790
1793
1803
1806
1814
1818
1817
1812
1812
1824
1828
1836
1839
1845
1837
1831
1837
1840
1842
1844
1849
1838
1832
1838
1841
1843
1847
1851
1844
1836
1842
1846
1850
1848
1855
1848
1840
1847
1851
1855
1858
1860
1855
1846
1849
1857
1860
1865
1867
1864
1856
1859
1863
1868
1872
1876
1874
1866
1868
1874
1876
1881
1883
1883
1874
1875
1885
1884
1890
1893
1892
1884
1884
1892
1894
1900
1903
1904
1893
1894
1902
1903
1908
1913
1912
1905
1905
1912
1914
1919
1922
1923
1914
1915
1923
1926
1934
1934
1934
1925
1925
1933
1936
1942
1947
1946
1937
1936
1943
1947
1954
1956
1961
1967
1971
1976
1980
1984
1988
1992
1996
2001
2006
2012
2013
2014
2020
2023
2027
2031
2035
2039
2044
2045
2052
2054
2057
2060
2063
2055
2047
2054
2061
2059
2062
2066
2057
2049
2055
2060
2062
2065
2068
2064
2052
2057
2062
2059
2065
2068
2072
2074
2077
2078
2080
2080
2086
2088
2090
2092
2093
2095
2097
2096
2099
2100
2099
2104
2105
2108
2106
2108
2110
2109
2110
2112
2111
2102
2094
2098
2102
2099
2098
2097
2087
2080
2083
2085
2085
2082
2082
2082
2080
2082
2081
2081
2080
2079
2078
2080
2077
2075
2073
2065
2061
2053
2050
2044
2038
2032
2026
2019
2016
2009
2006
1999
1994
1988
1982
1975
1970
1963
1955
1951
1942
1938
1931
1926
1919
1912
1905
1898
1892
1885
1879
1873
1870
1860
1852
1845
1838
1833
1827
1821
1815
1807
1800
1794
1784
1781
1775
1767
1761
1753
1749
1744
1735
1728
1722
1712
1709
1703
1697
1691
1684
1678
1671
1662
1660
1653
1646
1642
1634
1630
1622
1616
1611
1604
1595
1593
1588
1582
1579
1570
1564
1559
1552
1548
1542
1537
1531
1526
1520
1518
1509
1504
1498
1492
1487
1483
1477
1474
1466
1462
1456
1450
1446
1441
1436
1431
1426
1421
1419
1411
1406
1401
1394
1391
1387
1382
1378
1372
1367
1362
1357
1353
1349
1343
1339
1334
1330
1328
1321
1316
1311
1304
1302
1298
1294
1291
1285
1280
1276
1271
1267
1263
1258
1254
1250
1247
1242
1238
1233
1229
1221
1221
1217
1213
1212
1204
1201
1196
1192
1188
1184
1180
1177
1173
1170
1166
1162
1158
1154
1146
1146
1143
1139
1138
1132
1130
1125
1121
1118
1115
1111
1108
1104
1102
1098
1094
1091
1086
1081
1081
1077
1074
1074
1068
1065
1061
1058
1054
1052
1048
1045
1042
1042
1036
1032
1029
1025
1024
1020
1017
1014
1012
1008
1005
1002
997
996
993
990
986
985
983
979
975
972
968
966
964
961
960
957
952
950
947
942
941
938
936
932
930
930
925
922
919
915
914
911
908
906
906
899
898
895
892
889
887
885
882
881
880
874
872
868
866
864
861
859
856
856
851
849
847
842
841
839
836
834
832
831
827
824
822
819
817
814
812
810
811
805
803
801
797
796
793
791
790
787
788
782
780
777
774
773
771
769
767
767
761
759
757
754
753
751
749
747
744
745
740
738
735
733
731
729
727
725
726
721
719
716
714
714
711
709
706
705
706
701
698
696
692
692
690
688
686
688
682
681
678
675
675
673
670
669
667
668
663
661
659
656
655
653
651
650
651
646
644
643
639
638
637
636
633
632
633
628
626
624
621
620
619
617
615
616
612
610
608
606
604
603
602
600
598
598
594
593
589
589
586
586
584
583
582
579
578
576
574
570
571
569
568
566
566
563
562
561
560
555
557
556
555
554
552
550
549
548
545
545
544
542
541
540
539
536
535
533
530
531
530
528
527
528
524
523
522
518
519
516
516
514
514
512
509
509
507
502
504
503
501
501
499
497
496
495
491
492
490
490
488
488
485
484
483
481
476
479
477
476
475
477
473
470
469
466
467
466
464
463
463
460
459
457
455
454
454
452
452
451
449
447
446
444
442
443
441
439
439
438
437
435
433
433
430
429
429
427
427
429
424
423
422
420
420
418
417
416
415
415
413
411
410
407
408
407
405
405
406
403
401
400
398
397
397
396
395
394
395
391
390
389
388
387
386
385
384
384
382
381
380
379
374
377
376
375
374
375
372
371
370
369
365
367
366
365
364
366
362
361
360
358
359
358
357
356
355
354
352
352
350
346
349
349
348
348
349
344
344
343
341
341
340
339
338
338
340
336
335
334
332
332
332
331
329
330
328
327
326
325
322
324
323
322
321
321
319
319
318
316
312
315
314
313
312
315
311
310
309
307
307
307
306
305
304
307
303
302
301
298
299
299
298
297
299
295
295
294
292
293
291
290
290
290
289
288
287
285
283
284
284
283
283
285
281
280
279
278
278
278
277
276
275
278
274
274
272
270
271
271
270
270
269
268
267
266
265
261
264
264
263
262
263
260
260
259
258
257
258
257
256
256
255
255
254
252
250
252
251
251
251
251
249
248
248
247
244
245
245
245
245
247
243
243
243
240
242
240
239
239
240
238
237
237
236
232
235
234
233
233
235
233
232
231
230
228
229
228
227
227
229
226
226
225
224
224
224
223
222
224
221
221
220
219
216
218
218
217
216
217
215
214
214
213
209
211
212
211
212
213
209
209
208
207
207
207
206
206
207
204
204
203
202
199
201
201
201
201
202
199
198
198
196
197
196
196
195
196
195
194
194
194
192
193
194
194
193
195
192
192
192
191
190
192
192
192
191
193
191
191
191
190
189
191
191
190
191
193
192
191
191
189
191
192
191
192
193
193
191
191
192
190
192
193
193
193
194
193
193
194
196
192
195
194
195
196
200
198
198
197
197
198
199
200
201
203
201
201
202
203
203
204
204
205
204
206
209
208
209
210
207
209
210
212
213
215
215
215
214
214
216
218
220
220
221
219
221
223
223
223
226
226
226
227
232
230
232
233
232
232
233
235
236
238
242
240
239
239
240
242
244
246
246
246
246
249
250
252
250
253
253
254
256
258
259
260
261
259
257
263
263
265
267
271
267
268
269
270
273
274
275
275
275
280
279
280
282
281
281
281
283
286
290
288
290
289
287
291
292
294
295
297
299
295
298
299
300
302
304
302
301
305
305
306
308
309
307
308
310
312
313
316
316
314
313
316
314
318
320
321
321
322
320
320
321
320
320
319
318
319
319
322
319
320
319
316
318
318
319
319
321
319
318
317
317
315
318
318
317
316
318
318
317
316
316
314
316
315
316
316
318
316
315
314
313
314
313
314
314
314
316
313
313
312
312
312
311
310
310
312
310
309
309
308
307
307
308
307
307
309
307
305
305
303
304
304
303
303
302
301
301
301
300
299
300
298
297
298
298
297
297
296
294
291
294
293
293
293
295
291
289
290
289
288
288
288
287
286
289
286
284
284
282
282
281
282
281
281
280
280
278
277
274
276
276
275
275
276
273
272
272
271
268
271
269
268
268
270
267
266
266
265
264
264
264
262
262
264
260
260
260
258
258
257
257
256
255
256
254
253
254
251
251
250
250
250
250
251
248
247
246
243
245
245
243
244
245
241
241
241
240
239
240
239
237
237
239
236
235
234
233
233
233
232
231
232
230
230
228
227
225
227
226
225
226
227
223
225
226
226
228
229
228
227
229
229
230
231
231
227
230
231
233
233
236
234
235
233
234
232
236
237
236
237
239
237
239
238
239
240
240
239
240
241
245
242
242
243
240
243
245
245
245
246
246
245
245
246
245
248
248
249
248
250
249
249
250
249
252
251
250
251
253
253
253
254
253
250
254
255
255
256
259
256
255
256
257
254
259
259
259
258
262
260
260
263
262
261
260
261
262
263
267
265
264
263
262
265
266
267
267
268
266
267
268
268
266
270
270
268
269
271
272
272
272
272
268
273
273
273
275
278
275
274
274
274
276
278
278
279
279
279
279
279
280
279
282
280
280
281
284
283
284
285
283
283
284
285
286
287
291
287
286
287
287
289
290
291
290
289
290
291
291
293
291
293
292
293
294
297
296
296
296
293
293
297
297
298
299
300
297
298
299
298
301
301
301
300
302
302
302
303
303
299
302
302
304
305
308
306
305
304
304
305
305
308
308
308
310
306
308
307
308
309
309
308
308
310
310
310
311
310
307
309
310
312
312
313
312
311
310
310
308
312
312
313
312
314
311
312
313
311
313
311
311
311
312
315
313
313
312
308
312
311
312
312
315
311
311
310
310
311
311
311
310
310
313
310
310
310
309
309
308
308
308
309
308
308
307
306
303
307
306
307
307
309
305
304
304
303
304
304
304
303
303
302
302
303
301
299
300
299
299
300
300
298
299
298
296
294
295
296
295
297
297
293
293
293
292
292
292
291
290
290
293
289
289
288
286
287
287
286
286
287
285
284
283
282
281
282
282
281
281
281
279
278
277
276
276
276
276
274
275
274
273
273
271
269
270
269
269
269
269
268
266
265
265
262
264
264
263
262
264
261
260
260
258
258
257
256
256
255
257
254
254
252
251
250
250
250
250
250
248
247
247
246
244
245
244
244
242
245
248
250
252
254
251
252
255
258
260
262
263
263
262
264
263
268
269
271
271
271
272
274
275
277
275
278
277
279
281
285
285
285
285
283
284
287
288
289
291
293
289
291
292
292
294
295
295
294
294
297
297
298
299
296
297
299
299
300
301
305
301
300
301
302
300
304
304
303
302
306
304
304
304
305
304
303
304
304
305
308
306
305
303
303
304
305
305
305
305
303
303
303
303
300
303
302
301
301
304
302
301
301
299
299
299
299
298
300
298
297
296
295
293
294
294
294
294
293
291
292
291
291
287
289
288
287
287
288
285
284
284
282
282
282
281
280
280
281
277
277
276
274
272
274
273
272
271
273
270
269
268
266
266
265
265
263
263
265
261
259
259
257
257
257
256
254
254
255
252
251
250
248
248
247
247
246
245
247
243
242
241
239
239
239
238
237
237
235
234
234
233
231
231
229
229
229
228
230
226
225
225
223
223
222
222
221
221
219
218
218
216
215
216
215
215
214
214
214
212
211
211
207
209
208
208
208
207
207
207
205
204
201
203
202
202
201
202
200
200
199
198
194
197
197
197
196
198
195
195
194
193
190
193
191
192
191
193
190
190
190
188
185
188
187
188
187
188
186
185
185
184
183
184
183
182
183
185
181
181
181
179
179
179
181
179
180
181
178
178
178
176
176
176
176
176
177
175
175
175
174
171
173
173
173
173
174
172
172
172
172
168
171
171
171
171
173
170
168
169
168
166
168
168
168
168
170
167
167
168
164
167
167
166
166
167
168
165
165
165
164
165
165
165
164
166
165
165
164
164
163
164
164
163
164
165
163
163
163
163
160
162
161
162
162
162
162
162
161
161
159
162
161
161
161
162
162
161
161
161
157
161
161
161
161
163
161
161
161
160
160
161
161
160
161
163
161
161
160
159
160
162
160
160
161
159
159
159
159
156
158
158
158
158
158
158
158
158
157
155
157
157
157
157
158
157
157
157
156
155
156
156
156
156
158
157
157
156
156
153
157
157
157
158
160
157
157
158
157
155
157
158
157
157
159
158
157
158
157
155
158
159
160
160
163
159
160
159
159
160
160
161
161
162
164
162
162
163
160
163
162
163
164
165
164
164
165
165
164
166
166
166
166
166
169
167
166
166
165
167
168
167
168
168
169
169
169
170
168
170
171
171
171
173
173
173
173
173
169
175
175
175
177
179
175
177
177
177
177
178
179
179
179
182
179
178
179
178
180
179
181
181
182
183
182
183
183
182
185
184
186
187
188
187
188
189
189
186
190
190
191
192
194
192
193
193
194
194
194
195
197
197
200
198
199
198
197
200
201
200
199
201
200
201
201
201
200
202
203
203
204
206
206
206
206
207
204
208
209
209
211
213
211
212
211
212
213
213
214
215
216
216
216
217
216
213
217
217
219
219
222
221
222
222
223
224
225
226
227
227
231
229
227
227
226
229
229
230
231
234
233
234
234
235
235
237
237
240
240
242
241
242
242
243
242
245
246
246
248
252
249
251
251
250
252
253
254
255
258
258
258
260
260
258
261
262
264
262
265
263
264
265
265
267
268
269
270
271
274
273
274
275
274
277
278
280
280
282
283
284
284
286
284
287
289
290
291
293
293
293
295
296
294
299
301
303
303
306
304
305
306
306
305
307
307
308
310
314
312
313
314
314
316
318
319
321
322
324
324
326
328
326
330
331
333
335
337
337
337
338
340
339
342
344
346
348
351
351
352
353
354
355
358
359
360
359
361
358
361
362
362
364
366
367
368
371
371
373
375
376
374
379
381
382
383
386
387
387
389
389
386
393
394
395
397
402
399
401
402
402
405
407
408
409
411
415
413
415
416
415
414
414
415
416
418
418
418
417
416
414
418
419
419
421
420
419
420
420
421
420
422
420
420
422
424
422
423
422
420
421
421
422
423
423
426
421
422
422
421
423
423
423
421
424
422
422
422
423
422
421
420
421
421
424
422
421
420
419
417
421
421
421
421
419
419
419
419
417
419
418
417
417
418
417
417
417
416
412
415
415
415
415
416
414
412
412
412
412
413
412
411
410
413
409
409
409
408
407
406
405
406
408
406
406
405
402
400
403
403
402
402
402
399
400
399
398
395
398
396
395
395
398
395
394
394
391
391
391
391
390
391
391
388
387
386
384
386
385
385
383
384
383
382
381
381
377
378
378
377
377
378
377
376
374
373
370
373
372
371
371
372
368
367
367
366
366
366
364
364
365
364
361
361
361
359
357
358
357
357
357
358
354
353
353
352
351
351
351
349
348
351
347
347
347
345
341
343
343
343
