2101.0
2107.45
2158.04
2202.02
2238.1099999999997
2269.3599999999997
2304.81
2289.02
2280.64
2269.85
2259.86
2250.67
2240.85
2234.72
2221.0299999999997
2212.17
2204.11
2191.8700000000003
2184.62
2175.6000000000004
2168.02
2158.2
2149.66
2140.64
2148.85
2203.15
2241.01
2283.54
2314.8
2341.06
2330.91
2317.38
2307.71
2296.59
2284.83
2277.26
2267.43
2260.8199999999997
2248.26
2238.75
2229.25
2217.0
2211.2
2202.02
2193.48
2182.36
2175.7599999999998
2197.19
2243.59
2279.67
2322.0499999999997
2350.5600000000004
2376.1800000000003
2363.61
2355.24
2341.22
2331.07
2321.08
2307.71
2300.78
2291.44
2281.45
2271.46
2261.4700000000003
2254.54
2244.5499999999997
2234.72
2224.9
2213.7799999999997
2207.5
2228.44
2281.93
2312.86
2355.72
2388.1
2405.1800000000003
2392.94
2381.98
2370.86
2359.9100000000003
2349.92
2343.6400000000003
2329.46
2319.95
2310.45
2297.4
2291.27
2280.8
2271.78
2262.27
2252.77
2243.1
2234.56
2225.7
2217.0
2209.11
2198.47
2190.9
2183.0099999999998
2172.7
2163.84
2155.46
2146.11
2138.54
2131.29
2136.12
2167.0600000000004
2199.44
2228.7599999999998
2250.03
2277.58
2297.07
2325.43
2348.63
2373.7599999999998
2396.0
2420.33
2441.75
2460.93
2481.3900000000003
2502.98
2523.44
2542.6099999999997
2561.3
2579.67
2591.11
2612.86
2633.6400000000003
2651.84
2669.08
2688.1
2708.56
2727.41
2744.8100000000004
2761.0800000000004
2776.22
2797.17
2814.41
2831.6499999999996
2824.2400000000002
2809.8999999999996
2795.7200000000003
2783.47
2770.75
2758.5
2745.77
2734.01
2722.09
2712.4199999999996
2698.25
2686.81
2675.04
2660.87
2653.46
2642.5
2631.38
2619.78
2645.88
2670.8599999999997
2690.51
2711.62
2734.33
2754.15
2777.19
2797.17
2822.6200000000003
2842.44
2864.1899999999996
2879.5
2892.06
2914.6200000000003
2932.5
2946.04
2963.6
2981.48
2994.86
3014.19
3029.17
3044.7999999999997
3055.92
3073.7999999999997
3090.8799999999997
3107.96
3119.56
3136.31
3152.91
3167.73
3182.88
3198.18
3212.3599999999997
3228.1499999999996
3241.2000000000003
3255.7
3237.33
3221.87
3205.75
3190.61
3175.46
3162.41
3146.14
3131.96
3117.79
3100.2200000000003
3090.3999999999996
3078.63
3063.33
3049.47
3034.65
3020.15
3010.48
3005.33
3031.75
3051.4100000000003
3070.9
3086.53
3104.5699999999997
3124.55
3144.69
3160.8
3180.46
3199.15
3216.87
3233.6299999999997
3251.03
3261.18
3282.61
3301.13
3313.22
3330.13
3342.38
3358.97
3369.29
3382.5
3397.64
3409.56
3422.29
3430.99
3447.27
3460.6400000000003
3473.21
3484.81
3496.57
3513.16
3525.89
3537.9700000000003
3550.22
3561.5
3575.19
3590.1800000000003
3599.84
3585.18
3566.65
3545.2200000000003
3531.85
3517.51
3497.5299999999997
3481.2599999999998
3464.51
3448.55
3433.09
3417.46
3401.67
3386.69
3370.8999999999996
3356.7200000000003
3342.86
3326.91
3312.41
3336.1
3355.27
3371.3799999999997
3385.7200000000003
3401.03
3417.94
3435.18
3452.42
3467.8900000000003
3482.8700000000003
3500.27
3514.6099999999997
3530.2400000000002
3544.9
3558.44
3573.74
3587.11
3604.0299999999997
3622.3999999999996
3634.0
3643.9900000000002
3656.56
3663.32
3674.92
3689.58
3700.38
3711.5
3724.22
3737.11
3747.43
3760.48
3769.98
3781.1
3793.18
3802.04
3813.97
3801.4
3777.88
3759.03
3739.69
3719.87
3704.0899999999997
3686.2
3668.8
3651.4
3632.71
3618.05
3602.42
3584.21
3567.46
3551.19
3535.56
3520.57
3502.69
3488.03
3472.2400000000002
3455.48
3441.95
3426.64
3411.34
3396.35
3382.18
3367.35
3354.79
3338.0299999999997
3323.5299999999997
3345.44
3371.06
3357.3599999999997
3363.81
3396.1899999999996
3417.14
3445.17
3461.1200000000003
3477.8799999999997
3459.99
3443.24
3427.13
3410.69
3394.8999999999996
3382.34
3363.0
3347.8599999999997
3332.23
3316.7599999999998
3303.71
3288.73
3274.07
3260.86
3246.19
3232.34
3219.1299999999997
3230.4
3265.37
3285.5099999999998
3314.67
3337.22
3343.51
3326.1099999999997
3310.64
3291.3100000000004
3279.87
3266.98
3249.58
3234.75
3220.58
3202.69
3192.06
3179.0099999999998
3165.96
3151.3
3139.37
3127.13
3113.44
3100.06
3119.4
3152.1
3173.37
3203.3399999999997
3224.2799999999997
3227.3399999999997
3211.3900000000003
3194.7999999999997
3180.94
3165.64
3152.43
3137.9199999999996
3123.75
3110.37
3100.06
3083.79
3070.9
3057.5299999999997
3044.7999999999997
3033.2
3024.02
3008.55
2996.31
3022.57
3053.5
3075.8999999999996
3101.67
3126.65
3120.3599999999997
3106.1899999999996
3092.4900000000002
3077.02
3063.33
3049.15
3032.72
3022.08
3009.68
2995.82
2983.58
2971.17
2957.48
2947.17
2935.24
2923.1600000000003
2911.56
2901.09
2938.4700000000003
2969.2400000000002
2991.6299999999997
3015.64
3042.0600000000004
3027.4
3013.06
3001.94
2984.87
2971.4900000000002
2957.32
2944.9100000000003
2932.34
2919.62
2907.37
2894.8
2883.5299999999997
2874.5
2860.97
2848.08
2837.29
2822.79
2825.6899999999996
2863.06
2887.71
2915.5899999999997
2935.08
2954.0899999999997
2941.85
2928.15
2914.6200000000003
2901.57
2889.0
2876.11
2863.23
2850.34
2838.0899999999997
2824.3999999999996
2814.09
2803.13
2794.5899999999997
2780.57
2769.2999999999997
2758.5
2748.51
2755.44
2790.56
2814.73
2843.09
2863.87
2885.62
2868.38
2855.01
2841.31
2826.9700000000003
2816.3399999999997
2805.87
2792.8199999999997
2779.77
2767.36
2754.15
2744.97
2733.85
2722.25
2712.1
2701.15
2692.2799999999997
2680.3599999999997
2693.73
2729.34
2749.8
2781.22
2803.13
2812.64
2799.2599999999998
2786.54
2774.61
2759.79
2748.35
2736.59
2724.83
2713.39
2701.15
2692.61
2678.75
2668.6
2657.3199999999997
2643.95
2637.02
2628.97
2617.3700000000003
2637.83
2672.9500000000003
2693.25
2723.7
2747.38
2749.96
2737.72
2724.35
2713.07
2704.2099999999996
2688.26
2676.66
2664.5699999999997
2654.1
2642.02
2634.2799999999997
2620.43
2610.1200000000003
2599.16
2589.33
2579.34
2569.35
2560.33
2550.3399999999997
2541.1600000000003
2534.23
2521.5
2512.6400000000003
2503.6200000000003
2490.57
2485.09
2476.88
2467.69
2456.9
2449.16
2457.06
2486.38
2504.5899999999997
2527.9500000000003
2542.77
2560.01
2548.8900000000003
2536.9700000000003
2525.37
2514.25
2502.8199999999997
2492.67
2482.0299999999997
2474.14
2461.89
2451.7400000000002
2441.91
2429.67
2422.7400000000002
2414.85
2405.1800000000003
2396.16
2387.62
2394.23
2421.1299999999997
2441.11
2464.31
2478.0
2499.11
2488.15
2476.72
2465.6
2453.84
2443.36
2433.54
2423.39
2413.56
2402.6
2393.58
2384.2400000000002
2374.8900000000003
2365.23
2356.85
2346.86
2339.13
2330.59
2337.5099999999998
2365.06
2385.04
2409.21
2422.26
2439.66
2428.8599999999997
2417.26
2406.9500000000003
2396.6400000000003
2386.98
2375.7000000000003
2365.71
2355.88
2344.2799999999997
2337.19
2327.36
2321.56
2309.8
2300.94
2292.56
2281.77
2276.4500000000003
2286.76
2316.57
2335.2599999999998
2360.5499999999997
2381.5
2391.33
2381.0099999999998
2369.58
2355.72
2349.11
2339.45
2331.88
2319.79
2310.93
2299.81
2290.31
2281.93
2272.1
2263.89
2254.8599999999997
2247.29
2241.81
2230.7000000000003
2241.97
2270.6499999999996
2288.37
2315.28
2333.33
2348.31
2337.5099999999998
2326.72
2315.44
2306.1
2296.75
2287.09
2276.94
2267.9100000000003
2258.89
2249.2200000000003
2240.36
2230.54
2221.19
2214.2599999999998
2206.21
2199.6000000000004
2189.7700000000004
2201.0499999999997
2230.54
2248.42
2274.68
2292.2400000000002
2307.55
2297.72
2287.25
2278.39
2266.79
2256.31
2246.9700000000003
2234.24
2228.2799999999997
2219.9
2211.2
2201.54
2192.5099999999998
2183.81
2175.7599999999998
2168.02
2159.81
2152.07
2163.03
2194.77
2212.17
2237.2999999999997
2256.15
2275.16
2265.66
2255.83
2246.4900000000002
2235.5299999999997
2225.86
2216.84
2205.4
2197.99
2188.65
2179.79
2171.09
2162.2200000000003
2156.4199999999996
2145.79
2137.09
2129.52
2118.7200000000003
2127.75
2157.87
2182.52
2203.95
2222.7999999999997
2245.52
2234.24
2224.4100000000003
2214.2599999999998
2205.08
2196.22
2186.23
2180.11
2168.3500000000004
2158.84
2149.1699999999996
2141.9199999999996
2132.8999999999996
2125.4900000000002
2115.8199999999997
2107.9300000000003
2100.3599999999997
2090.69
2096.4900000000002
2126.4599999999996
2148.37
2172.05
2190.74
2216.3599999999997
2204.27
2193.8
2184.2999999999997
2172.21
2165.29
2155.94
2149.66
2138.22
2129.68
2120.66
2108.5699999999997
2104.06
2095.52
2086.1800000000003
2079.4100000000003
2071.6800000000003
2066.36
2056.7000000000003
2049.4500000000003
2042.1999999999998
2031.5599999999997
2028.3400000000001
2021.4099999999999
2017.06
2007.0700000000002
2000.3099999999997
1993.7
1983.71
1979.69
1973.08
2008.85
2033.17
2022.7
2052.02
2085.7000000000003
2110.35
2141.4399999999996
2166.57
2175.92
2166.57
2156.75
2146.27
2137.57
2127.42
2118.56
2109.8599999999997
2101.3199999999997
2092.79
2083.6
2075.71
2067.0099999999998
2058.63
2049.93
2040.75
2033.82
2025.76
2055.8900000000003
2092.46
2117.44
2149.9799999999996
2176.4
2186.39
2176.24
2166.57
2157.55
2148.05
2139.67
2129.52
2120.66
2111.96
2101.4900000000002
2093.5899999999997
2085.7000000000003
2077.6400000000003
2067.97
2059.6
2051.22
2042.36
2034.9499999999998
2061.3700000000003
2098.91
2124.04
2155.94
2183.49
2192.67
2182.36
2172.05
2161.9
2154.0099999999998
2144.5
2136.45
2125.01
2116.79
2108.7400000000002
2097.62
2090.69
2081.67
2073.94
2065.4
2056.86
2050.9
2039.78
2067.0099999999998
2103.58
2125.1699999999996
2161.58
2188.0
2201.37
2187.68
2177.85
2168.83
2156.75
2149.9799999999996
2140.64
2132.1
2122.59
2114.54
2108.25
2096.33
2087.6299999999997
2078.9300000000003
2069.42
2062.3399999999997
2054.2799999999997
2044.4499999999998
2068.7799999999997
2105.19
2129.2
2163.03
2188.97
2202.66
2191.8700000000003
2181.72
2173.34
2163.51
2153.85
2144.34
2134.1899999999996
2125.9700000000003
2118.2400000000002
2110.6699999999996
2099.71
2090.85
2082.31
2072.81
2064.91
2056.0499999999997
2048.96
2069.1000000000004
2106.96
2132.8999999999996
2165.61
2190.42
2204.7599999999998
2192.35
2184.46
2174.95
2168.5099999999998
2155.94
2146.6
2137.57
2125.4900000000002
2119.85
2110.83
2101.6499999999996
2093.9100000000003
2084.5699999999997
2078.29
2066.85
2059.11
2049.4500000000003
2069.9100000000003
2108.4100000000003
2133.39
2166.09
2190.42
2210.4
2198.96
2190.1000000000004
2180.75
2170.6
2161.58
2153.04
2144.5
2134.03
2125.01
2115.8199999999997
2104.39
2098.1
2089.56
2082.8
2072.32
2062.98
2054.44
2067.65
2107.9300000000003
2132.8999999999996
2166.57
2189.29
2212.33
2204.27
2191.8700000000003
2182.36
2172.21
2159.0
2154.17
2144.82
2137.57
2127.1
2116.4700000000003
2108.7400000000002
2099.5499999999997
2090.69
2082.8
2074.9
2065.2400000000002
2057.66
2066.85
2104.39
2131.29
2162.87
2186.71
2212.81
2202.99
2192.19
2182.8500000000004
2172.7
2161.58
2154.4900000000002
2144.99
2136.12
2126.78
2118.89
2110.51
2100.8399999999997
2091.5
2081.99
2070.5499999999997
2065.2400000000002
2057.5
2050.9
2039.78
2031.89
2024.15
2012.3899999999999
2007.5599999999997
1998.8600000000001
1992.41
1984.84
1977.59
1973.08
1961.4799999999998
1956.1599999999999
1984.36
1994.51
1987.74
1979.36
2009.33
2029.4699999999998
2048.8
2068.46
2087.79
2108.4100000000003
2132.42
2153.2
2172.86
2193.3199999999997
2216.52
2232.31
2252.29
2270.01
2286.9199999999996
2306.2599999999998
2326.88
2344.1200000000003
2360.8799999999997
2379.73
2394.06
2413.08
2429.9900000000002
2449.65
2465.2799999999997
2483.32
2502.65
2520.8599999999997
2535.04
2550.1800000000003
2565.4900000000002
2582.2400000000002
2598.84
2615.59
2608.67
2595.94
2583.6899999999996
2571.29
2560.82
2549.7000000000003
2538.1
2526.98
2516.99
2506.84
2495.4
2484.29
2474.2999999999997
2462.86
2453.84
2443.53
2435.79
2422.8999999999996
2447.71
2467.85
2482.35
2503.46
2520.8599999999997
2537.94
2558.3999999999996
2578.22
2597.39
2613.82
2630.9
2646.5299999999997
2661.19
2681.33
2695.02
2710.4900000000002
2727.08
2741.91
2757.05
2770.9100000000003
2785.25
2800.23
2816.5
2831.9700000000003
2847.27
2865.8
2876.11
2893.03
2904.95
2915.5899999999997
2933.79
2949.58
2961.02
2977.1299999999997
2991.4700000000003
2998.7200000000003
3015.32
3029.82
3044.96
3057.8500000000004
3071.5499999999997
3085.88
3093.94
3078.15
3062.85
3048.35
3033.84
3020.96
3006.62
2993.7299999999996
2979.87
2965.53
2953.29
2940.08
2927.19
2914.7799999999997
2901.73
2890.13
2880.95
2865.0
2864.1899999999996
2886.75
2897.7
2918.97
2932.18
2947.33
2964.89
2981.97
2994.53
3013.87
3028.37
3044.0
3060.4300000000003
3074.6099999999997
3090.23
3103.9300000000003
3117.95
3130.84
3142.76
3151.62
3165.7999999999997
3179.3300000000004
3190.29
3204.6299999999997
3212.84
3227.1800000000003
3239.59
3251.9900000000002
3262.95
3275.84
3287.44
3302.1
3311.93
3323.0499999999997
3333.3599999999997
3341.25
3348.1800000000003
3334.16
3315.15
3298.88
3282.4399999999996
3266.66
3252.48
3238.3
3223.32
3208.0099999999998
3193.8300000000004
3180.46
3165.15
3150.98
3137.4399999999996
3123.1
3109.89
3097.1600000000003
3101.51
3122.62
3134.22
3150.33
3162.25
3179.49
3195.44
3208.98
3223.48
3238.46
3257.31
3269.23
3281.48
3297.11
3306.29
3324.33
3339.48
3349.79
3363.4900000000002
3374.76
3384.59
3396.1899999999996
3408.11
3420.84
3434.86
3444.69
3456.45
3468.3700000000003
3477.56
3490.12
3500.6
3510.91
3521.38
3531.85
3532.9799999999996
3515.1
3496.08
3480.78
3464.02
3447.27
3430.99
3414.72
3400.22
3385.7200000000003
3368.16
3353.34
3338.0299999999997
3320.31
3314.02
3344.47
3346.73
3334.9700000000003
3363.6499999999996
3385.7200000000003
3404.73
3394.8999999999996
3378.6299999999997
3362.04
3346.25
3331.1000000000004
3314.8300000000004
3299.8500000000004
3285.02
3269.56
3254.89
3242.4900000000002
3227.6699999999996
3212.84
3199.31
3184.16
3171.11
3157.74
3145.66
3175.63
3199.95
3220.9
3241.8399999999997
3262.47
3252.8
3236.53
3218.6400000000003
3206.2400000000002
3192.54
3176.27
3162.25
3148.07
3133.09
3120.85
3106.9900000000002
3093.94
3080.8900000000003
3068.0
3055.11
3045.61
3029.4900000000002
3019.83
3050.44
3074.1200000000003
3096.2000000000003
3119.7200000000003
3139.86
3129.06
3114.08
3098.9399999999996
3085.88
3071.06
3057.3700000000003
3043.5099999999998
3030.46
3017.57
3004.04
2991.79
2978.9
2964.89
2953.9300000000003
2943.94
2930.5699999999997
2918.33
2909.14
2940.4
2965.21
2987.28
3007.1
3030.78
3020.96
3006.46
2993.41
2979.39
2966.02
2952.6400000000003
2937.3399999999997
2926.22
2914.1400000000003
2901.73
2888.52
2877.08
2863.39
2853.7200000000003
2842.28
2831.1600000000003
2819.56
2810.54
2843.25
2870.8
2890.45
2911.4
2935.73
2921.3900000000003
2910.11
2896.25
2883.36
2870.48
2857.75
2844.05
2832.77
2820.37
2809.8999999999996
2797.17
2786.21
2774.45
2766.88
2752.38
2741.75
2730.47
2720.8
2755.7599999999998
2783.6400000000003
2803.61
2824.7200000000003
2849.05
2835.35
2825.52
2812.31
2800.0699999999997
2787.34
2774.94
2763.82
2750.61
2739.17
2727.57
2714.2
2704.85
2694.38
2684.07
2672.79
2662.7999999999997
2651.36
2644.76
2677.46
2704.05
2726.12
2747.38
2770.75
2760.43
2744.97
2732.24
2719.51
2704.53
2696.31
2685.52
2672.79
2661.83
2650.56
2637.67
2628.97
2618.49
2608.02
2598.36
2588.04
2579.02
2577.73
2610.7599999999998
2633.7999999999997
2657.9700000000003
2679.0699999999997
2704.2099999999996
2692.12
2678.5899999999997
2666.1800000000003
2655.3900000000003
2640.5699999999997
2631.38
2619.62
2607.7
2596.91
2586.11
2578.05
2564.6800000000003
2554.85
2544.7000000000003
2531.49
2525.37
2516.03
2516.35
2549.0499999999997
2574.51
2597.87
2617.5299999999997
2642.66
2629.77
2617.85
2605.12
2594.65
2586.27
2572.25
2561.14
2549.2200000000003
2537.29
2527.4700000000003
2519.73
2507.33
2497.8199999999997
2487.5099999999998
2476.39
2468.82
2460.12
2450.45
2441.27
2432.09
2424.35
2414.2000000000003
2404.7000000000003
2396.3199999999997
2385.04
2378.11
2369.58
2364.1
2352.3399999999997
2343.48
2374.4100000000003
2404.54
2427.09
2451.7400000000002
2478.17
2469.79
2458.99
2451.7400000000002
2437.08
2426.45
2415.98
2406.6299999999997
2395.35
2387.14
2376.02
2366.19
2356.04
2345.25
2337.5099999999998
2328.33
2319.79
2312.22
2305.94
2342.5099999999998
2369.9
2395.35
2418.23
2443.69
2434.18
2423.55
2414.85
2401.96
2391.1600000000003
2380.21
2368.77
2360.5499999999997
2350.73
2342.0299999999997
2331.23
2320.92
2315.28
2302.55
2294.5
2285.4700000000003
2273.23
2277.8999999999996
2313.0299999999997
2339.45
2367.48
2387.62
2409.85
2398.58
2387.94
2376.83
2366.3500000000004
2356.36
2346.54
2338.48
2326.4
2316.25
2306.1
2297.56
2287.89
2280.32
2269.2000000000003
2260.9900000000002
2252.1200000000003
2241.65
2251.7999999999997
2286.6
2310.61
2340.09
2361.36
2379.73
2367.96
2356.85
2346.38
2332.84
2325.91
2315.93
2308.68
2296.43
2286.12
2276.77
2264.05
2258.25
2249.55
2240.36
2231.8199999999997
2223.77
2217.9700000000003
2229.0899999999997
2264.37
2286.76
2315.93
2340.09
2351.8500000000004
2340.25
2329.7799999999997
2319.3100000000004
2309.0
2298.52
2290.31
2279.35
2270.6499999999996
2260.3399999999997
2251.64
2241.81
2231.02
2223.4500000000003
2213.6200000000003
2205.72
2197.8300000000004
2190.1000000000004
2209.11
2245.3599999999997
2266.62
2294.5
2322.21
2328.98
2318.34
2307.39
2297.07
2289.34
2277.26
2267.9100000000003
2258.41
2245.3599999999997
2239.0699999999997
2230.3700000000003
2223.6099999999997
2211.69
2201.7000000000003
2194.61
2181.56
2176.56
2168.19
2193.64
2227.7999999999997
2251.16
2282.9
2306.2599999999998
2309.32
2298.85
2284.19
2278.06
2268.56
2259.7
2248.9
2238.75
2229.0899999999997
2219.74
2211.2
2201.54
2192.8399999999997
2183.81
2175.7599999999998
2168.02
2158.04
2151.11
2176.56
2211.04
2235.21
2265.01
2290.79
2292.4
2281.77
2270.81
2261.79
2251.48
2242.14
2232.63
2222.6400000000003
2215.23
2203.95
2194.93
2185.2599999999998
2173.66
2168.19
2159.81
2154.0099999999998
2141.9199999999996
2134.1899999999996
2165.61
2195.9
2223.4500000000003
2250.84
2278.55
2275.3199999999997
2263.7200000000003
2258.25
2244.8700000000003
2235.5299999999997
2224.9
2214.75
2206.5299999999997
2197.3500000000004
2188.0
2178.66
2169.47
2158.5200000000004
2151.59
2143.05
2134.67
2125.9700000000003
2118.56
2111.8
2102.77
2095.3599999999997
2086.9900000000002
2077.48
2072.65
2064.91
2060.72
2050.09
2043.4899999999998
2034.9499999999998
2025.44
2050.57
2082.15
2104.2200000000003
2133.71
2156.1
2167.22
2154.17
2144.02
2134.51
2125.4900000000002
2116.9500000000003
2108.7400000000002
2098.42
2090.85
2081.35
2072.65
2063.9500000000003
2056.86
2048.48
2040.59
2032.37
2026.7300000000002
2016.58
2036.2399999999998
2069.42
2088.92
2119.69
2142.73
2152.88
2141.6
2131.77
2122.75
2111.64
2104.71
2095.85
2087.4700000000003
2077.96
2069.75
2062.98
2052.35
2044.4499999999998
2036.07
2026.4099999999999
2019.6399999999999
2012.07
2005.7900000000002
2024.31
2057.66
2078.29
2106.96
2130.49
2142.89
2133.87
2123.0699999999997
2114.21
2106.7999999999997
2096.17
2087.6299999999997
2078.1200000000003
2066.36
2060.4
2052.02
2046.39
2035.7500000000002
2027.2100000000003
2019.0000000000002
2008.5199999999998
2002.72
1995.8
2013.8400000000001
2046.39
2068.14
2100.6800000000003
2119.05
2132.26
2121.79
2109.06
2103.58
2094.2400000000002
2086.5
2076.19
2067.81
2057.9900000000002
2050.09
2041.87
2033.01
2024.6400000000003
2016.42
2009.33
2001.1100000000001
1992.74
1985.16
2001.92
2036.2399999999998
2057.82
2089.08
2110.1899999999996
2122.91
2112.92
2102.77
2093.4300000000003
2084.4100000000003
2076.19
2067.0099999999998
2058.47
2050.25
2040.9099999999999
2032.37
2024.31
2013.8400000000001
2007.4
1999.02
1992.41
1983.23
1975.66
1994.1899999999998
2025.92
2048.8
2078.77
2101.1600000000003
2110.6699999999996
2101.1600000000003
2093.4300000000003
2081.83
2072.4900000000002
2063.62
2051.54
2046.55
2038.17
2032.85
2020.4499999999998
2013.3600000000001
2004.1699999999998
1992.57
1987.74
1980.49
1971.1499999999999
1964.8600000000001
1985.0
2021.7399999999998
2039.94
2068.14
2091.17
2100.2000000000003
2092.46
2083.92
2075.5499999999997
2065.72
2056.21
2047.51
2038.97
2030.6000000000001
2021.7399999999998
2013.9999999999998
2005.4599999999998
1998.54
1988.71
1981.94
1972.76
1962.93
1957.6100000000001
1976.79
2013.3600000000001
2030.76
2060.08
2084.73
2091.0099999999998
2083.12
2073.94
2065.2400000000002
2055.4100000000003
2046.8700000000001
2039.94
2029.4699999999998
2021.4099999999999
2012.7100000000003
2001.76
1994.99
1987.74
1980.9699999999998
1971.1499999999999
1963.9
1955.84
1945.8500000000001
1970.99
2003.37
2025.76
2055.25
2078.77
2087.9500000000003
2077.1600000000003
2067.49
2058.47
2046.22
2040.9099999999999
2032.69
2026.8899999999999
2015.94
2007.0700000000002
1998.0500000000002
1987.74
1982.1
1974.0500000000002
1965.83
1957.94
1950.52
1946.34
1934.9
1928.29
1921.36
1910.8899999999999
1906.7
1900.9
1896.23
1886.8899999999999
1881.09
1874.16
1864.6499999999999
1861.1100000000001
1872.39
1908.47
1908.31
1903.48
1943.27
1970.99
1998.0500000000002
2022.7
2049.29
2046.55
2037.5200000000002
2032.53
2019.32
2010.62
2002.08
1991.93
1985.16
1975.82
1968.73
1960.84
1953.26
1944.89
1936.6699999999998
1929.1000000000001
1921.36
1912.99
1908.96
1946.82
1976.6200000000001
2004.5000000000002
2030.2699999999998
2058.79
2052.19
2042.84
2034.4600000000003
2024.96
2016.0999999999997
2008.2
1999.34
1991.12
1982.1
1971.79
1965.67
1956.97
1950.85
1941.3400000000001
1934.25
1926.1999999999998
1917.17
1913.95
1950.85
1981.7800000000002
2010.62
2035.7500000000002
2065.07
2091.5
2120.17
2148.53
2173.34
2199.44
2227.31
2252.4500000000003
2277.7400000000002
2302.71
2326.4
2347.99
2373.6000000000004
2397.77
2415.98
2441.91
2463.66
2487.99
2509.9
2533.75
2557.5899999999997
2577.57
2599.16
2622.2
2645.08
2665.54
2686.48
2706.62
2694.06
2683.91
2671.02
2658.77
2646.69
2635.09
2624.46
2611.89
2600.45
2589.4900000000002
2575.32
2567.4199999999996
2556.14
2548.25
2534.23
2523.92
2513.77
2504.75
2537.94
2563.72
2586.43
2606.57
2632.67
2622.36
2608.5099999999998
2595.78
2583.85
2570.48
2561.62
2551.4700000000003
2539.07
2528.75
2517.3199999999997
2504.4300000000003
2496.21
2486.22
2475.75
2465.44
2456.74
2446.75
2443.69
2476.72
2501.37
2525.0499999999997
2546.96
2573.7000000000003
2565.17
2549.7000000000003
2538.58
2527.2999999999997
2512.9700000000003
2505.23
2494.12
2483.64
2472.8500000000004
2462.7
2455.61
2441.59
2432.09
2421.4500000000003
2407.76
2402.12
2392.29
2391.0
2423.55
2448.68
2473.0099999999998
2494.12
2521.02
2509.58
2498.3
2486.7
2476.55
2468.01
2454.8
2443.69
2432.57
2422.4199999999996
2413.08
2403.57
2393.1
2382.9500000000003
2373.2799999999997
2362.33
2354.59
2344.9300000000003
2342.3500000000004
2375.0499999999997
2400.9900000000002
2427.41
2447.71
2473.65
2461.25
2449.81
2439.82
2428.54
2421.4500000000003
2407.9199999999996
2397.4500000000003
2386.81
2374.25
2366.3500000000004
2356.85
2347.18
2338.0
2328.0099999999998
2322.21
2309.64
2300.46
2300.46
2330.91
2360.0699999999997
2386.01
2406.31
2432.89
2421.1299999999997
2408.89
2399.2200000000003
2389.8799999999997
2377.79
2367.48
2357.33
2348.15
2341.38
2328.0099999999998
2317.7
2307.87
2297.07
2289.66
2280.96
2271.3
2262.4399999999996
2253.8999999999996
2244.71
2234.4
2228.44
2218.77
2210.07
2201.54
2193.64
2184.7799999999997
2176.72
2168.02
2159.32
2151.59
2184.1400000000003
2206.0499999999997
2195.09
2218.94
2252.9300000000003
2274.04
2303.84
2327.8500000000004
2332.84
2322.21
2311.9
2302.88
2291.76
2281.29
2272.1
2260.9900000000002
2253.0899999999997
2243.75
2235.37
2225.06
2215.23
2206.0499999999997
2194.93
2187.84
2179.3
2170.92
2197.02
2230.3700000000003
2256.31
2282.57
2308.84
2311.74
2297.72
2290.31
2280.96
2271.78
2260.8199999999997
2251.0
2241.65
2232.31
2223.4500000000003
2213.94
2204.44
2194.93
2186.87
2180.11
2167.86
2159.49
2150.14
2178.34
2212.17
2236.6600000000003
2264.05
2289.66
2289.18
2278.06
2268.8799999999997
2258.09
2248.1
2239.2400000000002
2229.0899999999997
2220.71
2210.72
2201.7000000000003
2192.35
2181.72
2173.5
2164.64
2157.39
2147.4
2138.54
2132.26
2162.55
2196.7
2221.67
2248.9
2275.81
2268.56
2259.7
2247.9399999999996
2237.6200000000003
2228.2799999999997
2216.84
2209.43
2200.0899999999997
2192.8399999999997
2181.07
2172.21
2163.03
2151.27
2145.31
2136.61
2127.91
2119.21
2114.7
2155.94
2181.4
2209.59
2235.05
2262.1099999999997
2259.0499999999997
2249.39
2239.0699999999997
2229.0899999999997
2219.2599999999998
2209.43
2200.25
2190.74
2181.4
2172.86
2162.06
2155.14
2145.63
2137.41
2127.75
2118.2400000000002
2110.51
2104.71
2143.05
2174.79
2199.92
2226.19
2253.7400000000002
2250.03
2239.7200000000003
2229.4100000000003
2219.2599999999998
2209.75
2202.82
2190.5800000000004
2181.07
2171.89
2159.65
2153.85
2145.31
2138.86
2127.75
2118.89
2110.51
2099.71
2095.85
2132.8999999999996
2163.51
2191.22
2216.6800000000003
2248.9
2234.72
2224.7400000000002
2214.2599999999998
2204.11
2195.41
2186.55
2177.21
2167.22
2158.2
2148.37
2139.51
2131.4500000000003
2122.43
2113.57
2104.39
2096.97
2087.9500000000003
2089.2400000000002
2125.9700000000003
2154.33
2184.1400000000003
2207.5
2238.9100000000003
2227.15
2216.84
2206.5299999999997
2196.86
2188.49
2178.98
2168.5099999999998
2159.65
2150.46
2142.41
2132.1
2123.56
2114.86
2104.87
2097.62
2089.08
2082.31
2082.15
2119.53
2147.56
2173.82
2200.5699999999997
2231.1800000000003
2222.7999999999997
2210.07
2201.21
2192.8399999999997
2181.72
2171.89
2162.71
2149.5
2144.5
2135.8
2129.04
2117.27
2108.7400000000002
2100.52
2088.6
2081.67
2074.1
2066.36
2057.82
2050.41
2045.7399999999998
2034.62
2026.7300000000002
2018.67
2010.9400000000003
2003.6900000000003
1996.92
1989.03
1979.8500000000001
1973.8899999999999
2008.2
2033.01
2024.47
2035.4299999999998
2073.94
2100.2000000000003
2133.87
2157.87
2176.4
2165.29
2155.14
2146.6
2136.77
2127.91
2119.21
2109.7000000000003
2101.0
2091.0099999999998
2083.12
2074.42
2065.88
2057.18
2048.96
2041.55
2032.69
2024.31
2040.26
2078.9300000000003
2106.96
2140.64
2167.7
2179.79
2169.64
2159.97
2150.46
2141.4399999999996
2131.94
2122.75
2113.41
2105.03
2096.4900000000002
2086.8199999999997
2078.77
2069.2599999999998
2060.24
2052.67
2044.2900000000002
2037.0400000000002
2027.86
2049.93
2089.08
2112.76
2148.37
2176.24
2183.81
2173.5
2164.16
2155.78
2145.31
2135.64
2126.4599999999996
2115.02
2108.4100000000003
2099.5499999999997
2093.75
2081.67
2073.45
2064.59
2053.6400000000003
2047.51
2039.78
2031.0800000000002
2061.21
2098.1
2127.1
2157.87
2187.36
2188.32
2175.92
2168.19
2159.81
2152.88
2139.9900000000002
2130.81
2121.3
2110.83
2103.58
2095.3599999999997
2086.5
2077.96
2069.1000000000004
2063.9500000000003
2052.19
2043.4899999999998
2034.62
2068.46
2107.61
2136.45
2169.64
2197.8300000000004
2191.71
2181.07
2170.92
2162.2200000000003
2153.04
2142.89
2133.87
2125.33
2115.6600000000003
2106.64
2098.75
2088.27
2080.7000000000003
2071.6800000000003
2064.4300000000003
2055.0899999999997
2046.22
2042.04
2081.19
2115.9900000000002
2145.95
2174.47
2206.5299999999997
2195.74
2186.87
2175.7599999999998
2166.25
2156.59
2145.63
2138.22
2129.04
2122.11
2111.4700000000003
2102.1299999999997
2092.9500000000003
2081.83
2075.5499999999997
2067.49
2058.47
2049.77
2052.35
2094.56
2124.04
2156.59
2181.07
2205.4
2197.8300000000004
2188.49
2180.27
2168.5099999999998
2159.81
2149.1699999999996
2139.35
2131.6099999999997
2122.11
2113.73
2104.39
2096.4900000000002
2089.89
2077.7999999999997
2069.9100000000003
2061.0499999999997
2051.86
2061.21
2101.1600000000003
2130.81
2164.32
2188.49
2212.65
2202.5
2192.67
2182.69
2173.82
2163.84
2155.3
2145.31
2136.12
2127.1
2116.9500000000003
2109.06
2099.8700000000003
2091.5
2082.47
2073.94
2065.56
2055.25
2066.2
2106.16
2135.48
2169.15
2193.64
2216.2000000000003
2204.92
2195.09
2185.42
2174.63
2166.09
2156.4199999999996
2149.82
2138.38
2129.68
2120.01
2108.0899999999997
2102.6099999999997
2093.4300000000003
2084.5699999999997
2076.0299999999997
2067.49
2061.69
2050.25
2041.3899999999999
2033.5
2021.9
2017.3899999999999
2009.65
2004.5000000000002
1993.7
1985.6499999999999
1977.91
1967.6
1962.77
1962.1200000000001
1995.31
2022.5399999999997
2046.0600000000002
2072.65
2095.3599999999997
2118.08
2143.05
2165.61
2191.06
2213.7799999999997
2239.2400000000002
2259.37
2286.4399999999996
2312.38
2331.88
2356.04
2377.79
2398.58
2421.29
2444.4900000000002
2463.66
2484.13
2504.75
2522.79
2538.7400000000002
2560.82
2584.98
2602.06
2623.17
2641.3700000000003
2657.1600000000003
2679.8799999999997
2699.21
2718.71
2738.68
2756.08
2777.5099999999998
2792.5
2807.48
2792.98
2776.0600000000004
2765.59
2753.83
2740.94
2728.86
2716.29
2702.92
2692.93
2681.33
2669.89
2657.9700000000003
2646.5299999999997
2636.06
2624.46
2613.34
2602.38
2599.8100000000004
2627.68
2648.2999999999997
2673.1099999999997
2685.6800000000003
2708.56
2726.28
2746.1000000000004
2768.65
2784.7599999999998
2808.4500000000003
2830.8399999999997
2848.3999999999996
2868.86
2880.63
2898.83
2916.07
2932.5
2949.58
2966.66
2982.61
3000.82
3015.64
3030.3
3046.9
3063.81
3078.63
3096.2000000000003
3111.5
3126.81
3140.99
3152.91
3170.3100000000004
3184.49
3194.48
3214.62
3232.18
3244.58
3260.21
3273.26
3287.44
3303.87
3317.89
3332.5499999999997
3347.3700000000003
3361.0699999999997
3344.31
3326.75
3310.8
3294.85
3277.93
3264.2400000000002
3249.8999999999996
3234.1099999999997
3218.9700000000003
3204.4700000000003
3188.5099999999998
3175.95
3161.45
3146.95
3133.57
3120.2000000000003
3106.83
3102.48
3124.55
3144.21
3161.13
3174.18
3192.86
3215.42
3229.6
3248.9300000000003
3270.52
3292.27
3305.81
3324.8199999999997
3339.96
3353.6600000000003
3369.12
3386.69
3401.51
3416.17
3429.38
3440.5
3458.22
3473.37
3484.81
3496.89
3509.94
3520.9
3538.14
3552.64
3565.8500000000004
3579.38
3592.27
3604.8399999999997
3620.79
3631.58
3643.1800000000003
3655.27
3664.93
3670.41
3653.01
3632.07
3613.7000000000003
3596.1400000000003
3578.25
3561.66
3545.2200000000003
3528.63
3512.2
3495.92
3480.78
3464.51
3447.1
3432.93
3416.81
3401.83
3387.1699999999996
3390.39
3414.08
3426.0
3443.72
3456.93
3473.37
3492.3799999999997
3508.9700000000003
3525.25
3539.75
3558.44
3572.29
3583.25
3596.94
3612.5699999999997
3629.1699999999996
3648.02
3657.68
3674.28
3685.07
3697.16
3711.98
3724.5499999999997
3733.4100000000003
3744.85
3757.58
3771.11
3783.19
3767.73
3748.23
3728.41
3708.92
3693.45
3675.73
3657.2
3639.16
3620.4700000000003
3605.3199999999997
3589.8500000000004
3571.97
3555.21
3539.26
3548.12
3582.7599999999998
3608.7
3626.1
3649.79
3668.96
3691.68
3714.56
3734.7000000000003
3756.9300000000003
3776.27
3795.12
3816.22
3834.27
3850.86
3868.59
3885.83
3905.16
3924.4900000000002
3935.13
3911.4399999999996
3891.14
3872.1299999999997
3856.02
3833.7799999999997
3814.7700000000004
3797.05
3775.46
3760.48
3742.27
3725.0299999999997
3707.47
3690.07
3672.83
3659.94
3639.96
3622.3999999999996
3616.28
3644.1499999999996
3669.93
3691.84
3707.63
3728.0899999999997
3706.66
3689.75
3672.35
3653.4900000000002
3635.6099999999997
3619.02
3601.94
3586.63
3569.23
3552.8
3535.88
3518.64
3505.75
3492.06
3474.0099999999998
3459.19
3443.88
3441.47
3476.75
3497.7
3522.67
3538.78
3555.21
3536.69
3521.86
3502.53
3485.77
3469.02
3449.52
3437.6000000000004
3422.13
3406.34
3391.2
3376.05
3361.71
3347.54
3333.2000000000003
3319.18
3305.0
3291.63
3302.42
3332.8700000000003
3353.17
3380.2400000000002
3396.1899999999996
3411.66
3394.58
3378.31
3361.71
3346.25
3328.36
3315.3100000000004
3300.3300000000004
3284.86
3270.84
3257.31
3242.9700000000003
3232.5
3215.9
3201.5699999999997
3188.0299999999997
3175.14
3162.25
3174.66
3208.33
3228.9500000000003
3257.15
3276.64
3282.93
3267.46
3251.9900000000002
3236.69
3221.2200000000003
3208.33
3192.22
3177.4
3163.38
3147.43
3137.12
3124.39
3110.7
3097.1600000000003
3085.56
3070.74
3058.5
3047.38
3066.8700000000003
3101.19
3120.69
3149.2
3175.63
3173.21
3158.23
3142.27
3129.06
3114.56
3102.64
3086.53
3072.5099999999998
3059.1400000000003
3046.9
3032.88
3020.31
3007.1
2995.34
2982.13
2973.43
2959.73
2948.29
2974.39
3004.52
3030.14
3058.3300000000004
3082.8199999999997
3077.35
3062.68
3046.57
3033.84
3021.12
3006.78
2993.57
2980.68
2967.2999999999997
2957.96
2941.37
2929.9300000000003
2917.52
2905.6000000000004
2894.32
2886.26
2872.89
2860.49
2894.16
2926.38
2951.3500000000004
2977.9399999999996
3005.17
2993.57
2981.0
2967.9500000000003
2952.6400000000003
2938.9500000000003
2925.09
2908.66
2899.31
2888.52
2874.99
2862.1
2850.5
2837.9300000000003
2828.1
2817.31
2805.22
2794.75
2787.5
2826.33
2859.2
2884.33
2908.34
2939.4300000000003
2925.9
2913.0099999999998
2902.38
2885.46
2872.41
2859.52
2845.34
2834.71
2821.98
2810.2200000000003
2797.97
2786.37
2776.0600000000004
2764.14
2753.02
2742.23
2729.18
2721.45
2710.4900000000002
2701.15
2689.55
2679.56
2669.08
2658.93
2649.75
2639.44
2629.61
2619.3
2610.6
2602.06
2627.19
2648.46
2635.73
2648.6200000000003
2681.33
2703.2400000000002
2729.18
2748.51
2762.85
2746.74
2737.07
2724.5099999999998
2712.75
2700.34
2688.58
2678.27
2665.54
2653.62
2642.1800000000003
2629.13
2620.11
2609.79
2598.84
2589.17
2578.38
2567.4199999999996
2580.9500000000003
2613.5
2633.3199999999997
2661.67
2681.65
2696.9599999999996
2685.6800000000003
2670.5299999999997
2657.81
2645.56
2632.83
2623.17
2612.86
2600.77
2589.33
2578.05
2565.33
2557.27
2548.25
2537.94
2528.27
2518.2799999999997
2509.9
2522.79
2556.79
2577.57
2606.25
2627.36
2642.1800000000003
2631.8700000000003
2617.5299999999997
2605.77
2593.52
2582.08
2571.13
2560.33
2549.0499999999997
2537.62
2527.9500000000003
2519.5699999999997
2507.17
2497.3399999999997
2486.5400000000004
2477.52
2468.01
2460.44
2473.17
2507.17
2528.4300000000003
2553.89
2577.09
2592.88
2580.79
2569.52
2557.75
2547.77
2535.2000000000003
2523.92
2512.6400000000003
2499.27
2491.86
2481.23
2470.59
2461.57
2450.7799999999997
2440.3
2432.57
2423.55
2414.04
2428.06
2463.0200000000004
2484.93
2517.7999999999997
2536.4900000000002
2550.83
2538.42
2525.69
2516.19
2506.52
2493.47
2481.87
2472.2
2459.96
2451.1
2440.79
2430.64
2421.1299999999997
2411.46
2403.41
2392.1299999999997
2382.6299999999997
2374.4100000000003
2386.01
2423.87
2446.59
2479.7799999999997
2498.4700000000003
2512.0
2500.08
2488.6400000000003
2477.52
2466.73
2455.77
2445.46
2434.83
2427.25
2414.3599999999997
2403.89
2394.06
2380.5299999999997
2374.4100000000003
2365.23
2355.88
2347.34
2337.84
2353.46
2388.43
2410.82
2441.27
2463.34
2476.39
2465.7599999999998
2453.51
2443.04
2431.4399999999996
2418.39
2410.18
2400.03
2392.1299999999997
2379.89
2369.9
2359.2599999999998
2349.7599999999998
2340.58
2331.07
2322.85
2312.86
2305.29
2327.2
2358.7799999999997
2381.1800000000003
2411.95
2433.05
2447.39
2436.76
2425.0
2414.53
2403.09
2391.81
2382.2999999999997
2372.48
2362.33
2351.3700000000003
2341.86
2333.0
2323.18
2313.99
2303.68
2293.53
2287.57
2278.2200000000003
2299.65
2332.2
2354.59
2385.53
2405.3399999999997
2425.48
2413.7200000000003
2402.44
2391.33
2382.6299999999997
2373.2799999999997
2360.8799999999997
2349.92
2340.25
2326.88
2320.6000000000004
2310.93
2301.59
2292.08
2282.74
2272.59
2264.53
2255.83
2247.9399999999996
2239.7200000000003
2231.5
2224.0899999999997
2215.23
2207.5
2199.44
2189.45
2184.1400000000003
2176.08
2170.44
2161.1
2161.58
2193.64
2196.54
2203.95
2234.89
2256.64
2283.8599999999997
2301.59
2327.0400000000004
2313.35
2303.2
2292.4
2279.84
2272.91
2262.9199999999996
2256.15
2244.23
2234.72
2224.5699999999997
2215.23
2206.5299999999997
2198.15
2189.13
2179.79
2171.73
2164.64
2165.77
2197.67
2221.3500000000004
2243.75
2267.59
2292.89
2280.96
2270.4900000000002
2259.7
2249.71
2241.17
2231.1800000000003
2221.5099999999998
2212.17
2203.15
2195.57
2184.1400000000003
2175.7599999999998
2166.74
2156.1
2149.01
2141.6
2134.51
2135.48
2167.7
2192.19
2215.5499999999997
2237.46
2261.31
2250.03
2240.2000000000003
2230.54
2222.0
2211.04
2201.0499999999997
2192.0299999999997
2179.79
2173.34
2164.48
2158.84
2146.92
2138.22
2129.04
2121.46
2113.89
2105.35
2109.7000000000003
2142.41
2166.41
2192.5099999999998
2212.49
2237.1400000000003
2224.9
2216.3599999999997
2206.5299999999997
2197.67
2187.2
2177.69
2168.19
2157.23
2149.9799999999996
2141.28
2132.1
2123.7200000000003
2115.02
2108.0899999999997
2098.42
2090.85
2083.2799999999997
2081.51
2117.27
2143.21
2171.89
2189.13
2213.94
2203.79
2191.06
2184.7799999999997
2174.95
2164.96
2156.59
2146.76
2141.28
2128.71
2119.53
2110.6699999999996
2101.3199999999997
2093.9100000000003
2086.02
2076.5099999999998
2069.1000000000004
2061.3700000000003
2062.17
2096.01
2122.91
2147.4
2167.7
2195.74
2186.23
2173.99
2164.8
2155.78
2144.66
2136.45
2128.55
2121.79
2110.51
2101.1600000000003
2091.98
2081.35
2074.74
2067.0099999999998
2058.47
2051.06
2043.9699999999998
2047.84
2077.1600000000003
2102.9399999999996
2128.23
2146.44
2177.69
2167.22
2157.55
2147.7200000000003
2138.38
2128.87
2119.53
2111.31
2102.6099999999997
2093.4300000000003
2084.4100000000003
2076.8399999999997
2067.49
2058.63
2050.09
2041.07
2034.4600000000003
2027.2100000000003
2028.5000000000002
2059.6
2085.8599999999997
2111.31
2131.6099999999997
2160.13
2149.66
2139.83
2130.81
2121.95
2115.18
2103.26
2093.9100000000003
2084.8900000000003
2072.81
2068.14
2059.44
2051.06
2042.5200000000002
2034.3
2025.44
2018.51
2010.78
2012.2300000000002
2045.42
2070.5499999999997
2096.65
2117.6
2145.31
2134.35
2124.3599999999997
2115.02
2105.67
2097.94
2088.44
2078.77
2070.3900000000003
2060.08
2052.35
2044.7700000000002
2035.9099999999999
2027.5400000000002
2019.6399999999999
2013.8400000000001
2003.6900000000003
1995.96
1988.87
1978.8799999999999
1973.8899999999999
1967.28
1961.64
1953.26
1946.66
1939.57
1930.55
1925.87
1919.27
1912.34
1906.3799999999999
1944.24
1985.8100000000002
2011.4200000000003
2042.6799999999998
2075.22
2072.81
2062.98
2054.7599999999998
2047.51
2036.4
2028.0200000000002
2019.1599999999999
2007.72
2002.4
1993.7
1985.97
1978.07
1970.5
1961.96
1953.26
1946.5
1937.8
1931.19
1973.8899999999999
2010.9400000000003
2041.71
2072.32
2105.84
2103.1
2095.3599999999997
2086.5
2076.8399999999997
2068.2999999999997
2059.92
2051.7
2040.9099999999999
2033.01
2023.99
2013.3600000000001
2008.0399999999997
1999.34
1993.86
1982.5900000000001
1975.17
1966.47
1956.3200000000002
1999.34
2035.9099999999999
2065.07
2096.97
2130.16
2127.59
2114.54
2104.55
2095.2000000000003
2086.02
2078.6099999999997
2069.2599999999998
2060.08
2051.06
2042.5200000000002
2033.34
2027.05
2016.58
2009.33
2000.15
1992.25
1985.6499999999999
1981.1399999999999
2022.7
2057.9900000000002
2088.11
2118.56
2152.56
2143.37
2131.6099999999997
2122.43
2111.1499999999996
2101.9700000000003
2094.7200000000003
2085.0499999999997
2077.0
2067.97
2059.11
2053.15
2042.36
2033.17
2024.96
2013.3600000000001
2008.69
1999.82
2005.62
2044.7700000000002
2078.29
2110.6699999999996
2138.22
2169.15
2158.68
2148.85
2139.35
2130.65
2120.66
2111.4700000000003
2102.1299999999997
2091.5
2084.4100000000003
2075.39
2068.46
2057.9900000000002
2049.29
2041.55
2031.89
2023.99
2015.94
2022.7
2064.59
2096.4900000000002
2132.42
2157.23
2183.49
2173.18
2161.2599999999998
2153.36
2144.18
2135.96
2125.9700000000003
2116.4700000000003
2107.12
2096.17
2089.2400000000002
2080.54
2071.8399999999997
2062.98
2055.0899999999997
2049.4500000000003
2037.3600000000001
2027.6999999999998
2039.46
2077.0
2111.8
2145.47
2173.66
2192.5099999999998
2182.2
2172.05
2162.39
2153.2
2143.37
2134.67
2125.01
2116.6299999999997
2108.0899999999997
2097.78
2089.2400000000002
2080.54
2071.2000000000003
2063.2999999999997
2055.5699999999997
2046.55
2038.17
2055.73
2096.17
2125.4900000000002
2161.1
2188.16
2207.3399999999997
2196.86
2187.84
2177.0499999999997
2167.38
2158.2
2146.76
2139.02
2130.9700000000003
2123.0699999999997
2112.6
2103.7400000000002
2094.2400000000002
2083.6
2077.0
2068.7799999999997
2060.4
2051.06
2069.1000000000004
2111.4700000000003
2137.74
2172.86
2200.5699999999997
2212.33
2202.82
2193.1600000000003
2185.42
2174.3100000000004
2163.35
2155.3
2144.02
2136.61
2127.26
2118.3999999999996
2110.02
2101.0
2095.2000000000003
2082.8
2075.06
2065.72
2054.2799999999997
2048.48
2040.75
2035.7500000000002
2024.47
2015.94
2008.0399999999997
1998.8600000000001
1991.6100000000001
1983.55
1976.14
1968.25
1961.16
1969.05
2009.49
2041.3899999999999
2073.13
2100.52
2130.65
2120.5
2109.8599999999997
2100.3599999999997
2091.34
2081.67
2072.9700000000003
2064.27
2055.0899999999997
2046.71
2038.3300000000002
2030.92
2021.5700000000002
2013.0400000000002
2005.3000000000002
1994.3500000000001
1987.58
1980.49
1986.61
2025.92
2057.9900000000002
2090.05
2115.34
2148.85
2138.22
2128.07
2119.69
2110.35
2102.4500000000003
2091.5
2082.8
2073.29
2061.21
2056.37
2047.19
2041.07
2030.2699999999998
2021.5700000000002
2013.3600000000001
2002.4
1996.76
1999.99
2041.07
2073.29
2106.0
2135.48
2161.58
2150.3
2141.28
2127.91
2122.43
2113.41
2105.84
2095.52
2085.54
2076.3500000000004
2068.2999999999997
2058.79
2050.57
2042.36
2033.6599999999999
2027.2100000000003
2017.22
2008.5199999999998
2016.58
2054.1200000000003
2087.31
2121.14
2148.53
2175.6000000000004
2165.45
2155.62
2142.41
2136.45
2126.4599999999996
2117.1099999999997
2108.5699999999997
2099.71
2093.75
2081.83
2072.32
2063.62
2054.7599999999998
2046.55
2038.65
2030.76
2022.5399999999997
2031.0800000000002
2070.5499999999997
2101.6499999999996
2135.16
2160.94
2184.62
2173.82
2164.8
2154.4900000000002
2144.99
2134.84
2125.01
2117.1099999999997
2107.9300000000003
2100.04
2090.69
2081.67
2071.6800000000003
2062.6600000000003
2055.4100000000003
2046.39
2038.3300000000002
2029.63
2045.42
2087.1499999999996
2111.96
2147.2400000000002
2173.82
2203.79
2233.92
2264.53
2295.95
2323.98
2352.1800000000003
2381.6600000000003
2406.1499999999996
2435.15
2464.15
2492.99
2518.77
2544.06
2571.45
2597.71
2617.5299999999997
2644.59
2667.79
2696.4700000000003
2720.4799999999996
2747.87
2769.94
2793.1400000000003
2819.72
2845.8199999999997
2869.67
2891.2599999999998
2914.46
2925.9
2911.08
2898.99
2883.36
2869.83
2856.3
2839.2200000000003
2830.6800000000003
2819.72
2806.0299999999997
2793.2999999999997
2781.22
2767.52
2757.05
2744.8100000000004
2733.53
2722.25
2710.33
2723.54
2758.98
2780.7400000000002
2812.31
2833.26
2844.54
2831.0
2819.89
2804.74
2791.69
2777.8399999999997
2764.78
2754.63
2742.23
2729.98
2718.3799999999997
2706.46
2697.6
2683.74
2671.3399999999997
2660.22
2646.8500000000004
2639.2799999999997
2660.71
2694.8599999999997
2716.77
2748.67
2767.8500000000004
2780.57
2766.88
2754.15
2741.75
2729.66
2718.71
2705.17
2692.61
2681.01
2668.12
2657.9700000000003
2646.8500000000004
2635.41
2625.42
2613.66
2602.38
2591.75
2581.12
2570.8
2560.01
2550.1800000000003
2541.7999999999997
2530.37
2519.73
2509.9
2498.79
2489.9300000000003
2479.94
2470.92
2460.12
2465.6
2499.43
2520.3799999999997
2550.9900000000002
2571.13
2596.7400000000002
2584.34
2572.09
2563.23
2549.7000000000003
2538.1
2526.6600000000003
2512.9700000000003
2505.39
2495.5699999999997
2484.13
2473.33
2463.66
2452.55
2442.72
2433.21
2423.87
2413.7200000000003
2416.46
2450.94
2476.07
2502.3300000000004
2522.63
2543.4199999999996
2531.82
2520.54
2512.1600000000003
2497.8199999999997
2487.5099999999998
2476.23
2462.7
2455.2900000000004
2445.3
2434.83
2423.87
2413.8799999999997
2407.4399999999996
2395.19
2384.56
2375.21
2363.45
2373.7599999999998
2408.73
2431.93
2459.8
2480.42
2499.92
2489.2799999999997
2477.52
2466.73
2456.09
2444.65
2434.66
2423.39
2413.2400000000002
2402.93
2391.33
2382.6299999999997
2372.7999999999997
2365.5499999999997
2354.27
2344.2799999999997
2334.94
2322.85
2336.87
2371.35
2394.71
2423.71
2444.17
2467.85
2453.68
2442.56
2429.83
2416.46
2409.53
2399.8599999999997
2389.0699999999997
2378.92
2369.09
2357.33
2348.95
2338.96
2328.98
2319.95
2310.61
2302.55
2292.2400000000002
2302.23
2337.0299999999997
2358.2999999999997
2390.6800000000003
2411.63
2436.6
2422.1
2410.82
2400.67
2387.3
2378.92
2368.9300000000003
2358.46
2348.47
2338.32
2331.55
2320.2799999999997
2308.68
2299.4900000000002
2289.5
2280.96
2272.91
2262.9199999999996
2271.3
2306.58
2329.7799999999997
2360.71
2381.6600000000003
2405.5
2393.58
2383.5899999999997
2374.25
2362.33
2351.8500000000004
2341.38
2329.1400000000003
2321.4
2312.22
2304.3300000000004
2292.2400000000002
2282.74
2272.75
2261.31
2254.8599999999997
2246.3199999999997
2238.4300000000003
2245.3599999999997
2281.29
2308.51
2334.7799999999997
2356.5299999999997
2380.21
2368.6099999999997
2359.1000000000004
2349.7599999999998
2337.0299999999997
2327.2
2317.05
2305.61
2297.4
2288.05
2278.2200000000003
2268.56
2259.0499999999997
2251.48
2240.36
2231.1800000000003
2222.6400000000003
2211.36
2221.8399999999997
2257.12
2285.4700000000003
2311.5800000000004
2333.33
2354.11
2340.9
2332.2
2321.89
2310.93
2301.91
2291.92
2285.31
2271.94
2262.27
2251.7999999999997
2243.42
2234.89
2224.9
2215.87
2206.5299999999997
2197.5099999999998
2187.84
2202.66
2237.9500000000003
2262.1099999999997
2293.37
2313.83
2335.5800000000004
2323.01
2313.0299999999997
2301.91
2288.37
2282.09
2272.1
2264.05
2252.77
2243.1
2233.44
2223.9300000000003
2215.0699999999997
2205.8900000000003
2196.54
2187.04
2179.46
2173.66
2162.39
2153.85
2144.99
2136.93
2129.04
2121.62
2113.41
2105.51
2097.78
2088.76
2081.83
2074.74
2076.0299999999997
2115.9900000000002
2148.05
2180.27
2205.5600000000004
2236.6600000000003
2268.8799999999997
2299.01
2329.46
2357.65
2390.8399999999997
2418.55
2446.75
2474.2999999999997
2498.3
2530.69
2555.66
2587.24
2619.62
2646.8500000000004
2673.1099999999997
2697.12
2722.9
2749.0
2768.0099999999998
2796.52
2821.66
2847.9199999999996
2870.96
2897.0600000000004
2922.52
2942.17
2972.14
3000.33
3025.14
3049.96
3072.0299999999997
3097.3199999999997
3116.01
3139.37
3161.29
3179.65
3182.71
3168.86
3150.65
3135.51
3120.3599999999997
3102.96
3091.85
3077.67
3063.65
3050.1200000000003
3036.1
3023.53
3009.36
2996.79
2982.9300000000003
2968.9199999999996
2956.83
2945.5499999999997
2969.8799999999997
3002.75
3024.5
3050.2799999999997
3076.2200000000003
3098.77
3128.58
3159.51
3185.7799999999997
3211.3900000000003
3238.62
3256.3399999999997
3278.09
3301.46
3321.11
3345.92
3369.12
3386.3599999999997
3408.6
3428.42
3451.13
3470.9500000000003
3490.77
3511.39
3525.89
3547.0
3570.52
3587.11
3609.67
3633.68
3653.66
3675.73
3698.12
3715.52
3734.7000000000003
3752.7400000000002
3770.63
3792.38
3810.1
3829.92
3847.6400000000003
3865.2000000000003
3845.06
3824.1200000000003
3804.78
3784.8
3764.3399999999997
3748.23
3733.25
3712.2999999999997
3694.5800000000004
3676.37
3660.1
3642.54
3625.7799999999997
3608.38
3592.43
3576.0
3560.0499999999997
3553.28
3584.7000000000003
3609.51
3629.33
3648.82
3673.8
3696.19
3721.0
3741.1400000000003
3760.48
3786.9
3806.07
3832.5
3857.31
3879.3799999999997
3896.78
3916.28
3933.03
3952.8500000000004
3969.4500000000003
3984.4300000000003
4004.7300000000005
4020.8399999999997
4030.9900000000002
4050.1699999999996
4064.5
4086.9
4108.65
4125.25
4139.75
4156.18
4172.780000000001
4190.5
4208.54
4219.98
4237.219999999999
4248.99
4266.39
4283.46
4295.07
4309.08
4323.1
4314.56
4289.43
4267.03
4244.799999999999
4222.72
4201.94
4179.700000000001
4162.950000000001
4138.3
4117.83
4097.209999999999
4077.7200000000003
4060.48
4038.08
4019.3899999999994
3999.7400000000002
3976.8599999999997
3962.19
3983.2999999999997
4010.0499999999997
4024.23
4046.78
4066.2799999999997
4086.9
4106.4
4128.79
4147.8
4166.01
4187.12
4205.320000000001
4225.780000000001
4246.570000000001
4258.49
4283.299999999999
4306.99
4325.1900000000005
4340.66
4358.22
4371.76
4386.26
4387.55
4362.41
4337.76
4314.08
4293.13
4270.900000000001
4248.820000000001
4227.23
4204.679999999999
4184.86
4163.75
4143.94
4123.15
4103.66
4092.5399999999995
4117.83
4137.01
4152.48
4170.5199999999995
4185.83
4205.48
4216.599999999999
4235.45
4253.339999999999
4268.0
4287.01
4300.54
4322.129999999999
4343.56
4357.58
4371.92
4385.29
4403.82
4412.68
4427.83
4440.23
4452.8
4467.46
4476.49
4481.16
4454.09
4431.21
4407.37
4384.490000000001
4362.57
4338.25
4317.14
4295.07
4272.1900000000005
4251.719999999999
4230.9400000000005
4208.54
4189.69
4168.59
4148.13
4127.82
4106.4
4104.95
4130.56
4145.55
4166.33
4176.32
4197.429999999999
4210.320000000001
4229.009999999999
4244.799999999999
4262.679999999999
4277.02
4297.16
4313.27
4328.09
4343.4
4360.96
4375.63
4393.349999999999
4407.69
4421.38
4430.08
4445.55
4461.02
4478.74
4489.38
4502.27
4514.35
4529.33
4540.13
4553.18
4566.23
4576.54
4587.98
4599.58
4600.87
4575.57
4550.44
4526.11
4502.1
4478.1
4454.900000000001
4430.889999999999
4405.92
4387.39
4364.02
4341.79
4321.49
4295.87
4277.66
4256.400000000001
4235.13
4215.47
4211.7699999999995
4237.38
4253.339999999999
4270.74
4280.400000000001
4300.54
4307.95
4332.93
4345.82
4363.0599999999995
4377.5599999999995
4396.57
4411.07
4426.0599999999995
4441.360000000001
4457.96
4473.099999999999
4489.21
4506.29
4516.12
4527.08
4542.87
4554.95
4569.77
4585.24
4597.0
4608.7699999999995
4621.82
4633.42
4647.11
4659.04
4670.3099999999995
4679.820000000001
4690.9400000000005
4695.77
4665.16
4639.54
4613.6
4588.63
4565.75
4540.13
4516.4400000000005
4492.4400000000005
4469.719999999999
4447.320000000001
4424.610000000001
4402.05
4379.81
4358.06
4336.31
4319.2300000000005
4294.42
4290.72
4314.08
4329.54
4349.04
4357.74
4377.72
4388.35
4407.2
4422.67
4438.46
4453.7699999999995
4470.360000000001
4488.09
4500.82
4516.12
4530.9400000000005
4544.64
4560.27
4575.25
4588.79
4595.39
4610.7
4625.36
4639.0599999999995
4651.139999999999
4665.16
4679.01
4692.87
4704.469999999999
4716.719999999999
4727.509999999999
4736.86
4747.49
4756.03
4754.42
4724.45
4698.03
4671.76
4644.05
4622.3
4597.49
4573.32
4549.959999999999
4525.629999999999
4502.589999999999
4480.51
4457.3099999999995
4434.110000000001
4411.88
4386.26
4370.63
4346.14
4355.49
4378.85
4388.68
4407.04
4420.42
4434.59
4449.740000000001
4430.41
4405.75
4386.58
4359.51
4336.8
4313.76
4294.42
4275.089999999999
4251.89
4231.42
4210.48
4191.139999999999
4170.84
4150.7
4157.95
4175.5199999999995
4180.990000000001
4194.849999999999
4209.349999999999
4219.179999999999
4228.5199999999995
4238.67
4252.37
4264.9400000000005
4272.83
4283.46
4291.839999999999
4303.6
4313.76
4321.17
4330.35
4339.05
4348.2300000000005
4359.51
4372.24
4378.04
4389.0
4396.89
4406.88
4414.450000000001
4424.610000000001
4432.5
4440.5599999999995
4450.38
4458.4400000000005
4436.04
4412.04
4387.39
4365.47
4344.05
4320.2
4297.97
4275.089999999999
4249.95
4234.48
4210.96
4190.66
4169.71
4146.35
4129.6
4109.78
4090.44
4074.1699999999996
4094.6300000000006
4108.49
4121.86
4128.63
4142.32
4123.15
4101.88
4083.3599999999997
4060.8
4041.2999999999997
4021.49
4002.96
3985.3999999999996
3967.3500000000004
3948.5
3930.7799999999997
3912.89
3895.98
3881.64
3861.34
3843.45
3826.21
3813.0
3837.65
3852.31
3865.85
3876.7999999999997
3889.85
3876.64
3857.31
3837.81
3818.64
3801.56
3784.64
3769.98
3750.33
3733.73
3716.49
3700.54
3686.8500000000004
3669.4399999999996
3653.66
3638.1899999999996
3620.79
3607.0899999999997
3595.0099999999998
3620.2999999999997
3637.2200000000003
3652.69
3667.51
3686.52
3670.89
3652.85
3634.64
3613.8599999999997
3600.97
3584.05
3567.62
3551.99
3535.88
3522.1800000000003
3506.4
3492.54
3478.6800000000003
3464.02
3449.84
3438.89
3420.68
3407.95
3435.02
3455.16
3471.11
3486.9
3505.59
3493.6699999999996
3476.75
3459.67
3443.08
3427.77
3412.14
3396.84
3382.82
3367.84
3354.1400000000003
3339.96
3324.0099999999998
3313.54
3301.46
3286.79
3271.81
3259.57
3243.4500000000003
3272.78
3295.01
3312.25
3329.65
3348.6600000000003
3338.67
3321.27
3305.48
3289.86
3271.81
3259.73
3247.16
3231.21
3218.48
3204.6299999999997
3189.8
3178.8500000000004
3166.44
3153.7099999999996
3140.99
3128.8999999999996
3117.79
3106.83
3134.86
3157.9
3174.01
3194.96
3217.3500000000004
3206.2400000000002
3190.77
3176.27
3157.9
3146.46
3132.45
3118.59
3104.4100000000003
3091.85
3080.08
3066.8700000000003
3054.79
3042.71
3028.37
3019.18
3008.87
2995.5
2983.9
3011.77
3034.0099999999998
3054.47
3074.1200000000003
3094.42
3087.8199999999997
3072.8300000000004
3058.98
3044.7999999999997
3030.94
3016.77
3002.43
2990.34
2978.58
2966.66
2954.58
2942.98
2929.2799999999997
2919.62
2909.14
2897.38
2886.75
2875.79
2865.32
2854.3599999999997
2842.92
2831.6499999999996
2820.21
2811.02
2801.2000000000003
2790.4
2780.25
2769.6200000000003
2758.5
2749.32
2771.0699999999997
2810.7000000000003
2833.8999999999996
2867.9
2893.84
2903.83
2886.43
2873.7
2859.84
2847.6
2835.67
2822.9500000000003
2809.7400000000002
2797.33
2785.25
2773.97
2762.21
2751.7299999999996
2739.17
2728.86
2718.71
2708.72
2697.6
2722.25
2759.79
2786.21
2818.92
2850.01
2850.34
2836.64
2822.79
2809.4100000000003
2797.01
2783.47
2772.36
2759.95
2747.87
2739.17
2724.67
2712.75
2700.82
2690.67
2680.04
2673.27
2659.7400000000002
2649.75
2680.8399999999997
2718.2200000000003
2745.29
2775.9
2804.9
2806.8399999999997
2793.6200000000003
2784.44
2767.8500000000004
2754.47
2742.07
2730.63
2718.3799999999997
2709.04
2694.54
2682.78
2671.8199999999997
2658.13
2650.0699999999997
2639.6000000000004
2629.61
2619.46
2609.79
2643.79
2678.5899999999997
2705.17
2735.62
2762.3700000000003
2761.4
2750.12
2735.3
2723.38
2710.4900000000002
2695.83
2686.6400000000003
2674.88
2662.6400000000003
2650.88
2640.73
2631.8700000000003
2617.69
2607.7
2596.42
2583.53
2577.89
2568.07
2606.89
2643.4700000000003
2671.3399999999997
2698.89
2733.53
2722.25
2708.88
2695.6699999999996
2684.07
2673.1099999999997
2660.71
2649.4300000000003
2636.7
2623.65
2613.82
2603.0299999999997
2593.04
2581.76
2570.64
2560.1699999999996
2550.3399999999997
2541.9700000000003
2535.8399999999997
2578.05
2612.69
2643.4700000000003
2671.3399999999997
2704.85
2691.32
2677.14
2667.15
2653.7799999999997
2642.66
2630.42
2618.6600000000003
2606.41
2595.78
2584.82
2573.3799999999997
2562.27
2551.9500000000003
2541.9700000000003
2533.4300000000003
2520.3799999999997
2511.3500000000004
2513.77
2555.82
2588.04
2623.65
2646.21
2676.33
2662.6400000000003
2646.8500000000004
2637.83
2626.0699999999997
2614.14
2602.54
2591.59
2582.57
2568.55
2558.3999999999996
2545.51
2535.04
2525.5299999999997
2516.67
2504.75
2494.2799999999997
2485.42
2490.25
2533.5899999999997
2565.9700000000003
2600.93
2625.74
2648.6200000000003
2638.47
2623.17
2611.57
2598.68
2586.92
2575.8
2567.1
2553.2400000000002
2544.2200000000003
2531.33
2517.3199999999997
2510.3900000000003
2499.75
2490.25
2479.6200000000003
2470.27
2463.5
2476.07
2516.99
2545.35
2580.4700000000003
2607.54
2626.0699999999997
2611.89
2599.32
2586.59
2573.06
2564.36
2552.92
2539.39
2529.56
2519.0899999999997
2511.3500000000004
2498.3
2487.3500000000004
2476.72
2464.47
2458.0299999999997
2448.36
2437.73
2452.06
2485.9
2510.3900000000003
2539.07
2559.6899999999996
2583.05
2570.97
2557.4300000000003
2548.25
2535.52
2524.57
2512.9700000000003
2500.56
2491.2200000000003
2480.74
2473.0099999999998
2460.12
2449.0
2438.6899999999996
2427.58
2420.1600000000003
2410.98
2402.28
2407.1099999999997
2441.27
2470.43
2496.0499999999997
2515.7
2537.94
2526.5
2515.06
2505.5499999999997
2492.83
2482.52
2470.75
2457.06
