2466
2462
2449
2465
2485
2497
2512
2524
2525
2511
2523
2547
2554
2570
2581
2584
2570
2579
2600
2612
2626
2637
2643
2629
2632
2654
2665
2681
2690
2702
2688
2687
2707
2719
2734
2743
2756
2743
2735
2759
2771
2784
2795
2809
2797
2784
2805
2821
2832
2845
2857
2853
2837
2851
2870
2879
2889
2904
2901
2886
2898
2915
2924
2937
2949
2950
2936
2941
2961
2969
2985
2994
2995
2980
2984
3002
3008
3026
3034
3038
3022
3023
3042
3049
3067
3074
3077
3062
3064
3083
3092
3109
3114
3118
3102
3102
3121
3131
3146
3151
3158
3143
3138
3156
3168
3181
3187
3195
3178
3174
3193
3207
3217
3222
3231
3213
3210
3228
3241
3251
3257
3263
3246
3243
3262
3271
3285
3291
3302
3285
3278
3296
3307
3319
3324
3331
3316
3310
3328
3339
3351
3356
3366
3350
3340
3359
3371
3382
3389
3400
3382
3375
3390
3401
3411
3418
3433
3416
3401
3419
3432
3442
3448
3463
3446
3427
3434
3440
3441
3443
3447
3446
3448
3453
3455
3457
3460
3464
3464
3468
3472
3473
3473
3478
3480
3484
3486
3489
3490
3492
3495
3493
3496
3498
3501
3499
3506
3511
3512
3513
3514
3516
3516
3520
3521
3510
3492
3495
3501
3500
3505
3504
3489
3472
3477
3483
3484
3490
3488
3476
3459
3462
3468
3469
3471
3474
3462
3445
3449
3456
3459
3459
3461
3454
3435
3438
3446
3444
3448
3450
3441
3423
3426
3433
3433
3438
3440
3433
3417
3418
3425
3424
3430
3431
3424
3411
3411
3416
3417
3423
3424
3420
3403
3401
3410
3411
3418
3419
3419
3404
3396
3405
3407
3412
3414
3416
3398
3392
3402
3404
3409
3411
3413
3397
3390
3400
3403
3409
3412
3410
3393
3389
3399
3398
3411
3414
3414
3397
3390
3400
3404
3412
3415
3420
3402
3392
3404
3410
3419
3420
3425
3408
3395
3408
3415
3423
3424
3430
3412
3402
3414
3420
3428
3431
3436
3420
3410
3424
3429
3436
3439
3444
3424
3419
3434
3438
3445
3449
3453
3437
3428
3442
3449
3456
3460
3466
3449
3440
3453
3460
3469
3469
3477
3460
3452
3465
3473
3481
3483
3489
3472
3465
3479
3486
3495
3498
3503
3485
3477
3489
3496
3499
3506
3515
3495
3484
3495
3501
3508
3514
3522
3505
3488
3501
3509
3515
3523
3527
3532
3541
3548
3551
3560
3568
3572
3580
3585
3591
3593
3601
3606
3609
3615
3620
3627
3632
3638
3643
3647
3653
3659
3661
3669
3675
3675
3655
3646
3655
3657
3666
3667
3671
3652
3641
3652
3657
3665
3665
3667
3648
3640
3649
3655
3664
3662
3663
3644
3636
3649
3653
3661
3662
3663
3644
3638
3648
3655
3658
3660
3666
3643
3634
3647
3650
3656
3659
3666
3648
3631
3642
3648
3653
3656
3661
3649
3633
3637
3646
3648
3652
3657
3647
3626
3632
3640
3641
3644
3650
3638
3619
3625
3633
3635
3640
3645
3636
3617
3618
3627
3624
3633
3637
3627
3607
3610
3617
3617
3623
3626
3619
3600
3600
3608
3608
3614
3614
3606
3588
3588
3594
3596
3604
3601
3598
3580
3575
3583
3583
3587
3586
3585
3566
3560
3569
3572
3572
3572
3570
3551
3546
3553
3555
3556
3555
3555
3537
3528
3536
3537
3540
3539
3542
3523
3512
3519
3518
3521
3520
3522
3507
3492
3499
3501
3502
3501
3503
3486
3474
3479
3481
3482
3480
3483
3466
3453
3458
3460
3462
3457
3463
3448
3430
3441
3448
3450
3450
3460
3446
3430
3438
3443
3447
3451
3459
3442
3425
3434
3437
3441
3446
3449
3436
3418
3427
3429
3435
3438
3442
3426
3411
3419
3424
3428
3429
3434
3417
3401
3407
3415
3419
3419
3424
3406
3392
3399
3404
3407
3408
3412
3395
3383
3390
3396
3396
3396
3401
3383
3370
3378
3384
3382
3383
3384
3369
3358
3363
3368
3369
3370
3373
3357
3345
3352
3354
3355
3355
3357
3342
3331
3336
3339
3341
3340
3342
3343
3347
3349
3350
3353
3355
3357
3362
3361
3364
3364
3364
3363
3368
3369
3369
3369
3371
3372
3372
3375
3376
3378
3378
3379
3379
3380
3377
3357
3352
3356
3353
3356
3354
3355
3335
3328
3332
3329
3332
3330
3325
3309
3304
3308
3307
3309
3306
3302
3286
3280
3281
3283
3287
3283
3278
3262
3259
3259
3259
3261
3259
3254
3238
3234
3239
3239
3239
3236
3232
3213
3211
3216
3215
3214
3212
3210
3195
3187
3191
3190
3192
3189
3189
3174
3165
3168
3168
3169
3167
3164
3152
3143
3146
3146
3147
3145
3144
3131
3120
3123
3124
3124
3123
3124
3114
3096
3101
3103
3099
3101
3103
3095
3077
3078
3082
3079
3080
3080
3071
3057
3067
3085
3094
3111
3121
3122
3107
3112
3128
3141
3158
3165
3169
3154
3155
3172
3183
3198
3206
3213
3197
3195
3214
3227
3239
3245
3255
3236
3232
3252
3266
3275
3282
3295
3277
3268
3286
3299
3311
3319
3330
3313
3305
3321
3332
3343
3353
3363
3351
3335
3352
3365
3375
3385
3393
3381
3365
3383
3396
3405
3415
3426
3419
3398
3411
3425
3430
3443
3454
3442
3425
3438
3452
3456
3470
3480
3474
3457
3464
3479
3484
3498
3503
3496
3478
3486
3502
3508
3519
3527
3522
3505
3507
3525
3532
3543
3548
3548
3529
3531
3548
3552
3563
3569
3570
3551
3551
3569
3571
3583
3588
3591
3574
3569
3584
3591
3602
3606
3613
3595
3587
3601
3608
3618
3620
3624
3607
3602
3616
3623
3633
3634
3647
3628
3616
3631
3640
3648
3653
3664
3645
3629
3643
3653
3657
3667
3678
3658
3640
3655
3663
3672
3678
3687
3670
3652
3664
3676
3682
3692
3696
3684
3664
3673
3687
3692
3698
3706
3690
3671
3683
3694
3702
3709
3715
3705
3686
3694
3707
3709
3718
3723
3711
3691
3701
3716
3717
3725
3732
3723
3705
3709
3721
3724
3734
3737
3733
3715
3708
3707
3701
3700
3694
3690
3673
3662
3664
3660
3659
3655
3649
3632
3622
3626
3622
3624
3620
3619
3597
3589
3593
3589
3591
3588
3583
3566
3559
3564
3558
3563
3561
3558
3541
3534
3538
3537
3541
3537
3534
3517
3508
3514
3514
3519
3514
3513
3495
3487
3494
3493
3496
3495
3495
3477
3468
3475
3479
3479
3477
3476
3456
3452
3460
3459
3463
3461
3460
3440
3436
3444
3445
3449
3448
3448
3431
3427
3432
3433
3438
3436
3438
3421
3416
3421
3423
3426
3426
3426
3409
3404
3412
3414
3418
3418
3420
3402
3396
3403
3406
3407
3412
3416
3396
3388
3397
3399
3405
3405
3411
3413
3418
3422
3427
3431
3438
3439
3441
3447
3450
3454
3459
3465
3465
3469
3472
3475
3479
3483
3489
3491
3495
3499
3502
3508
3514
3513
3515
3519
3514
3497
3494
3502
3502
3507
3507
3505
3488
3482
3490
3492
3497
3497
3500
3484
3471
3481
3483
3488
3484
3491
3475
3462
3471
3474
3478
3478
3484
3465
3452
3461
3465
3469
3470
3477
3457
3443
3451
3453
3460
3462
3466
3448
3434
3442
3444
3450
3453
3457
3443
3426
3434
3440
3444
3444
3448
3436
3419
3424
3431
3436
3435
3439
3429
3411
3407
3406
3401
3398
3393
3385
3369
3364
3365
3358
3357
3352
3348
3347
3346
3343
3340
3338
3335
3333
3332
3329
3326
3324
3322
3319
3317
3314
3310
3308
3306
3304
3298
3300
3299
3294
3291
3291
3287
3283
3284
3281
3267
3252
3252
3251
3247
3247
3243
3230
3216
3213
3213
3210
3212
3206
3197
3183
3180
3179
3176
3175
3172
3165
3151
3146
3150
3144
3142
3139
3134
3116
3114
3116
3111
3111
3107
3104
3087
3082
3085
3081
3081
3076
3076
3062
3053
3053
3052
3051
3046
3048
3035
3026
3024
3024
3022
3019
3020
3009
2996
2996
2997
2995
2993
2995
2984
2970
2969
2970
2963
2967
2966
2960
2946
2943
2945
2939
2943
2940
2936
2922
2917
2921
2919
2919
2915
2913
2900
2889
2895
2895
2896
2891
2891
2878
2867
2872
2871
2871
2870
2870
2867
2868
2871
2869
2866
2867
2866
2867
2867
2869
2866
2867
2866
2865
2862
2862
2863
2863
2862
2862
2861
2865
2862
2861
2860
2858
2859
2859
2858
2849
2837
2836
2837
2832
2836
2834
2828
2815
2813
2816
2813
2817
2812
2812
2812
2810
2813
2813
2817
2813
2814
2812
2811
2809
2796
2796
2810
2816
2826
2835
2846
2852
2859
2868
2875
2886
2894
2905
2911
2919
2928
2935
2941
2951
2959
2965
2956
2942
2951
2962
2967
2973
2980
2971
2954
2965
2976
2979
2986
2991
2986
2971
2976
2987
2990
2999
3003
3003
2989
2991
2999
3002
3010
3011
3014
3000
3000
3009
3013
3021
3022
3026
3012
3008
3018
3021
3030
3032
3036
3019
3015
3027
3028
3038
3040
3047
3030
3024
3034
3038
3045
3047
3053
3038
3028
3040
3045
3053
3055
3062
3048
3035
3044
3053
3058
3063
3068
3055
3040
3049
3057
3061
3066
3071
3060
3045
3054
3064
3065
3070
3076
3067
3052
3058
3068
3068
3074
3078
3073
3055
3061
3069
3071
3077
3080
3076
3061
3065
3071
3072
3078
3078
3078
3064
3063
3071
3073
3079
3079
3081
3067
3064
3071
3075
3081
3082
3088
3069
3062
3072
3072
3080
3081
3085
3069
3061
3069
3071
3079
3081
3085
3070
3061
3069
3073
3081
3078
3084
3068
3055
3066
3071
3076
3076
3081
3067
3052
3062
3068
3071
3074
3078
3066
3051
3062
3065
3067
3071
3075
3064
3050
3060
3062
3065
3068
3071
3062
3047
3052
3059
3061
3066
3069
3064
3047
3046
3050
3047
3050
3050
3054
3053
3055
3056
3058
3058
3061
3062
3064
3065
3067
3068
3069
3069
3069
3071
3072
3070
3076
3077
3078
3079
3079
3080
3080
3084
3083
3076
3061
3059
3064
3063
3067
3064
3060
3044
3039
3046
3045
3050
3046
3043
3028
3022
3029
3029
3032
3031
3029
3015
3009
3016
3013
3017
3015
3015
3002
2995
3003
3000
3004
3002
3003
2989
2981
2986
2988
2992
2990
2992
2982
2969
2975
2977
2978
2979
2983
2971
2958
2964
2966
2969
2970
2974
2958
2948
2955
2958
2961
2964
2964
2950
2940
2946
2946
2952
2955
2958
2946
2932
2939
2940
2945
2948
2951
2941
2927
2932
2938
2942
2942
2946
2937
2921
2927
2933
2936
2939
2941
2933
2918
2922
2929
2929
2933
2936
2931
2917
2919
2925
2926
2931
2931
2925
2915
2915
2922
2922
2927
2928
2925
2915
2911
2919
2920
2924
2926
2927
2913
2907
2915
2917
2920
2923
2925
2912
2905
2913
2916
2918
2922
2923
2908
2903
2911
2914
2919
2921
2922
2908
2900
2906
2912
2918
2918
2922
2908
2899
2905
2912
2916
2917
2921
2907
2897
2907
2910
2914
2916
2921
2904
2894
2899
2901
2900
2902
2903
2892
2880
2883
2886
2885
2888
2888
2882
2869
2868
2872
2871
2871
2874
2877
2878
2879
2881
2884
2882
2888
2891
2894
2895
2897
2898
2901
2903
2904
2907
2906
2906
2911
2914
2916
2917
2918
2918
2919
2923
2927
2927
2930
2931
2932
2934
2939
2931
2917
2914
2918
2918
2921
2924
2920
2906
2899
2904
2905
2909
2908
2909
2895
2887
2894
2898
2897
2897
2900
2884
2875
2882
2886
2886
2887
2890
2875
2865
2870
2874
2876
2877
2881
2870
2860
2861
2865
2866
2866
2870
2863
2853
2851
2856
2857
2859
2861
2857
2843
2842
2849
2848
2853
2855
2852
2839
2833
2838
2840
2844
2846
2845
2832
2824
2829
2831
2836
2836
2840
2827
2816
2822
2827
2826
2829
2831
2820
2804
2813
2818
2818
2821
2822
2814
2797
2804
2809
2809
2812
2813
2807
2794
2796
2800
2800
2803
2800
2799
2787
2785
2791
2790
2794
2791
2792
2777
2776
2781
2781
2784
2785
2784
2771
2765
2770
2768
2774
2774
2779
2763
2754
2760
2760
2763
2763
2766
2753
2743
2748
2751
2754
2752
2754
2743
2729
2735
2739
2742
2740
2742
2731
2718
2723
2726
2726
2727
2728
2719
2708
2714
2717
2718
2722
2722
2720
2708
2712
2715
2715
2720
2719
2719
2705
2704
2711
2710
2715
2716
2717
2701
2700
2703
2701
2709
2709
2711
2695
2691
2697
2696
2701
2700
2702
2690
2682
2688
2689
2695
2692
2695
2682
2671
2678
2680
2684
2682
2685
2674
2661
2666
2669
2670
2671
2673
2662
2651
2657
2657
2657
2658
2658
2650
2638
2642
2644
2642
2644
2644
2634
2625
2626
2630
2628
2629
2629
2625
2611
2611
2614
2611
2613
2613
2608
2595
2594
2598
2595
2595
2595
2592
2581
2576
2580
2578
2581
2577
2575
2564
2559
2559
2561
2562
2562
2559
2547
2540
2542
2542
2543
2541
2541
2530
2522
2526
2525
2525
2523
2523
2508
2504
2507
2507
2506
2504
2505
2492
2485
2490
2488
2488
2486
2486
2477
2468
2471
2470
2469
2465
2469
2461
2453
2451
2451
2451
2450
2451
2444
2435
2434
2436
2434
2435
2434
2428
2418
2417
2417
2418
2419
2421
2414
2404
2401
2403
2402
2404
2402
2400
2390
2386
2390
2391
2389
2388
2387
2376
2371
2375
2375
2376
2374
2375
2365
2357
2362
2362
2363
2362
2365
2354
2346
2352
2351
2352
2351
2350
2344
2334
2339
2339
2339
2340
2341
2329
2322
2343
2362
2376
2391
2406
2404
2391
2408
2426
2437
2453
2467
2465
2454
2467
2485
2496
2510
2524
2521
2509
2522
2540
2550
2566
2577
2575
2563
2574
2589
2601
2616
2628
2629
2617
2622
2639
2646
2663
2672
2675
2662
2667
2685
2694
2707
2716
2721
2708
2705
2726
2735
2750
2755
2762
2749
2746
2765
2775
2788
2795
2805
2791
2786
2806
2812
2824
2831
2842
2829
2820
2838
2847
2857
2864
2876
2861
2851
2868
2878
2888
2895
2907
2896
2881
2897
2908
2915
2925
2935
2926
2909
2924
2936
2941
2952
2961
2953
2938
2950
2962
2968
2979
2986
2982
2967
2973
2984
2992
3003
3010
3004
2989
2996
3008
3014
3024
3031
3030
3014
3018
3033
3035
3047
3051
3051
3034
3037
3052
3056
3066
3071
3069
3052
3057
3070
3074
3085
3089
3088
3073
3075
3088
3093
3102
3104
3107
3090
3092
3105
3109
3119
3121
3122
3106
3108
3120
3125
3135
3139
3139
3122
3123
3136
3137
3149
3152
3155
3135
3136
3148
3151
3161
3164
3167
3151
3148
3160
3165
3177
3176
3179
3164
3156
3171
3176
3185
3186
3191
3175
3165
3179
3185
3192
3194
3201
3185
3175
3189
3192
3198
3201
3207
3192
3178
3186
3186
3187
3187
3187
3175
3160
3166
3168
3169
3169
3171
3162
3143
3147
3150
3147
3149
3150
3143
3125
3125
3127
3123
3126
3124
3115
3101
3100
3102
3099
3102
3096
3090
3074
3070
3073
3070
3074
3067
3061
3047
3042
3043
3039
3038
3034
3029
3014
3009
3011
3006
3004
2999
2994
2979
2973
2974
2969
2967
2963
2956
2940
2935
2934
2931
2928
2922
2919
2905
2896
2894
2890
2886
2877
2877
2864
2856
2851
2848
2843
2836
2834
2821
2809
2807
2803
2799
2794
2791
2777
2765
2762
2756
2753
2748
2745
2733
2721
2716
2712
2707
2702
2696
2688
2676
2671
2668
2660
2656
2650
2642
2628
2625
2622
2617
2610
2603
2597
2583
2579
2575
2569
2564
2558
2551
2543
2534
2531
2524
2518
2512
2507
2497
2491
2485
2480
2475
2467
2464
2453
2445
2442
2437
2432
2427
2422
2412
2403
2399
2392
2391
2384
2382
2371
2362
2358
2354
2347
2344
2339
2331
2321
2319
2315
2312
2305
2301
2293
2283
2279
2279
2272
2271
2263
2256
2246
2242
2241
2236
2231
2227
2221
2212
2211
2205
2200
2196
2191
2184
2177
2174
2171
2165
2162
2157
2150
2143
2138
2135
2130
2126
2121
2120
2108
2103
2099
2092
2091
2087
2085
2075
2069
2067
2062
2056
2055
2052
2043
2037
2035
2032
2032
2024
2021
2013
2007
2005
2002
1999
1998
1993
1984
1978
1976
1974
1971
1967
1965
1958
1951
1950
1948
1945
1942
1939
1929
1926
1925
1923
1920
1917
1914
1908
1899
1900
1898
1895
1893
1891
1886
1881
1876
1875
1872
1868
1868
1864
1857
1858
1852
1850
1848
1843
1842
1834
1831
1831
1827
1826
1825
1820
1813
1809
1807
1802
1803
1801
1799
1791
1787
1785
1782
1778
1777
1775
1769
1764
1763
1761
1760
1755
1753
1746
1738
1739
1737
1735
1735
1729
1723
1717
1715
1713
1711
1708
1705
1699
1693
1695
1690
1686
1683
1679
1674
1669
1666
1665
1661
1657
1655
1649
1640
1641
1638
1635
1632
1629
1625
1618
1615
1612
1608
1603
1602
1597
1592
1591
1586
1582
1578
1574
1571
1565
1562
1559
1555
1551
1550
1543
1537
1534
1530
1526
1523
1520
1516
1510
1506
1503
1498
1492
1490
1487
1481
1476
1474
1471
1466
1462
1458
1453
1446
1445
1441
1437
1436
1428
1426
1421
1415
1411
1408
1404
1399
1395
1391
1390
1383
1378
1375
1369
1366
1362
1358
1354
1349
1345
1341
1336
1329
1328
1323
1320
1315
1312
1311
1304
1300
1295
1289
1287
1283
1280
1278
1271
1268
1263
1260
1253
1251
1248
1244
1240
1237
1236
1229
1223
1221
1216
1213
1210
1206
1203
1200
1195
1192
1187
1182
1180
1177
1173
1170
1166
1165
1159
1155
1152
1147
1145
1143
1138
1135
1131
1128
1123
1121
1115
1114
1110
1107
1104
1100
1100
1094
1091
1087
1083
1081
1078
1074
1072
1071
1065
1061
1057
1054
1052
1048
1045
1041
1039
1037
1033
1030
1026
1023
1016
1017
1014
1012
1009
1005
1002
998
996
991
990
987
984
981
979
978
973
970
966
962
961
958
955
953
953
947
944
941
937
935
932
930
927
925
924
919
917
913
910
905
905
902
901
899
895
892
889
887
880
881
879
877
873
871
872
866
863
861
856
856
853
851
849
849
843
840
839
835
832
831
828
825
824
821
819
816
814
811
806
807
805
803
801
798
796
793
791
786
787
784
781
780
779
779
774
772
770
766
765
763
761
759
761
755
753
752
748
748
746
744
742
741
741
736
734
732
728
727
725
723
721
720
717
715
712
710
704
707
705
702
701
699
698
694
693
690
685
687
685
683
683
680
679
677
674
670
671
670
670
666
669
664
662
661
659
655
657
656
655
654
651
650
649
647
645
646
645
644
641
641
643
640
640
639
636
635
635
635
634
636
634
633
631
630
631
631
631
631
631
629
628
628
628
629
625
628
627
627
628
631
629
629
629
626
627
628
629
630
631
634
628
628
630
629
632
633
634
632
633
632
634
636
636
639
636
635
638
640
645
642
645
642
640
640
646
647
649
652
649
647
650
652
652
656
658
656
654
658
663
662
664
667
664
661
665
669
671
673
675
674
671
673
674
679
681
684
683
681
683
686
688
691
690
693
690
693
696
701
700
702
702
699
701
705
706
710
713
715
709
710
714
715
717
721
721
719
722
724
725
729
728
728
728
728
732
733
737
741
739
736
736
739
741
744
746
748
748
742
740
738
737
735
733
729
728
726
725
722
719
717
715
709
710
708
706
704
701
699
695
694
689
689
687
685
682
680
680
675
673
669
666
665
663
660
658
659
652
650
648
645
643
640
638
636
634
634
629
627
625
622
620
619
616
614
613
610
608
606
604
599
600
599
596
594
593
594
589
587
585
582
582
580
579
576
577
573
571
569
567
564
563
563
561
559
558
556
554
553
550
547
547
546
545
543
543
539
538
536
534
532
532
530
528
527
528
524
522
521
518
515
516
514
513
512
510
508
507
506
501
502
501
499
497
497
498
494
492
491
489
488
487
486
484
485
480
479
478
477
475
474
472
471
470
470
468
466
463
463
459
460
459
458
458
457
454
453
451
449
449
448
446
444
444
445
441
439
438
436
437
434
433
432
433
430
428
427
425
422
424
422
421
420
420
418
416
415
413
410
412
410
409
408
409
405
404
403
401
400
400
398
398
397
400
396
398
399
399
402
403
401
402
406
404
406
407
408
404
406
407
407
409
412
410
409
409
409
407
411
411
412
411
409
410
411
412
411
412
411
409
410
411
413
411
410
410
406
408
409
409
409
411
407
406
407
406
405
406
405
405
404
405
403
402
402
401
400
399
399
399
400
398
397
397
394
393
394
393
393
392
394
389
389
388
386
387
386
386
384
384
382
382
382
380
378
379
377
377
376
378
374
373
371
370
370
369
368
369
367
366
364
364
362
359
361
359
359
358
358
356
355
354
352
349
350
350
349
348
349
345
344
342
342
337
341
340
338
337
338
336
335
334
332
329
331
330
329
328
330
326
325
324
322
322
321
320
320
318
320
317
317
314
311
312
312
311
310
310
308
308
307
305
302
304
303
302
301
301
301
298
298
296
293
295
294
293
293
294
292
290
289
288
287
287
284
285
284
286
283
281
281
280
279
279
277
277
277
276
275
274
273
270
271
271
270
269
269
268
267
267
265
261
264
263
263
263
263
260
260
259
257
256
256
256
255
255
257
253
252
251
248
250
249
248
248
249
246
246
245
244
243
242
242
241
241
242
239
239
238
236
237
235
234
236
234
234
232
232
231
228
230
229
228
228
229
227
226
225
224
221
224
223
223
222
225
221
220
221
218
218
218
218
217
217
218
215
216
215
213
214
213
212
213
211
213
212
212
211
210
211
210
210
210
210
213
209
209
209
207
209
209
210
207
211
209
209
209
208
207
207
208
208
208
212
208
208
207
206
208
208
208
208
209
208
208
209
209
206
210
209
209
210
212
210
210
211
211
209
210
211
212
213
217
214
213
212
215
213
217
216
217
216
219
218
218
219
219
220
221
222
224
225
226
228
228
230
228
232
233
235
235
238
238
240
241
242
240
245
246
245
244
245
243
242
241
241
237
239
239
237
237
239
236
235
233
232
232
232
231
230
231
229
228
227
226
223
224
223
223
222
223
220
220
219
217
216
217
216
215
215
217
213
212
211
210
209
209
208
207
207
210
206
205
205
205
203
202
202
201
201
200
199
199
197
194
197
197
197
196
198
194
194
193
192
189
192
191
191
191
192
190
190
189
189
187
189
189
188
189
191
187
187
188
186
187
188
188
187
187
187
187
187
188
185
187
187
188
188
190
189
189
189
188
187
191
191
192
192
193
191
193
193
195
193
195
194
195
197
201
198
200
200
199
199
201
202
206
206
208
205
205
207
206
210
212
211
211
213
215
215
217
219
217
218
219
221
224
227
227
227
226
227
227
231
233
235
236
236
236
239
239
241
242
244
243
245
247
251
251
252
253
251
253
256
257
259
262
263
261
263
265
265
269
271
271
270
273
274
276
278
279
277
279
279
279
280
281
281
281
280
279
277
282
282
281
281
284
280
282
281
282
283
283
282
282
284
286
284
285
285
283
282
285
285
286
288
287
284
286
287
285
289
289
287
288
289
289
290
291
291
288
290
291
292
293
297
294
294
293
294
295
296
297
298
299
300
298
300
300
302
301
303
301
302
305
305
306
307
307
304
306
309
308
311
313
312
310
311
313
313
317
317
317
316
318
319
319
320
322
320
321
322
324
325
328
328
328
326
327
327
331
333
333
334
335
333
335
336
337
338
339
338
339
340
343
343
344
344
343
341
346
346
349
350
352
348
349
351
351
354
354
354
353
354
357
357
358
361
360
354
359
361
361
363
367
363
363
363
364
365
367
368
367
366
368
368
370
370
371
368
369
371
371
373
376
374
374
372
372
374
375
376
376
377
377
375
377
377
378
379
379
377
378
380
380
380
380
379
376
379
380
381
381
383
381
379
384
389
390
399
403
405
403
408
412
414
420
423
425
423
425
430
434
441
441
443
441
442
446
451
455
457
461
458
458
463
466
468
474
476
474
473
478
482
484
486
489
486
486
490
493
496
500
502
500
499
500
505
508
509
513
511
511
512
515
516
518
518
521
518
521
525
526
528
530
530
525
529
532
533
535
538
538
535
535
539
537
542
544
544
540
544
544
545
547
548
546
546
546
547
549
552
551
552
549
549
548
552
554
554
555
556
552
554
554
555
555
557
555
553
556
558
557
556
557
556
551
557
557
557
558
558
556
554
555
554
556
557
557
556
554
556
556
555
555
554
554
553
553
554
556
554
555
553
550
549
551
552
551
553
553
549
548
549
548
545
549
549
550
550
552
550
550
549
549
550
550
550
550
550
551
549
550
550
546
548
548
547
548
549
547
546
546
545
542
543
542
542
542
542
540
540
540
539
535
538
535
534
532
533
528
526
523
521
519
517
515
514
511
512
508
506
503
501
497
497
496
494
493
490
488
487
484
480
481
479
476
475
475
473
471
469
467
463
463
462
460
459
461
456
453
452
451
447
447
445
445
443
443
439
438
436
434
431
431
430
428
428
429
424
423
422
419
419
418
417
415
414
414
412
410
410
408
405
406
404
405
403
402
401
400
399
396
397
396
395
395
395
394
391
391
390
387
389
389
387
386
387
385
385
384
384
380
381
381
381
380
381
381
379
378
377
375
377
378
377
377
376
376
375
375
375
374
375
374
374
374
375
375
375
375
373
371
374
374
375
375
378
373
373
374
374
374
375
376
375
374
379
376
377
377
378
377
376
377
379
380
381
381
381
378
379
382
383
384
384
385
386
384
386
386
386
390
389
387
388
390
390
392
393
395
395
397
399
400
402
404
407
407
409
409
410
414
414
416
417
421
421
423
423
420
417
420
419
418
419
418
415
415
414
414
410
412
411
410
409
412
408
407
407
405
404
404
403
402
402
403
401
400
400
398
397
398
398
398
398
397
396
396
393
392
395
394
394
394
394
393
393
393
391
389
392
391
390
390
390
388
387
387
387
384
386
384
383
384
385
383
383
383
381
377
380
379
379
379
382
378
377
377
376
375
376
376
375
374
376
374
374
374
373
369
371
371
372
372
374
371
370
369
368
368
369
369
369
369
370
367
367
367
367
366
367
366
365
366
366
365
366
366
363
363
364
363
364
365
368
363
362
362
363
363
364
364
363
362
361
361
363
362
359
361
361
361
361
363
363
362
361
359
358
360
361
361
362
362
359
359
360
358
361
361
360
359
360
361
360
360
360
358
359
359
360
360
363
361
360
359
359
358
360
360
361
361
361
360
360
360
360
357
361
360
359
361
363
361
360
361
362
361
363
364
363
363
363
364
365
366
367
366
369
372
373
375
379
377
378
379
379
381
383
385
386
388
391
390
391
392
392
394
394
392
394
397
396
398
399
398
393
398
400
400
402
405
403
401
402
403
403
406
407
407
405
409
408
409
411
410
411
410
411
413
414
418
417
418
415
415
415
419
420
422
422
423
421
423
424
425
426
426
426
426
429
432
431
432
432
429
431
434
435
436
440
438
437
437
439
438
442
443
445
443
443
445
447
449
450
449
451
449
451
452
457
456
457
455
454
457
459
462
463
464
463
462
464
466
468
465
471
469
468
471
475
474
476
477
475
474
477
479
480
482
487
482
481
485
486
488
490
492
490
489
492
494
494
497
496
497
496
500
501
504
504
507
504
502
503
508
510
512
514
514
510
513
515
516
519
521
519
517
520
525
524
526
528
525
521
527
531
531
533
539
534
532
535
537
539
541
543
541
540
544
545
547
548
550
547
546
548
548
549
549
549
547
545
544
547
547
548
548
546
548
545
546
546
545
547
545
544
544
546
545
546
546
545
540
544
545
544
546
548
548
542
544
545
544
546
547
545
543
544
545
545
546
545
542
542
544
544
545
546
549
545
543
543
543
545
546
547
546
544
544
545
545
546
543
546
544
544
545
546
549
546
546
544
542
545
545
546
546
546
543
543
545
545
545
546
545
544
543
545
548
546
545
546
543
540
544
545
545
546
547
544
543
544
543
545
545
545
543
543
546
544
545
544
543
539
541
543
543
545
544
543
540
540
540
542
543
543
542
540
542
541
540
541
541
536
538
538
539
539
542
540
539
536
535
537
538
538
538
538
541
539
539
540
539
540
540
541
541
542
542
541
541
541
540
541
542
542
542
540
545
541
542
542
541
538
538
538
538
538
538
537
538
537
534
537
537
537
536
538
538
536
536
535
534
534
534
535
534
533
531
533
533
535
534
537
539
540
540
543
544
544
546
545
545
547
546
544
545
549
546
547
547
545
540
544
545
545
546
547
545
543
543
544
542
544
544
543
541
543
542
542
542
542
538
538
538
539
539
539
538
536
535
535
532
535
535
535
534
534
531
531
530
529
530
528
526
526
526
527
525
524
523
520
516
521
519
519
519
521
514
514
514
512
510
512
511
509
507
508
506
505
504
503
499
500
499
498
497
498
496
493
492
491
487
489
488
487
485
484
486
481
481
480
477
477
475
474
473
473
471
469
467
467
463
464
463
462
460
459
460
456
454
453
451
450
449
447
447
446
447
443
441
439
437
437
436
435
434
432
434
429
428
427
425
421
423
421
420
419
421
417
415
414
412
411
410
409
407
407
409
404
403
402
400
399
399
398
396
396
395
394
391
391
388
389
388
387
386
387
385
383
382
380
378
380
379
379
378
378
375
374
373
371
368
369
368
366
366
366
364
363
362
361
358
359
359
358
358
358
356
354
354
352
351
353
353
352
350
351
351
351
351
351
348
349
350
351
350
351
351
349
348
349
349
351
351
352
352
350
355
353
354
354
355
355
354
356
358
359
361
361
360
360
359
364
365
367
369
369
370
370
373
373
374
378
378
377
379
382
383
386
388
388
384
389
393
395
398
401
403
399
401
406
406
410
414
414
413
415
419
421
425
427
428
427
429
433
437
441
446
445
443
443
449
449
456
458
462
459
463
464
467
471
473
477
475
475
480
483
489
490
494
491
490
494
500
504
507
511
511
508
512
517
520
523
528
526
523
529
535
536
540
544
542
540
545
549
553
558
560
559
557
561
563
568
573
576
575
573
580
581
584
588
589
590
588
591
596
602
603
607
606
603
604
611
613
617
620
622
618
621
626
629
630
635
637
634
633
635
634
634
634
634
631
629
631
632
633
635
633
631
629
631
629
633
633
634
632
631
632
633
635
633
637
634
631
635
637
641
640
641
639
637
636
642
643
645
647
646
642
645
648
649
652
654
652
650
653
659
657
660
662
660
658
662
664
666
670
672
670
667
670
671
676
679
682
680
677
683
685
687
690
691
692
688
693
697
703
703
706
704
700
705
709
712
716
719
717
714
718
723
725
728
733
731
728
732
739
740
744
747
746
742
746
752
754
758
762
764
759
761
766
768
774
777
779
776
778
782
785
790
792
792
792
792
798
801
806
809
812
809
807
812
817
821
825
830
829
823
829
833
836
841
846
843
839
845
850
853
857
861
859
853
859
866
868
873
879
876
873
875
879
884
889
892
893
889
893
897
899
904
906
905
905
905
911
915
919
921
926
928
930
937
940
944
949
952
958
960
962
965
969
970
976
979
975
970
969
965
961
958
955
953
950
948
944
942
941
936
933
933
927
921
922
919
916
913
910
906
904
901
896
895
891
888
886
883
881
878
875
871
868
862
863
860
857
854
852
848
845
842
838
836
834
830
828
825
824
820
816
813
810
805
805
802
801
797
794
791
788
785
780
779
777
774
771
768
767
763
760
757
754
748
749
746
744
742
739
736
733
730
725
725
723
720
718
715
714
710
708
703
700
699
697
694
692
693
687
685
682
680
676
675
672
670
668
666
663
661
658
656
651
651
649
647
644
643
639
638
635
632
630
629
626
624
622
622
619
616
613
610
608
606
605
603
601
598
596
594
592
586
588
585
584
582
581
577
576
574
571
567
568
566
564
562
563
558
555
554
551
550
548
546
544
543
542
539
537
535
533
529
529
528
526
524
525
520
519
517
515
511
511
509
508
506
505
504
501
499
497
493
494
493
492
489
490
485
484
482
480
477
478
476
474
473
472
470
467
466
464
462
461
459
458
457
456
453
452
451
448
445
446
445
443
441
441
440
437
434
434
430
431
429
428
426
426
424
422
420
419
416
416
415
414
412
410
411
408
407
405
404
400
402
400
400
399
398
396
395
393
391
391
390
389
388
387
388
385
384
383
382
381
380
379
378
378
379
375
375
374
371
372
371
371
371
370
370
368
367
366
364
366
365
365
363
364
363
363
362
362
359
361
359
360
360
361
360
361
359
357
355
358
359
359
361
361
357
358
359
359
356
361
359
358
359
361
361
362
362
361
358
361
362
364
365
368
365
365
366
367
365
371
372
371
370
373
374
375
376
377
375
377
377
381
382
388
386
386
385
384
388
390
392
395
394
395
394
396
399
400
403
404
402
404
408
409
411
414
414
410
415
417
419
422
425
428
423
425
428
429
433
436
435
434
437
440
442
445
447
445
446
449
454
457
463
467
467
464
468
472
476
482
485
487
486
487
493
496
500
501
505
504
507
512
516
523
525
524
522
524
532
535
539
543
546
542
545
550
553
556
563
564
561
565
571
574
579
582
582
577
585
590
593
597
605
602
600
603
607
610
616
619
621
617
622
626
629
634
637
636
636
638
644
647
654
655
656
652
654
660
663
667
671
673
671
670
676
679
683
684
686
683
685
692
693
697
701
702
696
699
705
707
711
714
719
712
713
717
718
723
725
727
724
728
730
732
736
738
737
736
736
741
743
747
752
750
747
747
750
754
757
759
761
758
757
762
764
767
766
772
768
767
771
774
779
779
781
778
775
776
783
785
788
792
788
784
789
793
794
798
801
797
794
799
804
805
807
810
807
800
808
811
814
817
819
817
813
816
819
823
826
828
827
824
829
830
832
835
837
833
833
835
839
841
846
846
845
842
843
848
850
854
856
855
854
850
850
849
848
844
846
843
841
841
839
839
838
837
830
831
832
830
830
830
831
825
822
823
821
821
820
819
816
815
814
813
813
811
808
808
805
805
804
803
805
802
798
795
794
794
794
792
792
791
786
785
785
783
779
782
779
776
775
774
777
772
770
769
766
762
764
762
761
761
758
755
753
752
748
750
748
747
743
743
745
740
738
737
734
732
730
730
728
728
725
724
721
719
714
716
715
713
712
709
710
706
704
701
700
699
696
693
693
693
690
688
687
684
679
680
679
677
676
675
675
669
668
666
663
663
661
659
657
658
653
651
650
649
644
644
642
641
639
639
637
634
631
630
626
627
625
623
621
621
617
615
613
610
610
608
606
604
603
603
599
597
595
592
589
590
588
586
585
583
580
579
577
573
574
571
570
568
567
567
564
561
559
557
555
554
553
551
550
548
546
544
541
538
539
537
536
534
532
534
529
526
524
521
521
519
517
515
515
512
510
508
506
500
503
501
500
498
496
497
492
491
489
485
486
482
482
481
481
477
475
474
471
468
468
467
466
464
464
461
459
458
455
450
453
451
449
448
449
445
443
441
439
440
437
435
434
433
434
429
428
427
424
423
423
421
420
418
418
414
414
412
410
409
408
407
406
404
405
401
399
398
395
394
394
392
391
390
390
387
385
384
382
382
381
379
378
377
379
375
373
373
371
370
369
368
367
367
366
365
364
362
360
361
360
359
358
358
360
356
356
355
352
353
354
351
351
352
352
351
351
351
348
348
349
348
348
349
353
348
347
347
347
347
348
349
347
346
350
349
349
349
350
349
348
349
351
351
355
353
352
351
351
353
354
356
356
357
357
356
358
359
359
362
363
360
361
366
368
368
369
369
366
369
371
372
375
378
377
376
377
380
379
384
385
387
385
387
389
391
394
395
394
396
396
402
405
410
410
414
412
411
414
421
423
426
430
429
430
433
436
439
441
446
445
443
448
453
457
458
463
463
458
465
470
473
477
481
483
479
483
487
488
495
498
499
496
502
505
508
513
515
514
514
517
524
526
531
534
534
533
535
538
543
548
552
553
554
553
558
561
565
570
571
569
570
577
583
584
587
589
586
587
594
597
602
605
608
605
604
611
612
618
622
625
623
623
631
632
636
639
642
637
639
645
649
654
657
660
658
657
660
666
671
674
679
677
677
680
684
689
691
693
693
691
697
702
706
709
714
711
706
714
719
723
727
732
734
727
732
737
739
745
749
749
746
751
755
758
763
766
764
763
767
773
776
781
787
785
781
784
789
793
798
801
803
800
801
807
810
816
817
821
817
818
825
827
836
836
840
835
834
839
846
850
854
859
854
852
858
862
865
871
875
871
869
876
883
885
888
893
888
885
893
898
902
907
911
907
903
910
914
922
929
934
934
930
938
942
948
953
958
956
955
959
968
973
979
984
986
982
982
992
997
1004
1008
1013
1008
1009
1017
1022
1029
1032
1038
1033
1033
1043
1051
1055
1059
1065
1059
1059
1068
1074
1081
1086
1092
1090
1084
1094
1100
1106
1112
1120
1114
1110
1122
1128
1133
1139
1146
1141
1138
1148
1157
1162
1168
1175
1170
1165
1175
1180
1190
1196
1204
1200
1194
1204
1212
1219
1223
1232
1228
1223
1232
1242
1248
1256
1261
1259
1253
1260
1271
1276
1284
1291
1290
1283
1290
1300
1304
1314
1321
1320
1314
1320
1331
1340
1344
1350
1352
1344
1349
1361
1366
1376
1383
1385
1378
1379
1389
1396
1406
1411
1417
1410
1409
1423
1428
1436
1441
1448
1441
1438
1450
1459
1467
1472
1482
1474
1469
1481
1489
1497
1504
1512
1506
1503
1511
1521
1526
1534
1542
1537
1530
1543
1552
1559
1566
1574
1566
1562
1575
1584
1590
1597
1606
1605
1594
1603
1614
1619
1629
1637
1634
1629
1635
1646
1652
1660
1665
1666
1658
1666
1677
1683
1693
1700
1700
1692
1697
1707
1715
1725
1732
1735
1724
1728
1740
1746
1753
1762
1765
1757
1756
1765
1768
1777
1777
1780
1771
1768
1778
1783
1790
1794
1796
1787
1786
1793
1796
1806
1808
1813
1805
1801
1811
1816
1821
1825
1831
1820
1817
1827
1833
1841
1842
1849
1840
1832
1841
1850
1855
1860
1867
1859
1852
1860
1869
1873
1879
1882
1878
1870
1879
1889
1892
1898
1905
1897
1889
1899
1907
1913
1919
1925
1921
1910
1920
1928
1934
1937
1948
1942
1934
1942
1951
1956
1964
1967
1966
1956
1965
1975
1980
1988
1998
1991
1982
1989
1999
2005
2013
2020
2019
2008
2014
2025
2030
2039
2046
2044
2035
2041
2053
2059
2067
2073
2073
2062
2065
2080
2086
2096
2104
2103
2093
2096
2107
2113
2124
2129
2134
2123
2123
2137
2146
2153
2158
2163
2152
2149
2165
2172
2183
2187
2193
2182
2181
2191
2202
2212
2217
2223
2212
2211
2227
2231
2241
2245
2251
2241
2238
2252
2261
2269
2274
2284
2270
2265
2279
2287
2295
2302
2312
2301
2292
2305
2314
2323
2326
2338
2329
2319
2330
2341
2348
2354
2360
2354
2344
2354
2366
2372
2380
2389
2380
2369
2379
2389
2392
2403
2410
2407
2393
2401
2413
2416
2425
2431
2428
2416
2415
2420
2419
2425
2422
2419
2408
2405
2409
2410
2413
2413
2411
2400
2396
2399
2400
2404
2403
2404
2393
2387
2393
2397
2396
2396
2398
2387
2379
2384
2387
2388
2388
2392
2380
2370
2377
2380
2381
2382
2384
2374
2365
2370
2372
2374
2375
2374
2369
2359
2363
2366
2367
2369
2370
2361
2353
2356
2360
2360
2363
2365
2362
2349
2350
2355
2353
2355
2358
2355
2348
2343
2348
2349
2352
2352
2352
2341
2338
2343
2344
2348
2351
2347
2337
2333
2338
2338
2343
2343
2347
2333
2328
2334
2335
2339
2340
2343
2332
2325
2331
2334
2339
2337
2341
2330
2321
2328
2331
2334
2335
2339
2329
2318
2322
2328
2329
2333
2336
2329
2319
2325
2327
2329
2332
2333
2328
2319
2321
2329
2327
2331
2335
2328
2318
2320
2326
2326
2331
2332
2331
2320
2319
2326
2325
2328
2333
2332
2322
2319
2326
2326
2331
2330
2334
2323
2320
2325
2329
2333
2336
2336
2325
2321
2327
2329
2336
2337
2343
2329
2323
2330
2333
2338
2340
2344
2334
2326
2333
2338
2341
2343
2349
2338
2326
2336
2342
2345
2348
2352
2346
2333
2338
2346
2349
2353
2356
2350
2338
2347
2354
2357
2364
2369
2365
2355
2361
2373
2372
2380
2384
2381
2372
2374
2383
2386
2394
2397
2398
2390
2387
2398
2399
2405
2411
2412
2402
2400
2410
2413
2420
2421
2425
2414
2412
2422
2424
2433
2437
2440
2428
2423
2433
2435
2444
2447
2452
2440
2433
2443
2448
2452
2457
2463
2452
2444
2455
2460
2468
2470
2477
2465
2455
2462
2471
2476
2482
2487
2477
2465
2474
2478
2486
2491
2496
2487
2475
2484
2492
2495
2500
2505
2498
2483
2493
2502
2507
2510
2514
2509
2496
2502
2511
2513
2519
2524
2521
2509
2515
2520
2524
2530
2532
2532
2521
2521
2530
2533
2540
2543
2539
2529
2530
2539
2541
2549
2551
2554
2541
2538
2548
2551
2558
2562
2563
2551
2548
2557
2560
2565
2570
2573
2560
2556
2566
2569
2578
2578
2582
2570
2564
2569
2577
2585
2590
2591
2579
2572
2580
2587
2592
2595
2601
2589
2579
2590
2598
2599
2603
2609
2596
2586
2595
2605
2606
2610
2616
2607
2593
2602
2610
2612
2616
2622
2616
2607
2608
2616
2619
2624
2625
2624
2613
2617
2623
2626
2631
2632
2630
2620
2620
2629
2630
2637
2639
2641
2626
2625
2633
2634
2641
2643
2645
2631
2630
2641
2647
2653
2660
2664
2651
2648
2660
2664
2676
2678
2681
2668
2664
2676
2682
2691
2694
2700
2686
2680
2691
2699
2706
2710
2717
2702
2695
2707
2717
2720
2724
2732
2719
2708
2720
2729
2734
2738
2746
2735
2720
2732
2740
2745
2751
2757
2748
2736
2744
2753
2757
2763
2764
2762
2749
2756
2766
2769
2775
2779
2774
2760
2767
2777
2781
2788
2792
2788
2773
2778
2788
2790
2799
2803
2802
2786
2789
2799
2801
2806
2814
2810
2796
2798
2808
2811
2819
2823
2818
2805
2806
2813
2819
2827
2832
2828
2815
2815
2825
2830
2836
2839
2839
2826
2824
2836
2840
2844
2846
2846
2832
2831
2842
2845
2851
2854
2853
2839
2836
2848
2851
2857
2860
2862
2848
2845
2857
2858
2865
2868
2868
2855
2852
2864
2864
2871
2874
2874
2861
2856
2867
2870
2877
2879
2883
2872
2862
2872
2876
2880
2884
2888
2877
2867
2877
2880
2885
2888
2895
2881
2871
2880
2885
2890
2896
2898
2887
2873
2881
2888
2893
2898
2901
2892
2877
2884
2888
2894
2898
2903
2893
2879
2886
2893
2895
2899
2903
2895
2878
2886
2894
2895
2899
2901
2897
2881
2885
2893
2894
2899
2901
2897
2884
2877
2865
2854
2845
2834
2826
2813
2804
2796
2787
2780
2770
2759
2749
2740
2733
2725
2718
2710
2704
2690
2680
2675
2667
2657
2653
2646
2635
2625
2620
2614
2605
2600
2594
2582
2573
2568
2563
2557
2550
2544
2533
2524
2517
2514
2509
2504
2496
2486
2478
2473
2467
2464
2457
2454
2443
2433
2430
2428
2421
2414
2411
2401
2388
2388
2385
2383
2375
2371
2361
2351
2349
2346
2341
2336
2332
2324
2315
2315
2309
2304
2299
2294
2289
2277
2275
2272
2267
2265
2260
2251
2244
2241
2237
2233
2231
2225
2223
2211
2206
2205
2199
2197
2193
2187
2181
2174
2172
2167
2163
2160
2155
2145
2142
2140
2136
2135
2129
2124
2115
2110
2106
2105
2103
2100
2093
2086
2081
2078
2072
2072
2067
2063
2055
2050
2049
2048
2042
2037
2033
2024
2020
2019
2016
2015
2008
2004
1997
1989
1991
1985
1983
1979
1975
1967
1964
1961
1957
1954
1950
1944
1941
1934
1934
1929
1927
1923
1919
1910
1906
1905
1901
1899
1895
1892
1888
1879
1877
1874
1870
1869
1865
1858
1854
1850
1848
1844
1840
1839
1832
1826
1825
1822
1818
1817
1812
1807
1800
1801
1800
1802
1801
1802
1798
1791
1790
1792
1787
1791
1790
1787
1780
1779
1782
1782
1781
1779
1777
1768
1768
1770
1769
1773
1768
1767
1760
1756
1757
1759
1760
1758
1758
1751
1749
1748
1748
1749
1747
1745
1740
1736
1738
1738
1738
1737
1738
1728
1726
1728
1728
1728
1727
1729
1723
1716
1718
1718
1716
1719
1720
1714
1709
1708
1709
1710
1707
1709
1704
1697
1698
1699
1700
1703
1700
1695
1688
1688
1690
1690
1690
1691
1686
1679
1678
1680
1677
1681
1681
1677
1671
1669
1672
1670
1671
1670
1668
1658
1660
1661
1661
1665
1661
1659
1652
1649
1650
1651
1651
1650
1649
1642
1642
1642
1640
1641
1640
1636
1633
1629
1631
1631
1631
1629
1628
1620
1618
1620
1619
1620
1617
1617
1614
1607
1608
1608
1607
1604
1606
1599
1596
1597
1595
1595
1593
1592
1587
1582
1584
1582
1581
1581
1583
1575
1568
1570
1568
1569
1566
1567
1562
1555
1555
1555
1554
1551
1551
1547
1540
1540
1540
1539
1540
1536
1532
1525
1523
1524
1522
1521
1520
1516
1510
1508
1508
1504
1505
1503
1500
1494
1491
1492
1491
1489
1487
1483
1477
1476
1476
1475
1475
1473
1472
1467
1463
1463
1464
1465
1463
1462
1457
1454
1456
1454
1455
1454
1452
1449
1444
1446
1449
1447
1447
1448
1442
1437
1440
1440
1441
1442
1444
1440
1433
1435
1438
1437
1439
1440
1437
1432
1434
1436
1437
1439
1439
1437
1431
1433
1437
1437
1440
1445
1439
1434
1434
1437
1439
1442
1444
1444
1437
1438
1443
1443
1445
1449
1448
1442
1442
1447
1451
1452
1454
1454
1447
1446
1452
1454
1458
1460
1460
1453
1452
1456
1459
1463
1464
1466
1460
1458
1462
1464
1468
1469
1468
1465
1463
1467
1472
1472
1474
1477
1469
1466
1471
1474
1476
1478
1482
1476
1470
1475
1478
1478
1482
1485
1480
1477
1478
1481
1483
1485
1485
1485
1478
1481
1486
1487
1491
1492
1488
1482
1484
1485
1490
1493
1494
1493
1486
1488
1492
1491
1497
1497
1496
1490
1490
1496
1497
1499
1501
1500
1491
1494
1499
1500
1506
1504
1504
1496
1496
1498
1502
1506
1506
1506
1499
1500
1503
1504
1506
1507
1504
1502
1500
1505
1507
1508
1509
1510
1503
1501
1505
1507
1510
1510
1512
1507
1501
1505
1507
1509
1509
1512
1506
1501
1505
1502
1503
1502
1502
1496
1492
1493
1494
1493
1493
1497
1487
1482
1483
1484
1484
1484
1484
1479
1473
1475
1475
1475
1474
1475
1470
1465
1465
1467
1467
1467
1466
1462
1456
1454
1458
1457
1458
1459
1453
1448
1447
1448
1445
1448
1448
1445
1438
1438
1441
1439
1439
1438
1434
1425
1429
1429
1428
1432
1428
1426
1420
1417
1419
1418
1418
1417
1414
1409
1410
1408
1407
1407
1405
1402
1398
1396
1398
1395
1396
1395
1393
1385
1384
1385
1384
1384
1382
1382
1377
1373
1373
1372
1370
1370
1369
1364
1362
1362
1361
1360
1359
1356
1351
1349
1350
1349
1348
1347
1349
1340
1337
1337
1335
1336
1335
1333
1329
1325
1325
1324
1324
1318
1321
1317
1311
1312
1313
1313
1310
1309
1304
1300
1297
1299
1299
1298
1298
1291
1287
1287
1287
1282
1285
1283
1279
1274
1274
1275
1272
1272
1269
1266
1258
1262
1260
1259
1261
1258
1254
1250
1248
1244
1247
1246
1244
1240
1237
1237
1236
1234
1232
1231
1225
1224
1223
1223
1222
1221
1219
1216
1212
1208
1210
1208
1208
1206
1204
1201
1198
1199
1197
1195
1191
1192
1188
1185
1188
1184
1184
1182
1180
1175
1171
1167
1163
1159
1156
1155
1148
1144
1140
1136
1130
1129
1126
1122
1121
1115
1111
1108
1104
1097
1098
1094
1089
1086
1083
1081
1076
1073
1069
1066
1059
1059
1056
1053
1051
1047
1043
1039
1037
1030
1030
1026
1024
1020
1017
1017
1011
1007
1005
1001
994
995
992
988
987
982
979
977
973
969
967
964
961
958
956
953
950
947
944
940
935
934
932
929
928
926
921
917
914
911
909
906
904
900
898
896
892
890
887
884
879
878
876
874
871
870
866
863
860
857
855
852
850
847
845
843
840
837
834
832
826
827
823
822
820
816
812
812
809
804
804
802
800
797
795
795
790
787
785
782
778
777
776
773
772
769
766
763
761
756
757
755
753
750
748
749
743
741
738
736
731
732
730
727
726
724
721
719
717
714
713
710
708
706
704
704
700
698
696
693
689
689
687
685
684
685
679
677
675
672
670
669
665
664
664
663
659
657
655
652
647
649
647
645
643
645
639
638
636
632
632
630
628
626
624
625
621
618
617
615
611
610
609
607
607
608
603
599
598
596
595
593
592
590
588
588
584
583
581
579
575
576
574
573
572
569
568
566
564
561
560
559
558
555
554
556
550
549
548
545
544
543
541
540
539
537
535
534
532
527
528
527
525
524
522
522
520
518
516
512
513
511
510
509
508
506
504
502
500
496
498
496
495
492
493
492
490
488
487
483
483
482
481
480
479
477
476
474
472
468
469
468
467
466
464
466
461
459
458
456
455
454
452
452
451
449
447
446
445
440
443
440
440
439
438
437
435
434
432
428
429
428
427
426
427
424
422
421
419
416
417
416
415
414
413
411
409
409
407
404
405
403
402
401
401
400
398
397
395
392
393
392
391
390
390
388
386
386
385
380
383
382
380
379
380
377
376
375
374
372
372
371
370
369
369
367
366
365
364
361
362
361
360
360
361
358
357
355
354
353
353
352
351
351
351
348
347
347
345
341
344
343
349
356
364
367
373
376
372
377
385
390
395
401
404
401
405
412
416
420
428
430
428
431
440
442
449
453
456
451
456
464
467
473
479
481
479
480
488
489
497
502
505
503
508
511
516
522
525
529
526
529
536
541
548
550
555
552
552
557
565
570
574
579
578
577
584
589
594
597
605
602
600
608
615
622
624
630
627
622
633
640
644
649
659
654
650
658
664
670
676
682
681
677
686
692
697
703
708
706
706
711
719
724
731
735
737
733
737
746
752
759
764
766
763
767
776
781
788
791
795
792
796
807
813
817
823
827
822
826
835
841
849
854
860
854
856
866
872
877
886
893
888
888
898
905
912
919
925
922
921
931
939
946
955
961
956
952
963
969
981
988
995
992
988
998
1007
1015
1021
1030
1028
1023
1033
1043
1051
1058
1066
1066
1059
1067
1078
1086
1094
1102
1102
1096
1105
1116
1121
1131
1139
1140
1133
1141
1151
1162
1168
1176
1178
1171
1178
1190
1196
1207
1216
1216
1211
1215
1223
1233
1243
1249
1254
1248
1251
1265
1270
1279
1285
1292
1287
1287
1299
1308
1317
1323
1330
1324
1322
1336
1345
1354
1361
1370
1362
1364
1374
1383
1393
1398
1409
1402
1399
1413
1422
1430
1438
1449
1439
1437
1451
1460
1470
1477
1489
1486
1475
1489
1500
1508
1518
1527
1523
1517
1528
1540
1547
1557
1566
1564
1557
1567
1580
1588
1598
1610
1605
1597
1607
1620
1627
1638
1647
1649
1640
1648
1661
1668
1677
1688
1692
1682
1687
1702
1710
1725
1729
1733
1724
1728
1741
1752
1764
1771
1777
1767
1769
1784
1790
1804
1811
1819
1811
1811
1826
1838
1847
1854
1863
1853
1851
1867
1878
1890
1896
1907
1898
1892
1906
1920
1931
1940
1951
1944
1935
1951
1963
1972
1981
1991
1986
1977
1993
2007
2014
2025
2035
2031
2022
2034
2049
2056
2068
2078
2077
2071
2076
2091
2099
2111
2120
2122
2112
2122
2134
2142
2156
2162
2168
2157
2160
2176
2185
2199
2208
2218
2202
2202
2219
2228
2241
2249
2259
2248
2245
2261
2273
2283
2293
2303
2291
2288
2305
2316
2328
2338
2347
2335
2330
2346
2359
2371
2380
2393
2380
2369
2372
2372
2373
2375
2375
2366
2355
2359
2364
2362
2363
2365
2357
2344
2350
2353
2356
2356
2357
2351
2340
2342
2347
2347
2349
2351
2347
2336
2340
2341
2342
2345
2345
2342
2332
2333
2341
2338
2344
2345
2340
2331
2330
2337
2337
2342
2343
2343
2335
2329
2336
2338
2343
2344
2346
2335
2334
2338
2341
2346
2346
2349
2339
2334
2341
2344
2348
2351
2357
2341
2336
2343
2346
2352
2354
2360
2349
2340
2348
2353
2354
2360
2365
2355
2346
2354
2359
2364
2365
2371
2359
2351
2356
2364
2369
2375
2378
2368
2358
2366
2371
2375
2380
2385
2378
2367
2373
2382
2383
2388
2393
2386
2374
2380
2388
2393
2396
2399
2398
2386
2387
2396
2398
2405
2407
2406
2396
2399
2405
2407
2413
2415
2417
2406
2405
2413
2415
2422
2424
2423
2415
2410
2420
2424
2430
2432
2438
2425
2419
2428
2433
2435
2442
2448
2439
2428
2438
2443
2447
2451
2458
2445
2437
2446
2453
2459
2462
2468
2457
2446
2453
2462
2467
2474
2477
2468
2457
2464
2473
2476
2481
2485
2479
2467
2475
2485
2486
2491
2496
2487
2478
2484
2494
2496
2501
2506
2499
2487
2494
2502
2505
2513
2515
2509
2502
2499
2508
2509
2515
2515
2514
2502
2503
2511
2512
2518
2518
2518
2506
2506
2513
2516
2522
2524
2522
2510
2509
2516
2515
2525
2527
2528
2515
2512
2520
2521
2527
2530
2533
2521
2515
2523
2527
2534
2533
2537
2526
2517
2524
2530
2534
2537
2541
2529
2519
2525
2531
2535
2538
2541
2533
2522
2527
2536
2534
2538
2541
2535
2525
2526
2535
2534
2537
2540
2535
2523
2525
2532
2532
2536
2538
2536
2527
2522
2529
2530
2533
2535
2534
2523
2519
2526
2527
2531
2530
2533
2521
2517
2523
2524
2528
2531
2534
2520
2513
2519
2520
2525
2526
2533
2518
2509
2516
2519
2522
2523
2527
2516
2505
2512
2517
2522
2521
2525
2515
2502
2509
2514
2517
2521
2523
2515
2503
2506
2514
2514
2519
2521
2517
2505
2507
2516
2514
2519
2522
2518
2507
2507
2515
2516
2522
2522
2524
2511
2509
2516
2519
2525
2526
2530
2519
2513
2520
2523
2528
2528
2534
2522
2518
2526
2529
2535
2537
2542
2532
2523
2532
2538
2543
2546
2553
2541
2531
2539
2547
2547
2555
2561
2556
2540
2547
2556
2558
2561
2569
2563
2552
2557
2565
2569
2576
2579
2576
2563
2568
2583
2595
2609
2620
2619
2606
2610
2626
2634
2647
2655
2657
2644
2648
2665
2677
2685
2692
2697
2681
2684
2700
2710
2720
2727
2733
2719
2715
2734
2744
2755
2761
2768
2754
2752
2767
2776
2787
2793
2798
2788
2782
2800
2807
2816
2823
2833
2820
2809
2826
2835
2843
2850
2861
2846
2834
2849
2860
2865
2873
2883
2873
2856
2871
2881
2887
2894
2902
2892
2877
2889
2900
2906
2916
2920
2913
2899
2905
2917
2921
2930
2934
2929
2915
2919
2929
2934
2942
2947
2944
2930
2932
2944
2946
2954
2957
2956
2939
2941
2953
2956
2964
2966
2969
2952
2949
2961
2965
2973
2975
2980
2965
2961
2969
2975
2982
2982
2990
2976
2970
2978
2983
2989
2991
2999
2984
2973
2985
2991
2997
3001
3012
2995
2982
2994
3000
3006
3011
3021
3007
2992
3002
3010
3016
3021
3028
3017
3003
3012
3022
3027
3033
3038
3030
3014
3018
3032
3037
3044
3049
3044
3029
3032
3044
3048
3056
3061
3059
3044
3046
3061
3061
3071
3074
3070
3058
3058
3070
3074
3083
3086
3087
3074
3071
3084
3089
3099
3102
3106
3094
3086
3098
3104
3111
3117
3125
3111
3097
3104
3106
3106
3109
3113
3097
3085
3091
3095
3097
3101
3102
3089
3075
3079
3086
3087
3091
3093
3083
3068
3069
3077
3077
3081
3083
3076
3060
3062
3071
3068
3072
3073
3067
3053
3053
3061
3058
3063
3063
3059
3044
3041
3048
3048
3051
3051
3050
3037
3030
3035
3035
3039
3034
3039
3026
3017
3021
3024
3025
3024
3028
3014
3001
3006
3009
3009
3010
3012
3000
2986
2989
2989
2993
2994
2994
2985
2971
2972
2972
2975
2977
2976
2970
2956
2954
2960
2960
2959
2958
2954
2939
2937
2941
2942
2942
2941
2939
2925
2918
2924
2924
2927
2925
2927
2930
2933
2933
2935
2934
2937
2935
2939
2941
2944
2944
2946
2947
2946
2948
2949
2950
2954
2955
2957
2959
2965
2962
2964
2965
2964
2968
2970
2968
2950
2948
2954
2952
2955
2955
2951
2937
2933
2940
2939
2946
2942
2941
2926
2921
2927
2927
2934
2931
2930
2916
2910
2917
2917
2921
2920
2920
2906
2901
2910
2908
2912
2912
2916
2915
2920
2925
2926
2928
2931
2935
2935
2940
2942
2944
2950
2949
2953
2954
2956
2958
2962
2964
2962
2970
2974
2975
2978
2982
2984
2985
2989
2990
2975
2966
2972
2976
2979
2969
2952
2960
2964
2966
2969
2972
2965
2950
2953
2959
2960
2962
2967
2960
2946
2947
2953
2954
2959
2961
2952
2938
2941
2946
2948
2953
2957
2947
2933
2936
2942
2943
2947
2951
2944
2930
2932
2938
2940
2943
2945
2940
2925
2922
2933
2934
2938
2940
2933
2919
2920
2928
2928
2934
2935
2930
2915
2918
2928
2926
2930
2932
2923
2911
2914
2923
2922
2927
2929
2923
2909
2911
2919
2920
2924
2928
2924
2912
2910
2918
2919
2926
2924
2926
2911
2910
2919
2920
2927
2926
2928
2913
2911
2921
2922
2928
2932
2933
2917
2914
2923
2926
2933
2936
2936
2919
2919
2929
2931
2938
2942
2940
2925
2926
2935
2938
2947
2949
2948
2934
2932
2942
2947
2956
2958
2957
2943
2941
2953
2957
2964
2968
2967
2953
2952
2966
2967
2975
2978
2979
2962
2963
2976
2979
2987
2991
2992
2977
2975
2987
2991
3001
3004
3007
2993
2988
3001
3005
3014
3013
3022
3008
3002
3014
3020
3028
3028
3035
3022
3016
3028
3035
3044
3048
3057
3039
3029
3044
3050
3059
3063
3074
3056
3046
3059
3067
3075
3079
3090
3075
3062
3075
3086
3093
3099
3107
3096
3080
3082
3092
3094
3097
3100
3090
3075
3078
3087
3088
3092
3096
3087
3072
3078
3085
3085
3090
3093
3081
3068
3075
3082
3083
3087
3091
3080
3066
3071
3079
3080
3085
3089
3079
3067
3069
3077
3079
3083
3087
3078
3065
3069
3076
3078
3082
3084
3075
3061
3068
3074
3076
3081
3087
3076
3061
3067
3074
3071
3081
3086
3074
3059
3066
3073
3072
3079
3083
3088
3093
3098
3102
3107
3115
3116
3119
3122
3125
3131
3133
3137
3138
3142
3147
3148
3152
3157
3160
3164
3165
3168
3172
3178
3177
3163
3148
3155
3162
3163
3167
3168
3154
3139
3145
3151
3153
3156
3159
3145
3131
3138
3146
3144
3147
3149
3136
3121
3127
3136
3134
3136
3139
3125
3112
3118
3122
3125
3126
3129
3116
3105
3108
3112
3114
3113
3119
3106
3091
3097
3101
3102
3102
3107
3093
3079
3086
3090
3091
3093
3098
3081
3067
3074
3075
3079
3081
3083
3069
3055
3062
3063
3067
3067
3070
3056
3043
3048
3052
3056
3053
3056
3041
3026
3034
3037
3041
3038
3041
3027
3014
3020
3021
3023
3023
3025
3011
2999
3007
3006
3007
3007
3008
2993
2983
2990
2990
2990
2989
2990
2976
2966
2978
2986
2992
2998
3005
2995
2978
2991
2999
3003
3008
3016
3010
2993
3000
3010
3013
3018
3025
3019
3004
3008
3018
3020
3028
3033
3029
3014
3013
3021
3025
3033
3038
3035
3021
3016
3025
3028
3034
3035
3039
3024
3017
3026
3031
3035
3035
3042
3043
3045
3054
3059
3061
3066
3071
3074
3076
3082
3083
3089
3092
3094
3097
3100
3102
3106
3109
3113
3114
3117
3121
3122
3126
3128
3129
3132
3132
3116
3107
3112
3114
3117
3119
3117
3102
3091
3095
3099
3100
3103
3104
3089
3075
3080
3084
3084
3085
3087
3076
3061
3065
3072
3067
3069
3070
3061
3048
3048
3055
3050
3053
3053
3047
3034
3030
3035
3034
3036
3035
3034
3022
3013
3018
3017
3018
3018
3019
3007
2995
3000
3001
3004
3002
3005
2990
2978
2984
2986
2987
2989
2989
2979
2964
2967
2969
2971
2973
2975
2967
2952
2953
2955
2957
2960
2960
2956
2942
2940
2946
2945
2948
2947
2947
2930
2927
2933
2934
2937
2936
2939
2921
2915
2923
2924
2926
2927
2931
2919
2905
2912
2916
2917
2916
2922
2913
2899
2903
2908
2907
2910
2914
2908
2894
2896
2902
2901
2907
2910
2904
2891
2889
2894
2896
2901
2903
2900
2886
2880
2886
2889
2894
2894
2896
2882
2876
2883
2885
2889
2890
2892
2874
2870
2879
2881
2885
2886
2889
2873
2866
2875
2878
2882
2883
2888
2875
2868
2873
2877
2880
2880
2888
2876
2864
2870
2877
2880
2882
2888
2877
2864
2872
2877
2880
2884
2892
2880
2866
2872
2879
2881
2887
2892
2883
2869
2873
2881
2883
2889
2892
2889
2875
2876
2886
2890
2895
2897
2895
2882
2881
2892
2894
2902
2904
2905
2891
2884
2898
2902
2909
2911
2914
2900
2897
2906
2911
2918
2921
2921
2910
2906
2917
2922
2929
2932
2934
2923
2917
2927
2934
2942
2945
2955
2945
2929
2941
2949
2954
2960
2969
2958
2943
2956
2964
2969
2975
2984
2971
2957
2971
2980
2987
2995
3002
2990
2975
2987
2998
3005
3015
3020
3010
2995
3005
3018
3024
3032
3040
3034
3019
3027
3041
3044
3054
3061
3058
3039
3048
3063
3067
3077
3083
3080
3064
3070
3084
3089
3101
3107
3107
3092
3093
3108
3115
3126
3128
3132
3118
3118
3133
3139
3150
3153
3157
3142
3142
3158
3164
3176
3182
3186
3170
3167
3182
3187
3201
3207
3213
3198
3190
3206
3213
3226
3231
3237
3221
3208
3207
3203
3203
3193
3189
3174
3162
3163
3160
3157
3151
3147
3132
3120
3121
3119
3115
3112
3109
3094
3083
3086
3082
3079
3076
3073
3062
3048
3052
3048
3045
3042
3039
3029
3015
3015
3016
3013
3011
3009
3002
2985
2985
2986
2982
2982
2980
2973
2958
2957
2958
2954
2954
2954
2943
2930
2929
2932
2930
2932
2928
2919
2906
2904
2908
2905
2909
2904
2897
2883
2882
2885
2884
2884
2883
2875
2862
2863
2868
2863
2864
2863
2853
2842
2843
2849
2844
2845
2845
2838
2826
2824
2828
2826
2828
2827
2821
2810
2808
2810
2808
2807
2810
2804
2794
2790
2794
2793
2794
2795
2791
2779
2774
2779
2778
2780
2782
2776
2763
2760
2761
2763
2766
2767
2763
2752
2745
2749
2751
2753
2752
2754
2741
2732
2737
2742
2739
2739
2740
2725
2719
2724
2727
2727
2726
2728
2715
2705
2712
2714
2715
2715
2716
2704
2698
2701
2703
2704
2704
2706
2695
2685
2690
2692
2693
2693
2694
2695
2698
2701
2702
2703
2706
2709
2709
2710
2712
2713
2715
2717
2720
2718
2720
2722
2723
2722
2726
2728
2730
2730
2732
2733
2736
2735
2736
2727
2713
2716
2720
2720
2720
2722
2711
2698
2705
2717
2721
2728
2734
2729
2716
2723
2729
2732
2740
2742
2742
2729
2731
2739
2740
2748
2749
2751
2738
2734
2744
2746
2752
2753
2759
2743
2735
2744
2745
2753
2753
2762
2745
2734
2742
2744
2749
2750
2754
2742
2729
2736
2741
2742
2744
2746
2737
2721
2727
2732
2735
2734
2735
2729
2715
2716
2721
2719
2723
2721
2719
2707
2706
2707
2706
2707
2705
2706
2694
2689
2691
2690
2691
2689
2688
2679
2669
2673
2673
2673
2672
2673
2661
2651
2653
2654
2654
2654
2655
2645
2634
2634
2635
2632
2634
2632
2627
2615
2613
2615
2615
2614
2612
2608
2596
2589
2594
2592
2596
2589
2586
2575
2568
2571
2569
2570
2566
2565
2554
2547
2551
2547
2546
2544
2541
2533
2524
2526
2524
2522
2521
2520
2518
2518
2518
2517
2516
2514
2513
2515
2511
2509
2509
2506
2505
2503
2501
2501
2499
2498
2496
2493
2495
2494
2493
2492
2490
2489
2490
2485
2474
2467
2468
2467
2467
2464
2464
2452
2444
2445
2442
2444
2443
2442
2433
2423
2425
2428
2424
2423
2422
2415
2405
2405
2407
2405
2405
2404
2400
2387
2388
2389
2388
2389
2387
2386
2376
2367
2361
2357
2351
2341
2338
2331
2325
2316
2311
2304
2300
2294
2287
2277
2273
2269
2263
2259
2255
2247
2238
2234
2227
2223
2220
2216
2209
2200
2195
2192
2186
2184
2179
2174
2166
2160
2158
2156
2149
2145
2139
2129
2126
2125
2121
2117
2113
2109
2101
2093
2094
2090
2087
2083
2080
2073
2069
2065
2062
2060
2055
2054
2046
2039
2041
2036
2034
2030
2028
2020
2013
2013
2012
2009
2007
2007
1997
1989
1990
1988
1986
1985
1983
1979
1969
1968
1968
1965
1965
1962
1957
1949
1950
1948
1949
1947
1945
1940
1931
1928
1933
1932
1930
1930
1924
1916
1916
1914
1915
1915
1914
1909
1902
1902
1904
1902
1902
1902
1893
1889
1889
1892
1890
1891
1889
1886
1875
1878
1880
1879
1881
1880
1881
1871
1869
1872
1870
1869
1872
1869
1863
1861
1863
1864
1865
1862
1864
1856
1854
1858
1857
1861
1861
1858
1849
1849
1849
1853
1856
1856
1856
1849
1845
1849
1848
1852
1853
1855
1847
1842
1848
1849
1849
1851
1854
1843
1840
1845
1848
1849
1851
1854
1854
1854
1860
1862
1864
1867
1870
1873
1878
1878
1879
1881
1881
1886
1888
1890
1893
1894
1898
1891
1881
1881
1880
1876
1874
1871
1870
1867
1864
1861
1859
1853
1854
1851
1843
1840
1837
1835
1834
1828
1829
1821
1816
1816
1814
1811
1812
1809
1802
1795
1792
1795
1793
1792
1793
1784
1777
1778
1774
1775
1774
1773
1768
1761
1761
1762
1758
1758
1757
1751
1747
1744
1746
1747
1744
1743
1741
1732
1731
1733
1732
1732
1730
1731
1727
1719
1721
1721
1719
1720
1721
1714
1713
1711
1711
1713
1711
1713
1707
1700
1702
1704
1704
1709
1706
1701
1694
1694
1698
1699
1700
1704
1697
1691
1691
1693
1695
1697
1697
1696
1689
1689
1695
1692
1695
1695
1694
1689
1685
1690
1695
1695
1694
1696
1690
1685
1690
1692
1694
1695
1699
1695
1685
1690
1693
1694
1697
1700
1695
1690
1690
1696
1696
1700
1699
1699
1692
1694
1699
1701
1704
1706
1704
1697
1696
1700
1704
1708
1710
1710
1702
1702
1708
1707
1713
1714
1717
1709
1707
1713
1718
1719
1721
1725
1715
1712
1719
1722
1729
1728
1733
1725
1718
1725
1730
1734
1737
1741
1736
1731
1734
1739
1742
1745
1748
1747
1739
1744
1749
1751
1756
1759
1756
1750
1752
1758
1761
1767
1771
1772
1764
1762
1769
1770
1778
1782
1787
1779
1773
1781
1786
1788
1795
1800
1793
1786
1794
1801
1806
1809
1814
1810
1799
1807
1814
1818
1827
1828
1826
1818
1820
1829
1832
1839
1842
1843
1835
1838
1844
1847
1853
1856
1860
1852
1850
1860
1864
1869
1873
1877
1869
1864
1875
1880
1885
1889
1897
1888
1880
1889
1895
1897
1905
1911
1908
1899
1903
1911
1915
1918
1926
1924
1915
1921
1928
1932
1938
1942
1943
1934
1932
1944
1947
1955
1958
1961
1952
1951
1956
1964
1970
1974
1979
1970
1966
1975
1980
1986
1989
1993
1987
1980
1991
1997
2002
2006
2012
2003
1996
2005
2011
2017
2022
2030
2023
2013
2019
2028
2028
2038
2042
2043
2033
2034
2043
2046
2051
2057
2059
2050
2049
2058
2062
2069
2072
2076
2066
2060
2072
2077
2085
2087
2094
2085
2076
2084
2092
2097
2101
2107
2101
2092
2099
2106
2110
2116
2119
2118
2109
2115
2120
2124
2130
2133
2134
2124
2125
2133
2137
2144
2148
2149
2139
2135
2145
2146
2156
2159
2166
2155
2149
2157
2162
2167
2171
2178
2168
2159
2168
2176
2179
2183
2189
2182
2169
2178
2186
2191
2195
2198
2194
2184
2181
2182
2179
2179
2177
2172
2164
2160
2160
2157
2157
2151
2153
2143
2139
2138
2137
2135
2133
2133
2124
2117
2117
2116
2115
2114
2113
2105
2096
2096
2093
2095
2093
2094
2086
2077
2077
2077
2075
2075
2073
2069
2061
2057
2060
2056
2056
2054
2051
2043
2039
2040
2041
2039
2036
2034
2025
2019
2022
2020
2021
2019
2018
2012
2003
2005
2004
2003
2000
2002
1994
1990
1987
1988
1986
1984
1985
1979
1970
1971
1972
1970
1972
1970
1965
1956
1954
1956
1955
1955
1955
1951
1942
1939
1940
1939
1939
1937
1936
1928
1924
1929
1925
1925
1923
1921
1915
1909
1911
1913
1910
1908
1909
1901
1894
1895
1894
1895
1895
1894
1892
1881
1881
1882
1879
1878
1879
1877
1869
1867
1868
1865
1866
1862
1863
1855
1851
1853
1852
1853
1850
1850
1842
1836
1835
1838
1837
1836
1836
1828
1821
1823
1820
1822
1820
1821
1813
1807
1807
1810
1806
1805
1804
1797
1792
1792
1792
1793
1790
1787
1784
1776
1775
1777
1774
1773
1771
1769
1764
1759
1758
1757
1755
1755
1753
1746
1743
1742
1740
1739
1737
1735
1729
1724
1724
1722
1721
1720
1718
1711
1705
1699
1691
1688
1683
1678
1672
1666
1660
1655
1647
1645
1640
1634
1629
1623
1620
1614
1610
1604
1599
1591
1588
1584
1580
1575
1570
1566
1560
1553
1550
1546
1541
1537
1532
1529
1522
1517
1513
1508
1501
1499
1495
1490
1489
1481
1475
1471
1466
1463
1457
1453
1449
1444
1441
1435
1431
1426
1421
1414
1413
1409
1404
1403
1395
1390
1386
1381
1377
1373
1368
1364
1360
1357
1352
1347
1343
1338
1331
1329
1325
1321
1319
1313
1308
1305
1299
1295
1292
1288
1284
1279
1276
1275
1267
1264
1259
1254
1252
1247
1244
1239
1236
1231
1227
1224
1217
1216
1212
1209
1204
1201
1199
1193
1190
1186
1181
1178
1175
1171
1168
1168
1160
1156
1153
1148
1145
1142
1138
1134
1131
1129
1124
1120
1117
1113
1110
1107
1104
1101
1099
1093
1091
1086
1081
1080
1077
1073
1070
1067
1066
1059
1057
1054
1049
1046
1044
1041
1038
1037
1031
1027
1025
1021
1018
1016
1013
1009
1006
1004
1003
997
994
991
986
985
982
979
976
973
970
967
964
959
958
955
952
950
947
946
941
937
935
931
929
925
924
921
921
915
912
910
906
904
902
900
896
894
892
899
909
916
924
928
934
930
934
946
950
959
964
968
963
965
975
980
987
993
998
993
992
1001
1003
1013
1018
1023
1019
1017
1024
1029
1035
1036
1045
1041
1036
1043
1050
1057
1058
1062
1061
1055
1061
1066
1069
1075
1081
1078
1073
1076
1080
1083
1088
1090
1092
1087
1089
1092
1094
1099
1100
1100
1099
1096
1101
1105
1107
1108
1112
1108
1101
1108
1111
1113
1116
1119
1118
1110
1113
1116
1117
1120
1122
1120
1115
1117
1120
1120
1122
1122
1123
1118
1118
1121
1122
1126
1124
1124
1120
1117
1120
1121
1122
1123
1127
1118
1116
1118
1117
1121
1120
1121
1116
1113
1117
1115
1116
1116
1116
1111
1108
1110
1112
1115
1112
1111
1110
1103
1105
1106
1105
1106
1105
1104
1102
1098
1100
1099
1098
1099
1098
1093
1092
1093
1092
1093
1091
1089
1087
1085
1086
1086
1086
1088
1085
1080
1077
1077
1079
1079
1078
1079
1074
1071
1070
1071
1069
1071
1071
1068
1064
1065
1067
1064
1065
1065
1062
1056
1057
1060
1058
1061
1058
1058
1053
1051
1050
1053
1054
1053
1053
1049
1050
1048
1048
1048
1046
1049
1044
1041
1042
1042
1042
1042
1042
1035
1034
1034
1035
1035
1035
1039
1032
1027
1028
1028
1028
1029
1028
1027
1026
1021
1023
1023
1023
1022
1022
1017
1017
1018
1018
1019
1016
1018
1013
1009
1013
1014
1015
1015
1015
1011
1008
1009
1008
1011
1011
1013
1008
1004
1008
1008
1008
1009
1009
1004
1003
1004
1005
1007
1007
1008
1006
1001
999
1004
1004
1006
1006
1007
1005
1001
1002
1003
1003
1005
1006
1002
1000
1004
1003
1004
1004
1005
1002
999
1002
1003
1004
1006
1007
1003
999
1001
998
1004
1005
1006
1006
1001
1002
1004
1004
1004
1007
1007
1003
1003
1005
1009
1008
1009
1008
1003
1003
1007
1008
1010
1013
1011
1007
1005
1007
1009
1011
1012
1013
1010
1008
1010
1013
1014
1014
1013
1013
1009
1013
1017
1016
1018
1020
1016
1012
1015
1018
1019
1021
1024
1022
1018
1018
1023
1020
1025
1027
1027
1024
1023
1027
1028
1030
1028
1033
1028
1027
1031
1033
1038
1036
1038
1041
1043
1046
1047
1050
1053
1056
1057
1061
1061
1061
1066
1067
1069
1071
1073
1077
1078
1079
1081
1082
1084
1087
1088
1091
1089
1084
1089
1098
1103
1114
1119
1114
1116
1127
1135
1142
1147
1154
1148
1148
1159
1166
1174
1182
1186
1181
1179
1188
1196
1204
1209
1217
1214
1209
1218
1227
1232
1238
1243
1244
1238
1245
1256
1259
1265
1272
1271
1264
1272
1280
1285
1293
1298
1303
1294
1296
1305
1308
1318
1322
1325
1320
1320
1329
1334
1341
1342
1347
1341
1343
1352
1355
1365
1367
1371
1364
1363
1374
1376
1385
1388
1392
1385
1383
1392
1395
1403
1407
1411
1405
1403
1412
1417
1422
1425
1428
1419
1421
1428
1433
1441
1441
1444
1437
1436
1444
1449
1454
1456
1458
1452
1453
1458
1462
1467
1467
1471
1464
1465
1473
1474
1479
1481
1480
1474
1476
1482
1484
1489
1491
1494
1484
1486
1492
1492
1498
1500
1499
1493
1493
1499
1501
1504
1503
1505
1498
1499
1504
1505
1511
1510
1509
1503
1502
1503
1508
1511
1512
1512
1504
1504
1508
1507
1511
1512
1510
1505
1504
1508
1506
1508
1509
1506
1496
1500
1503
1503
1507
1504
1502
1495
1493
1496
1496
1496
1496
1493
1488
1486
1487
1486
1486
1483
1482
1476
1475
1478
1475
1474
1473
1468
1462
1458
1453
1448
1443
1439
1436
1428
1422
1419
1413
1410
1405
1401
1396
1391
1387
1384
1380
1373
1372
1367
1362
1359
1355
1353
1348
1345
1340
1334
1329
1329
1326
1324
1322
1316
1309
1308
1306
1301
1300
1297
1294
1289
1286
1286
1281
1279
1276
1272
1269
1266
1264
1262
1260
1257
1256
1250
1243
1246
1244
1242
1241
1239
1237
1230
1229
1228
1226
1223
1224
1219
1215
1215
1214
1211
1211
1207
1208
1202
1200
1200
1199
1201
1196
1195
1190
1187
1188
1187
1187
1186
1187
1179
1177
1178
1175
1176
1175
1174
1170
1167
1168
1167
1167
1165
1165
1158
1158
1158
1160
1159
1158
1158
1153
1149
1148
1151
1151
1150
1151
1146
1145
1144
1144
1145
1144
1143
1141
1137
1138
1142
1139
1139
1141
1135
1130
1134
1134
1134
1135
1136
1135
1127
1129
1131
1128
1132
1132
1132
1134
1134
1135
1136
1137
1134
1139
1139
1140
1143
1143
1146
1143
1144
1145
1145
1147
1148
1149
1151
1151
1152
1154
1153
1152
1155
1156
1156
1157
1157
1155
1150
1153
1152
1152
1154
1155
1155
1157
1159
1160
1160
1162
1160
1163
1163
1165
1166
1167
1167
1158
1155
1152
1148
1145
1143
1140
1137
1136
1131
1128
1126
1122
1121
1118
1116
1113
1113
1111
1108
1105
1103
1101
1096
1095
1092
1091
1090
1089
1086
1084
1079
1075
1077
1074
1075
1073
1071
1070
1064
1064
1062
1062
1061
1059
1055
1054
1055
1052
1052
1050
1047
1044
1044
1044
1043
1043
1045
1040
1036
1035
1035
1031
1034
1034
1032
1029
1027
1028
1026
1027
1023
1025
1021
1019
1020
1020
1024
1019
1017
1013
1011
1013
1012
1013
1012
1014
1007
1005
1006
1004
1003
1004
1003
999
997
999
999
998
996
996
989
989
990
990
990
988
988
984
981
979
981
981
979
980
976
975
974
973
972
970
971
967
964
964
964
963
962
961
955
955
955
954
953
952
953
948
945
944
943
939
941
940
936
936
933
932
930
929
927
926
922
921
920
918
917
915
913
909
906
907
905
904
903
900
897
895
892
889
890
888
886
883
881
883
877
876
874
870
868
867
865
863
863
859
857
854
852
850
848
847
843
841
841
836
835
832
829
825
825
823
820
820
816
813
811
809
804
804
802
799
796
794
795
789
787
784
780
779
777
775
773
773
768
765
762
759
758
756
753
752
749
749
745
742
740
737
734
733
731
729
728
725
722
720
718
714
714
711
709
709
705
705
702
699
697
695
693
690
689
688
684
681
681
677
676
671
672
670
668
666
665
662
660
658
655
651
653
650
648
647
648
642
640
638
636
634
633
631
629
627
627
624
622
620
618
613
614
612
611
609
610
605
603
602
600
598
597
594
592
592
590
588
586
583
583
578
579
578
576
574
574
571
569
567
565
564
562
561
559
558
558
554
552
551
548
545
546
543
542
542
540
538
536
535
531
532
530
528
527
526
526
522
521
518
517
516
514
514
512
512
509
507
506
504
500
501
500
498
498
496
494
492
491
489
485
487
485
483
484
484
480
478
477
474
474
473
471
470
468
470
466
464
463
461
459
459
457
456
456
457
452
451
450
447
447
446
444
443
442
442
440
439
437
435
432
433
432
431
429
431
426
425
424
422
421
422
419
418
417
419
414
413
412
410
410
409
407
406
406
403
403
401
400
396
398
396
396
395
394
392
391
390
389
386
387
384
385
382
385
381
380
379
376
376
376
375
373
372
373
370
369
368
366
363
365
363
363
362
364
359
359
357
355
355
355
354
352
351
353
349
347
347
345
344
344
343
342
341
343
339
338
338
336
335
334
333
332
332
333
329
328
327
326
322
325
324
322
322
325
321
320
318
317
316
316
315
313
313
315
311
310
310
307
307
306
306
305
305
303
302
301
300
298
299
298
297
296
296
298
294
293
291
289
290
289
289
288
287
286
285
284
284
282
281
281
280
279
279
281
277
276
276
274
272
273
273
272
270
273
269
268
268
266
264
266
265
264
263
263
262
261
260
259
259
258
257
257
256
257
254
254
252
250
251
251
250
249
249
251
247
246
245
244
244
244
243
244
246
246
246
247
248
245
250
250
251
252
254
253
254
255
256
254
257
258
258
259
261
260
260
261
260
258
262
263
264
264
265
264
266
266
267
266
268
268
268
269
271
270
270
269
269
267
270
270
271
272
273
273
273
274
274
272
277
276
277
278
279
279
279
280
280
278
282
282
283
283
285
283
284
285
285
282
286
288
288
289
293
290
291
291
291
293
292
293
293
292
296
293
294
294
293
296
296
297
297
299
300
299
300
301
299
303
305
305
306
308
308
307
308
309
307
310
311
312
313
316
314
315
316
317
317
319
320
320
321
324
324
325
325
326
322
324
325
326
327
330
329
330
331
332
330
334
335
336
337
340
340
341
342
343
342
346
347
348
349
352
351
351
353
354
356
357
358
360
361
364
362
364
367
366
366
371
371
374
375
378
377
379
376
376
374
379
379
381
383
385
385
388
389
390
388
393
394
397
398
403
398
396
395
393
390
390
388
386
385
386
382
380
379
377
375
374
373
372
371
372
368
366
365
363
362
362
360
360
358
359
355
353
353
351
348
349
348
348
346
348
344
344
342
340
340
338
338
338
336
338
334
333
332
331
329
330
328
327
327
328
325
324
323
321
322
322
321
320
319
321
317
317
316
314
311
314
313
312
311
313
310
309
308
308
306
306
307
305
305
306
303
303
302
301
298
300
300
300
299
301
297
297
296
295
295
295
295
294
293
294
292
291
290
290
286
289
288
289
287
289
287
286
284
284
281
284
284
283
283
284
281
281
280
280
276
279
279
278
278
280
277
276
275
274
273
273
273
273
272
273
270
270
269
268
265
268
267
266
266
267
265
265
265
263
260
262
262
261
260
261
260
258
258
258
254
257
257
255
255
256
254
254
254
252
250
251
251
251
250
251
250
249
248
247
245
247
247
246
246
247
245
243
244
243
240
242
241
243
244
248
246
249
248
246
246
250
251
252
254
255
252
254
256
257
256
260
261
259
261
264
264
266
267
268
264
268
270
271
273
276
276
274
276
277
277
281
283
284
283
284
286
288
290
291
291
291
292
294
296
299
300
301
300
300
302
305
308
307
311
308
312
311
314
316
315
319
317
318
321
323
324
326
327
326
323
329
331
332
335
337
340
335
337
340
340
344
346
345
343
347
348
351
352
354
351
351
355
356
359
361
367
362
360
363
364
366
370
371
371
370
371
375
376
378
378
380
379
379
383
385
390
389
390
388
388
391
394
395
398
399
397
397
400
401
403
405
407
405
405
408
413
413
414
415
412
412
417
418
420
422
427
422
421
425
425
429
430
431
429
429
434
434
436
438
439
434
437
440
442
444
446
446
444
444
447
445
450
452
453
451
452
454
456
457
457
455
457
457
459
461
466
464
465
462
462
463
467
468
470
470
470
471
470
470
471
471
468
469
470
471
472
477
474
473
471
471
474
474
476
477
477
477
476
477
478
479
479
480
478
479
482
484
484
486
484
482
484
486
487
489
491
493
488
490
492
492
495
496
496
494
497
500
500
502
504
500
501
503
506
507
510
515
511
509
511
513
516
519
521
520
520
520
523
525
527
527
528
526
530
533
536
538
541
538
536
537
543
546
548
552
552
547
551
554
555
558
562
559
558
562
566
568
570
573
570
567
573
576
578
581
587
581
580
583
586
590
592
596
592
591
597
598
600
603
606
602
603
607
610
613
615
617
614
612
615
620
623
626
628
625
624
628
632
634
634
639
635
635
639
643
644
646
647
644
642
648
651
653
655
658
654
654
658
659
661
664
666
663
663
669
668
672
673
673
668
671
675
677
679
682
684
678
679
683
683
687
688
688
686
688
690
691
694
695
692
692
694
697
698
701
705
702
698
697
697
694
696
697
695
692
694
693
692
692
692
691
688
688
690
690
691
690
688
685
686
685
688
689
690
689
689
686
689
688
689
691
690
687
688
691
694
693
694
693
690
692
695
696
698
701
697
694
697
699
698
704
706
705
701
705
710
710
713
714
710
709
713
717
719
725
724
721
719
723
725
730
733
736
733
731
736
740
743
744
745
746
743
748
753
757
759
763
759
755
763
767
771
775
779
777
773
779
783
787
787
795
791
790
796
801
806
808
812
807
807
814
819
824
827
834
828
826
833
838
842
847
852
848
849
854
858
864
868
868
867
867
875
880
886
890
892
888
889
895
901
907
911
914
913
911
919
923
928
933
937
933
934
942
947
954
957
959
955
954
966
970
976
982
982
977
981
988
991
1000
1005
1006
1001
1005
1016
1017
1024
1028
1028
1021
1028
1035
1041
1049
1052
1051
1047
1052
1058
1064
1070
1076
1075
1069
1079
1083
1087
1092
1097
1096
1091
1087
1085
1084
1077
1073
1069
1065
1060
1059
1056
1053
1051
1045
1046
1039
1037
1034
1029
1029
1026
1021
1019
1016
1014
1012
1009
1004
1001
999
997
995
993
992
986
983
982
980
975
976
974
971
968
966
965
962
960
956
956
952
950
950
948
950
944
941
938
936
936
935
934
932
931
925
925
925
923
919
921
917
914
914
915
917
911
911
908
904
905
904
903
903
906
900
896
896
895
895
895
894
891
889
889
893
889
889
888
883
882
883
883
884
885
884
880
879
878
878
880
879
879
876
874
879
876
877
877
876
874
871
874
874
880
876
877
872
870
873
874
876
877
877
874
872
874
875
877
876
879
876
873
876
881
880
880
881
878
876
879
881
883
884
886
885
880
883
885
887
888
890
886
886
891
890
893
895
896
891
891
895
896
900
901
906
899
897
901
902
907
908
910
906
908
909
912
914
914
917
913
913
917
919
923
923
925
920
920
921
926
929
931
933
929
929
937
942
946
952
957
952
952
960
968
972
976
980
975
971
982
987
994
999
1003
998
996
1005
1007
1016
1020
1024
1021
1019
1029
1031
1036
1041
1046
1038
1037
1046
1051
1059
1061
1066
1063
1058
1062
1072
1075
1080
1086
1081
1079
1084
1090
1094
1097
1102
1099
1095
1102
1109
1112
1116
1120
1117
1109
1119
1124
1130
1133
1138
1136
1128
1135
1140
1143
1149
1153
1150
1145
1151
1157
1160
1164
1167
1166
1161
1165
1172
1175
1180
1185
1181
1176
1180
1184
1189
1194
1198
1197
1190
1194
1201
1203
1205
1211
1210
1205
1208
1214
1218
1221
1225
1224
1218
1221
1227
1230
1235
1241
1238
1232
1234
1240
1243
1247
1250
1252
1246
1246
1255
1255
1260
1262
1261
1257
1258
1265
1268
1273
1274
1276
1270
1268
1276
1279
1284
1287
1288
1283
1282
1288
1291
1295
1295
1301
1295
1294
1301
1303
1308
1310
1312
1304
1304
1312
1315
1320
1322
1327
1320
1316
1323
1327
1329
1334
1340
1332
1330
1335
1339
1343
1346
1351
1345
1340
1347
1352
1355
1362
1364
1357
1353
1358
1364
1368
1372
1376
1373
1367
1372
1378
1379
1386
1390
1388
1382
1387
1401
1409
1418
1426
1436
1442
1454
1463
1472
1482
1489
1497
1507
1515
1521
1533
1542
1546
1556
1565
1575
1582
1592
1599
1607
1613
1625
1633
1643
1652
1659
1655
1646
1656
1669
1676
1685
1694
1692
1685
1692
1705
1711
1720
1726
1730
1721
1727
1744
1746
1756
1764
1764
1757
1762
1775
1782
1792
1799
1805
1794
1797
1811
1817
1824
1835
1840
1832
1832
1846
1853
1864
1867
1876
1868
1867
1881
1890
1901
1907
1916
1906
1902
1914
1926
1935
1943
1953
1944
1936
1950
1959
1969
1978
1987
1980
1972
1983
1998
2004
2013
2019
2016
2005
2017
2029
2039
2046
2055
2052
2040
2048
2063
2069
2080
2088
2086
2078
2085
2097
2102
2113
2118
2121
2110
2116
2129
2135
2145
2152
2152
2145
2147
2160
2166
2177
2183
2190
2177
2177
2191
2197
2206
2213
2220
2211
2207
2221
2228
2238
2243
2250
2239
2237
2249
2258
2268
2273
2280
2270
2263
2273
2286
2295
2302
2310
2298
2292
2302
2313
2319
2327
2336
2326
2316
2329
2342
2345
2354
2361
2351
2343
2353
2365
2369
2377
2384
2379
2365
2375
2387
2393
2400
2407
2403
2395
2398
2409
2414
2421
2426
2426
2415
2417
2423
2425
2431
2431
2433
2422
2419
2427
2429
2435
2437
2439
2426
2422
2430
2432
2439
2440
2446
2432
2425
2433
2436
2438
2443
2448
2437
2428
2435
2440
2446
2446
2451
2440
2428
2437
2442
2445
2448
2452
2444
2432
2435
2444
2446
2450
2453
2445
2434
2441
2444
2446
2450
2451
2447
2436
2441
2448
2446
2450
2452
2447
2436
2438
2444
2445
2449
2451
2449
2440
2438
2443
2444
2446
2449
2448
2438
2434
2441
2441
2445
2444
2446
2434
2431
2437
2438
2444
2446
2444
2433
2427
2433
2435
2440
2440
2443
2432
2423
2430
2429
2435
2435
2439
2428
2419
2424
2430
2429
2430
2433
2419
2412
2418
2422
2423
2424
2427
2417
2403
2411
2414
2416
2417
2420
2412
2402
2405
2408
2409
2410
2412
2405
2395
2397
2400
2401
2402
2401
2398
2387
2388
2392
2392
2394
2396
2391
2379
2379
2383
2378
2384
2384
2383
2370
2368
2372
2371
2372
2374
2371
2361
2357
2361
2361
2366
2361
2360
2350
2344
2349
2349
2351
2353
2349
2339
2333
2336
2337
2338
2337
2338
2326
2320
2324
2324
2324
2324
2325
2312
2306
2310
2312
2311
2311
2311
2301
2292
2295
2296
2296
2297
2297
2288
2281
2284
2289
2292
2294
2299
2294
2285
2288
2294
2296
2299
2299
2298
2287
2291
2297
2298
2302
2308
2300
2290
2292
2296
2299
2302
2305
2302
2291
2291
2297
2294
2302
2303
2302
2291
2289
2295
2297
2299
2300
2299
2289
2282
2290
2292
2299
2295
2296
2286
2280
2285
2287
2290
2290
2290
2281
2275
2279
2280
2282
2282
2283
2275
2267
2272
2273
2274
2274
2276
2266
2258
2261
2264
2264
2265
2266
2260
2248
2251
2253
2251
2251
2254
2247
2241
2239
2242
2241
2242
2242
2236
2226
2227
2228
2228
2230
2229
2223
2213
2212
2214
2215
2215
2218
2210
2200
2199
2202
2197
2202
2200
2197
2187
2184
2188
2189
2186
2184
2182
2171
2169
2171
2170
2171
2169
2168
2158
2150
2155
2154
2155
2152
2152
2144
2140
2139
2139
2138
2136
2135
2127
2120
2124
2122
2121
2120
2119
2111
2103
2106
2105
2105
2103
2105
2095
2086
2088
2088
2087
2087
2087
2084
2071
2072
2073
2070
2070
2070
2064
2055
2055
2056
2056
2058
2053
2050
2041
2037
2041
2039
2040
2041
2035
2027
2024
2025
2025
2025
2024
2021
2013
2010
2015
2009
2010
2009
2006
1999
1995
1998
1999
1997
1995
1995
1986
1980
1983
1982
1982
1980
1981
1974
1965
1967
1967
1967
1964
1968
1960
1953
1955
1955
1956
1954
1952
1948
1940
1942
1943
1942
1943
1947
1936
1929
1931
1930
1932
1933
1933
1931
1920
1921
1923
1921
1924
1925
1921
1912
1912
1915
1918
1916
1917
1913
1904
1905
1909
1908
1913
1911
1907
1900
1898
1903
1902
1905
1905
1903
1895
1895
1897
1897
1900
1900
1897
1893
1889
1893
1895
1897
1896
1898
1887
1885
1890
1893
1894
1894
1897
1890
1883
1887
1889
1890
1892
1895
1887
1883
1886
1888
1890
1891
1893
1887
1879
1884
1887
1889
1892
1894
1887
1879
1882
1883
1888
1890
1893
1887
1879
1881
1886
1884
1890
1891
1887
1879
1882
1886
1890
1889
1891
1888
1878
1881
1886
1883
1891
1889
1888
1879
1878
1884
1884
1887
1887
1887
1879
1879
1881
1882
1885
1885
1880
1875
1874
1879
1879
1882
1882
1883
1872
1871
1875
1876
1879
1879
1880
1873
1867
1871
1872
1874
1871
1877
1868
1864
1867
1869
1869
1869
1869
1865
1857
1861
1863
1864
1865
1868
1859
1851
1855
1855
1857
1858
1859
1857
1846
1848
1849
1850
1851
1852
1847
1839
1840
1843
1843
1843
1843
1840
1833
1822
1821
1815
1811
1805
1799
1792
1786
1778
1776
1771
1766
1761
1756
1751
1747
1741
1736
1731
1723
1721
1716
1711
1708
1701
1695
1690
1685
1680
1676
1671
1666
1661
1656
1654
1646
1641
1637
1630
1626
1620
1615
1612
1606
1601
1597
1592
1583
1580
1577
1571
1566
1562
1558
1552
1547
1543
1538
1530
1529
1524
1519
1515
1510
1505
1501
1495
1491
1487
1481
1477
1473
1469
1468
1460
1455
1450
1445
1441
1437
1433
1430
1424
1419
1415
1412
1405
1402
1398
1394
1389
1386
1383
1378
1374
1370
1365
1358
1356
1352
1349
1347
1341
1337
1333
1328
1324
1321
1318
1313
1309
1305
1304
1298
1293
1290
1286
1280
1277
1274
1270
1270
1263
1260
1256
1251
1248
1244
1241
1237
1233
1231
1226
1222
1218
1214
1209
1209
1204
1200
1197
1192
1189
1185
1181
1175
1174
1170
1167
1164
1160
1159
1154
1149
1145
1141
1137
1135
1131
1128
1127
1120
1116
1113
1109
1106
1102
1099
1096
1092
1089
1086
1081
1078
1074
1069
1067
1065
1061
1058
1055
1050
1047
1044
1039
1038
1034
1031
1028
1024
1023
1018
1014
1011
1007
1004
1002
1001
1006
1010
1010
1012
1014
1010
1007
1012
1013
1015
1015
1018
1017
1009
1013
1015
1014
1016
1017
1015
1010
1013
1013
1013
1013
1013
1010
1007
1008
1009
1009
1010
1008
1004
1000
1001
1000
1000
1000
999
998
991
992
991
990
989
988
984
981
980
980
978
976
975
971
966
968
966
964
962
964
957
954
952
950
949
946
945
942
939
938
937
933
931
928
924
922
921
918
917
916
911
909
906
902
901
898
896
893
891
889
885
882
880
877
873
871
870
867
865
865
859
856
854
851
849
846
844
841
839
837
832
830
828
825
820
821
818
816
814
810
808
805
803
798
798
796
793
791
789
786
783
780
778
774
774
772
769
767
767
761
759
757
754
752
750
748
745
743
743
738
736
733
732
729
727
725
723
722
717
716
714
712
707
707
705
703
701
700
697
695
692
690
684
686
684
682
680
678
675
672
671
666
667
665
664
661
660
660
655
654
651
648
647
645
643
641
642
638
636
633
632
627
628
625
625
625
625
622
621
620
617
613
615
613
612
611
612
607
606
604
602
601
600
599
597
596
596
592
591
590
587
584
584
583
581
580
579
576
574
573
569
569
568
566
565
564
565
560
559
557
554
554
552
552
549
549
546
544
543
540
536
538
536
535
533
533
530
528
527
525
520
522
521
520
518
520
515
513
512
509
510
507
505
505
504
506
500
499
497
494
496
495
493
492
494
489
488
487
485
484
484
483
481
480
481
479
478
477
475
472
474
473
472
473
471
470
468
467
465
467
467
466
466
465
466
464
463
463
460
464
461
460
461
464
460
460
461
457
458
458
459
459
460
463
458
457
458
456
459
459
460
459
457
459
458
459
460
458
459
458
458
459
461
461
461
461
458
458
460
461
462
463
464
461
461
463
462
461
464
463
461
462
464
464
465
465
464
458
463
464
464
464
468
465
463
463
464
463
465
466
465
463
465
463
462
462
461
459
459
459
460
459
459
457
457
456
453
455
454
455
454
454
456
451
451
450
450
450
450
449
448
449
448
448
448
448
445
445
445
445
446
445
449
445
443
444
443
444
444
445
444
443
443
444
445
444
443
445
443
444
445
447
447
448
447
445
443
449
449
450
452
455
450
450
453
453
455
457
457
455
457
462
460
463
464
464
463
464
467
468
472
472
473
472
472
473
477
480
482
484
482
485
485
487
490
490
494
490
491
495
499
500
502
505
502
501
505
509
511
513
517
513
512
515
518
518
523
526
525
522
529
529
531
534
536
535
532
536
540
542
547
547
546
544
546
550
552
554
557
558
554
556
559
561
563
566
566
563
565
571
569
572
575
573
572
573
576
577
581
582
581
580
578
580
583
586
587
588
587
586
588
588
591
589
593
595
597
598
602
600
601
602
603
603
606
606
606
607
606
608
621
630
640
645
658
668
679
688
699
707
717
725
733
742
753
762
770
772
769
776
787
794
804
809
813
810
817
829
836
845
854
855
849
860
869
876
887
893
898
891
899
911
917
923
935
936
931
940
951
958
967
975
982
994
1003
1011
1020
1030
1042
1047
1056
1064
1072
1077
1089
1097
1105
1114
1122
1131
1139
1147
1152
1163
1172
1181
1189
1196
1206
1213
1219
1227
1226
1216
1227
1236
1243
1254
1258
1259
1253
1257
1268
1274
1283
1289
1292
1285
1291
1299
1305
1313
1318
1322
1317
1318
1329
1336
1343
1348
1354
1346
1347
1357
1364
1371
1376
1383
1379
1374
1385
1392
1397
1404
1412
1405
1401
1410
1418
1423
1431
1435
1433
1426
1436
1444
1449
1457
1463
1458
1452
1459
1466
1474
1480
1486
1486
1476
1483
1492
1495
1500
1508
1509
1501
1504
1514
1520
1526
1530
1531
1524
1523
1535
1540
1547
1554
1554
1546
1547
1556
1558
1568
1572
1576
1568
1567
1578
1582
1589
1592
1598
1587
1587
1597
1603
1612
1612
1619
1612
1605
1615
1622
1628
1632
1639
1632
1627
1618
1611
1603
1597
1590
1583
1577
1571
1564
1558
1551
1544
1537
1533
1526
1521
1515
1508
1504
1497
1491
1485
1479
1471
1468
1462
1457
1453
1445
1440
1434
1428
1420
1417
1413
1407
1402
1398
1394
1387
1383
1377
1371
1363
1363
1358
1353
1350
1343
1339
1334
1328
1325
1321
1317
1312
1308
1304
1302
1296
1292
1287
1282
1279
1276
1272
1269
1264
1261
1257
1253
1248
1246
1243
1240
1236
1231
1228
1225
1221
1220
1215
1210
1207
1204
1202
1200
1196
1193
1191
1186
1179
1181
1178
1176
1173
1171
1169
1163
1161
1159
1158
1154
1153
1149
1145
1147
1142
1140
1138
1136
1133
1129
1128
1127
1125
1124
1122
1120
1115
1113
1110
1111
1111
1109
1108
1103
1101
1101
1100
1098
1097
1096
1092
1090
1090
1090
1089
1087
1087
1082
1076
1079
1079
1079
1080
1078
1074
1070
1072
1068
1071
1071
1071
1066
1064
1068
1064
1065
1064
1063
1061
1057
1057
1060
1060
1059
1059
1057
1052
1051
1054
1054
1055
1054
1053
1051
1048
1050
1049
1049
1050
1050
1046
1045
1050
1046
1048
1048
1046
1042
1042
1045
1043
1046
1046
1048
1041
1039
1041
1041
1043
1044
1044
1040
1042
1045
1048
1052
1054
1059
1055
1052
1057
1061
1065
1069
1071
1069
1065
1068
1074
1077
1080
1084
1082
1077
1080
1084
1086
1091
1094
1093
1089
1091
1097
1100
1102
1105
1105
1097
1101
1107
1109
1115
1114
1116
1111
1111
1113
1118
1120
1124
1126
1120
1123
1125
1128
1131
1133
1133
1131
1128
1134
1138
1139
1141
1145
1140
1137
1142
1145
1148
1150
1154
1149
1144
1150
1153
1154
1158
1161
1157
1152
1160
1161
1163
1165
1167
1165
1159
1164
1168
1171
1173
1179
1174
1169
1172
1173
1177
1180
1182
1183
1177
1178
1183
1183
1184
1189
1190
1185
1186
1189
1193
1194
1195
1197
1190
1187
1194
1196
1200
1203
1204
1199
1195
1199
1199
1204
1206
1209
1204
1199
1206
1207
1207
1210
1212
1205
1203
1206
1210
1213
1213
1215
1212
1207
1205
1212
1213
1215
1216
1214
1211
1210
1212
1213
1214
1212
1215
1209
1209
1215
1212
1214
1214
1215
1206
1207
1210
1211
1212
1214
1216
1207
1205
1208
1207
1209
1209
1211
1206
1202
1205
1205
1206
1204
1208
1203
1200
1202
1203
1206
1205
1206
1202
1197
1196
1201
1202
1203
1205
1202
1196
1198
1201
1198
1203
1204
1202
1197
1198
1202
1201
1203
1204
1203
1196
1198
1199
1201
1207
1206
1206
1201
1198
1203
1205
1208
1209
1211
1207
1206
1207
1210
1212
1212
1218
1218
1221
1226
1229
1230
1233
1236
1237
1242
1244
1247
1250
1252
1258
1258
1261
1263
1265
1267
1272
1276
1279
1284
1285
1288
1290
1292
1295
1298
1292
1289
1294
1297
1303
1301
1305
1299
1294
1300
1303
1306
1309
1314
1307
1301
1307
1310
1312
1315
1319
1315
1309
1314
1318
1319
1322
1325
1320
1318
1319
1323
1326
1327
1329
1328
1322
1323
1328
1328
1332
1333
1335
1329
1327
1331
1332
1333
1336
1338
1332
1332
1333
1335
1338
1338
1339
1334
1331
1335
1337
1338
1342
1341
1335
1331
1335
1334
1338
1339
1342
1339
1332
1335
1337
1337
1340
1340
1337
1331
1334
1337
1341
1338
1342
1336
1330
1334
1336
1338
1340
1342
1339
1333
1334
1337
1339
1341
1343
1341
1336
1337
1341
1341
1344
1346
1342
1338
1339
1343
1346
1347
1349
1347
1341
1339
1347
1347
1351
1353
1354
1350
1347
1352
1354
1357
1359
1360
1355
1354
1359
1361
1364
1366
1367
1363
1359
1365
1369
1371
1375
1378
1372
1366
1376
1382
1390
1397
1404
1405
1396
1403
1411
1416
1424
1430
1430
1424
1429
1437
1445
1450
1454
1457
1448
1453
1462
1467
1477
1479
1483
1477
1476
1485
1492
1500
1504
1511
1504
1503
1512
1518
1525
1529
1534
1531
1526
1537
1546
1550
1556
1563
1558
1550
1560
1570
1575
1581
1589
1586
1578
1586
1596
1600
1605
1615
1614
1606
1615
1622
1627
1635
1641
1642
1634
1638
1649
1655
1663
1671
1673
1665
1665
1675
1680
1691
1696
1704
1695
1692
1704
1711
1717
1725
1730
1722
1722
1734
1741
1751
1755
1764
1754
1749
1764
1773
1781
1791
1797
1789
1782
1794
1805
1814
1822
1830
1824
1814
1829
1839
1847
1855
1864
1853
1848
1862
1874
1885
1890
1900
1893
1883
1898
1909
1918
1927
1934
1932
1924
1934
1947
1954
1963
1970
1970
1961
1972
1984
1991
2002
2011
2006
1998
2009
2021
2030
2040
2049
2048
2038
2048
2062
2069
2077
2090
2089
2079
2087
2103
2109
2122
2128
2134
2124
2128
2144
2152
2166
2175
2180
2169
2170
2187
2195
2212
2219
2230
2217
2215
2232
2242
2256
2265
2278
2286
2299
2312
2324
2335
2347
2360
2350
2337
2339
2336
2335
2331
2328
2327
2325
2321
2321
2320
2318
2315
2314
2312
2311
2307
2307
2305
2302
2301
2300
2298
2299
2295
2294
2292
2289
2288
2282
2272
2270
2269
2266
2267
2267
2258
2249
2245
2245
2244
2244
2243
2238
2228
2225
2227
2222
2224
2222
2220
2210
2206
2208
2208
2207
2205
2204
2194
2188
2193
2192
2195
2191
2193
2182
2174
2177
2179
2179
2180
2181
2173
2165
2167
2169
2169
2170
2169
2163
2155
2161
2162
2163
2164
2167
2155
2149
2154
2157
2159
2161
2164
2160
2147
2151
2155
2158
2160
2163
2157
2150
2153
2157
2159
2161
2166
2161
2152
2155
2162
2164
2170
2172
2170
2159
2161
2165
2171
2177
2181
2178
2169
2170
2178
2178
2187
2191
2188
2178
2181
2190
2194
2199
2203
2202
2191
2194
2203
2207
2214
2216
2215
2205
2206
2217
2220
2227
2231
2229
2219
2224
2231
2235
2242
2246
2241
2233
2238
2248
2250
2256
2261
2256
2247
2252
2260
2264
2270
2275
2274
2265
2266
2275
2276
2283
2288
2287
2278
2278
2287
2290
2298
2300
2307
2312
2317
2323
2329
2334
2343
2345
2350
2355
2360
2364
2369
2374
2378
2380
2386
2376
2363
2380
2392
2401
2412
2421
2432
2444
2450
2460
2470
2479
2487
2498
2507
2515
2515
2503
2508
2520
2528
2540
2546
2548
2535
2539
2555
2561
2573
2580
2580
2564
2571
2588
2597
2606
2613
2613
2600
2605
2621
2628
2641
2648
2652
2639
2641
2657
2666
2678
2681
2687
2674
2681
2695
2703
2716
2723
2724
2712
2717
2734
2743
2755
2765
2766
2749
2758
2775
2781
2797
2807
2805
2789
2800
2817
2826
2838
2849
2845
2831
2843
2860
2869
2883
2893
2889
2874
2885
2900
2913
2928
2938
2941
2926
2930
2948
2958
2973
2982
2986
2971
2976
2994
3005
3019
3028
3031
3015
3019
3040
3052
3064
3072
3079
3062
3064
3084
3094
3110
3118
3125
3108
3111
3129
3139
3154
3162
3169
3153
3156
3173
3184
3199
3206
3213
3196
3197
3218
3227
3242
3251
3256
3238
3240
3261
3270
3283
3295
3300
3282
3284
3305
3314
3327
3339
3341
3323
3328
3349
3358
3374
3382
3381
3363
3370
3387
3398
3413
3421
3417
3400
3408
3426
3437
3451
3461
3457
3440
3448
3468
3478
3489
3500
3495
3475
3485
3504
3512
3525
3534
3530
3509
3519
3538
3545
3557
3566
3560
3542
3554
3568
3575
3589
3594
3591
3574
3573
3582
3583
3590
3592
3590
3571
3568
3579
3581
3589
3590
3598
3576
3567
3577
3581
3590
3592
3599
3580
3567
3578
3585
3592
3596
3603
3589
3571
3580
3591
3596
3600
3606
3599
3576
3584
3597
3597
3607
3610
3608
3590
3588
3600
3603
3612
3614
3618
3600
3591
3603
3609
3616
3615
3628
3611
3595
3607
3615
3620
3626
3634
3620
3601
3610
3621
3625
3633
3638
3629
3611
3615
3621
3629
3641
3642
3638
3620
3617
3632
3634
3643
3645
3648
3629
3623
3638
3639
3648
3650
3654
3634
3627
3642
3646
3652
3656
3663
3647
3630
3642
3651
3656
3662
3670
3658
3638
3646
3656
3659
3665
3672
3668
3647
3648
3661
3660
3673
3675
3676
3656
3651
3664
3666
3678
3678
3685
3665
3653
3666
3673
3680
3682
3690
3670
3653
3668
3675
3681
3686
3692
3679
3660
3671
3678
3682
3690
3693
3684
3666
3670
3681
3684
3692
3693
3689
3670
3672
3684
3685
3693
3698
3707
3711
3716
3720
3724
3733
3739
3742
3747
3751
3756
3761
3766
3766
3770
3777
3782
3786
3790
3797
3800
3803
