2453
2460
2469
2479
2486
2492
2500
2508
2512
2524
2533
2542
2548
2552
2560
2569
2574
2584
2591
2598
2608
2615
2622
2628
2638
2643
2651
2646
2633
2637
2649
2655
2664
2671
2667
2653
2657
2668
2674
2684
2688
2685
2673
2676
2689
2694
2706
2707
2708
2695
2688
2686
2681
2669
2674
2673
2672
2671
2671
2662
2650
2652
2655
2654
2656
2657
2650
2636
2637
2641
2641
2640
2642
2636
2624
2623
2627
2626
2629
2628
2624
2613
2611
2616
2615
2618
2618
2616
2604
2601
2604
2604
2607
2607
2606
2594
2590
2595
2596
2598
2598
2599
2586
2581
2587
2588
2591
2590
2593
2580
2574
2579
2581
2582
2583
2586
2574
2570
2572
2575
2577
2578
2578
2570
2561
2567
2570
2573
2574
2579
2570
2557
2564
2567
2569
2572
2577
2567
2557
2562
2567
2570
2572
2576
2567
2555
2562
2568
2570
2574
2579
2572
2558
2564
2571
2572
2577
2581
2576
2567
2568
2576
2578
2582
2585
2583
2571
2574
2581
2584
2590
2594
2594
2579
2580
2589
2590
2596
2601
2601
2592
2588
2597
2600
2606
2607
2611
2599
2597
2606
2609
2617
2619
2623
2609
2605
2615
2619
2624
2629
2633
2622
2616
2626
2631
2636
2638
2647
2634
2626
2636
2643
2649
2652
2662
2648
2638
2649
2656
2660
2666
2674
2665
2652
2663
2671
2676
2683
2689
2679
2667
2678
2686
2691
2698
2706
2700
2683
2694
2704
2708
2714
2722
2716
2706
2711
2721
2726
2734
2737
2735
2721
2727
2738
2743
2751
2757
2756
2740
2744
2757
2743
2730
2742
2755
2762
2770
2778
2772
2758
2768
2781
2785
2796
2804
2797
2784
2794
2807
2811
2820
2827
2821
2807
2817
2831
2837
2845
2851
2847
2833
2839
2853
2858
2868
2874
2874
2860
2862
2879
2881
2891
2897
2898
2881
2885
2898
2907
2914
2919
2920
2906
2905
2919
2924
2934
2939
2942
2927
2925
2942
2945
2955
2958
2966
2949
2944
2958
2968
2973
2978
2987
2972
2959
2976
2985
2992
2996
3007
2991
2980
2996
3002
3009
3015
3022
3006
2997
3011
3020
3028
3032
3041
3026
3014
3027
3037
3043
3049
3057
3045
3032
3043
3053
3059
3066
3070
3065
3050
3061
3069
3073
3081
3087
3081
3066
3072
3084
3088
3096
3102
3095
3082
3086
3097
3102
3109
3112
3107
3092
3101
3111
3115
3122
3126
3121
3106
3112
3123
3127
3136
3141
3137
3122
3124
3136
3139
3145
3151
3153
3140
3134
3146
3150
3158
3159
3164
3148
3145
3157
3161
3169
3172
3177
3160
3154
3165
3171
3176
3181
3190
3196
3200
3208
3212
3217
3224
3231
3236
3241
3246
3251
3258
3263
3270
3268
3275
3280
3285
3286
3295
3302
3307
3311
3314
3319
3323
3329
3333
3322
3305
3312
3320
3322
3328
3333
3323
3306
3307
3315
3319
3324
3332
3331
3328
3311
3309
3314
3318
3323
3324
3321
3305
3303
3312
3315
3321
3321
3322
3306
3299
3310
3312
3321
3320
3323
3305
3297
3306
3313
3319
3320
3325
3308
3299
3310
3316
3320
3323
3328
3311
3298
3311
3318
3324
3327
3335
3318
3304
3316
3323
3328
3332
3339
3326
3309
3320
3332
3332
3338
3344
3331
3315
3326
3337
3339
3343
3350
3338
3319
3332
3341
3343
3351
3358
3345
3329
3343
3348
3353
3360
3366
3355
3339
3350
3359
3363
3369
3376
3364
3350
3358
3369
3373
3381
3386
3377
3360
3371
3379
3383
3391
3397
3386
3371
3383
3390
3394
3404
3409
3400
3384
3392
3403
3407
3416
3422
3415
3400
3405
3416
3421
3429
3436
3429
3416
3417
3430
3434
3443
3450
3443
3426
3432
3445
3450
3458
3465
3462
3441
3447
3460
3464
3470
3480
3474
3455
3462
3474
3479
3486
3495
3487
3469
3477
3490
3494
3503
3511
3503
3483
3492
3506
3508
3519
3527
3517
3499
3507
3520
3524
3535
3542
3534
3516
3523
3537
3541
3550
3561
3549
3531
3538
3551
3556
3566
3576
3564
3547
3554
3567
3572
3582
3588
3582
3563
3569
3583
3588
3602
3604
3597
3580
3574
3578
3582
3577
3579
3576
3572
3553
3545
3550
3548
3550
3545
3543
3526
3516
3523
3521
3523
3520
3518
3497
3492
3498
3497
3499
3497
3495
3476
3470
3476
3475
3478
3476
3474
3457
3450
3459
3456
3459
3458
3455
3435
3432
3440
3439
3443
3441
3442
3424
3416
3423
3425
3428
3427
3430
3413
3403
3414
3412
3416
3415
3416
3400
3390
3401
3401
3405
3405
3406
3390
3380
3389
3392
3396
3396
3399
3382
3375
3381
3385
3389
3389
3390
3377
3368
3375
3380
3385
3385
3387
3373
3361
3371
3375
3380
3382
3386
3369
3359
3368
3373
3378
3378
3384
3368
3361
3367
3372
3377
3379
3387
3370
3357
3368
3376
3378
3382
3389
3375
3358
3369
3376
3380
3386
3393
3379
3361
3372
3380
3385
3387
3397
3383
3365
3377
3386
3390
3395
3404
3387
3371
3383
3389
3396
3401
3410
3391
3378
3389
3395
3402
3407
3415
3399
3384
3396
3405
3410
3419
3422
3408
3391
3402
3412
3418
3424
3430
3414
3400
3411
3420
3426
3432
3439
3424
3408
3421
3431
3437
3441
3450
3433
3416
3431
3441
3446
3450
3459
3441
3428
3442
3450
3458
3462
3469
3450
3442
3455
3467
3471
3475
3481
3462
3451
3463
3474
3474
3478
3484
3470
3453
3462
3470
3473
3478
3483
3471
3454
3463
3470
3471
3477
3481
3469
3454
3463
3469
3471
3476
3480
3468
3452
3459
3467
3470
3475
3480
3467
3453
3458
3467
3469
3473
3475
3467
3451
3456
3464
3467
3473
3474
3467
3450
3454
3462
3464
3470
3473
3468
3449
3450
3460
3460
3465
3469
3464
3446
3447
3455
3456
3461
3465
3458
3441
3442
3451
3452
3458
3460
3458
3438
3437
3446
3445
3448
3453
3452
3432
3430
3438
3439
3442
3446
3443
3426
3423
3430
3431
3436
3438
3434
3417
3413
3422
3419
3427
3429
3426
3410
3404
3412
3411
3416
3417
3416
3399
3392
3400
3401
3405
3408
3405
3388
3379
3386
3388
3394
3395
3393
3375
3367
3374
3376
3379
3378
3378
3362
3353
3360
3361
3367
3363
3366
3350
3337
3341
3347
3352
3349
3352
3335
3322
3325
3332
3332
3333
3336
3320
3305
3312
3316
3315
3316
3318
3302
3285
3294
3298
3297
3298
3301
3287
3269
3276
3279
3279
3280
3282
3271
3255
3258
3264
3259
3261
3261
3251
3236
3237
3245
3240
3242
3241
3234
3218
3217
3222
3219
3222
3220
3215
3201
3201
3211
3222
3226
3232
3239
3231
3218
3222
3232
3235
3242
3244
3239
3223
3229
3238
3240
3247
3251
3247
3231
3231
3241
3241
3247
3252
3248
3234
3232
3241
3242
3248
3248
3248
3232
3228
3236
3238
3243
3244
3248
3229
3222
3229
3231
3232
3235
3239
3222
3213
3219
3222
3222
3225
3229
3212
3201
3207
3210
3212
3215
3216
3200
3187
3191
3194
3197
3199
3199
3183
3171
3177
3176
3180
3179
3182
3179
3181
3184
3185
3187
3187
3189
3190
3190
3188
3191
3193
3194
3192
3189
3190
3191
3192
3192
3190
3191
3192
3191
3190
3190
3193
3188
3188
3176
3160
3161
3163
3163
3159
3158
3147
3134
3131
3133
3132
3130
3129
3119
3105
3103
3106
3100
3099
3097
3087
3074
3072
3076
3069
3069
3065
3057
3041
3041
3041
3037
3036
3032
3025
3012
3010
3008
3004
3003
2999
2990
2980
2976
2976
2972
2970
2966
2957
2947
2941
2942
2938
2936
2932
2926
2916
2907
2907
2903
2899
2894
2892
2880
2872
2872
2868
2866
2859
2857
2844
2837
2837
2833
2831
2826
2823
2809
2802
2802
2799
2794
2791
2788
2778
2767
2767
2763
2759
2753
2752
2741
2732
2732
2729
2726
2723
2720
2715
2709
2698
2694
2701
2703
2705
2706
2710
2712
2713
2712
2718
2719
2721
2723
2725
2726
2729
2732
2730
2732
2734
2736
2738
2739
2743
2744
2746
2747
2749
2749
2752
2742
2729
2733
2736
2736
2738
2742
2730
2717
2721
2725
2722
2727
2730
2722
2705
2711
2715
2715
2715
2720
2708
2697
2701
2705
2707
2710
2711
2710
2714
2717
2714
2720
2724
2729
2728
2730
2733
2734
2737
2739
2742
2741
2744
2745
2748
2751
2756
2754
2756
2759
2759
2762
2763
2767
2768
2770
2761
2747
2749
2755
2755
2757
2758
2752
2738
2739
2747
2744
2746
2748
2740
2727
2729
2735
2735
2737
2739
2730
2716
2720
2725
2725
2729
2730
2723
2711
2716
2718
2718
2720
2723
2714
2704
2705
2714
2711
2715
2716
2709
2697
2698
2705
2705
2708
2710
2703
2692
2693
2698
2699
2703
2702
2698
2686
2690
2694
2695
2698
2700
2692
2681
2685
2691
2690
2695
2698
2692
2681
2681
2689
2688
2692
2695
2691
2679
2679
2686
2687
2692
2692
2698
2701
2706
2709
2714
2717
2720
2727
2729
2732
2735
2738
2739
2744
2747
2753
2754
2757
2760
2764
2768
2771
2774
2779
2782
2785
2787
2793
2795
2784
2771
2764
2757
2750
2741
2730
2720
2715
2707
2702
2691
2685
2673
2667
2662
2655
2652
2645
2639
2625
2620
2616
2609
2605
2601
2594
2585
2577
2575
2570
2566
2558
2554
2544
2539
2538
2530
2528
2525
2518
2507
2503
2501
2494
2494
2490
2486
2474
2470
2468
2464
2460
2458
2453
2442
2438
2438
2433
2432
2432
2423
2413
2410
2408
2405
2405
2401
2400
2386
2382
2382
2378
2377
2375
2372
2362
2357
2358
2356
2356
2352
2347
2339
2334
2331
2332
2333
2332
2327
2317
2312
2313
2309
2312
2309
2307
2297
2292
2294
2293
2292
2289
2288
2279
2271
2275
2275
2275
2273
2273
2262
2256
2257
2257
2258
2256
2255
2246
2240
2243
2246
2243
2241
2240
2230
2225
2227
2228
2231
2228
2229
2219
2211
2212
2215
2216
2215
2217
2208
2199
2206
2204
2205
2204
2206
2194
2189
2193
2195
2194
2194
2197
2187
2177
2183
2185
2186
2187
2188
2180
2172
2176
2178
2179
2179
2180
2173
2164
2169
2175
2173
2174
2176
2167
2159
2164
2167
2168
2170
2173
2165
2158
2160
2164
2165
2166
2166
2162
2153
2158
2161
2162
2165
2167
2159
2151
2156
2160
2162
2164
2167
2159
2153
2151
2152
2150
2149
2149
2143
2134
2137
2138
2137
2137
2138
2129
2121
2125
2127
2125
2127
2128
2121
2112
2114
2117
2117
2116
2118
2111
2103
2109
2108
2109
2110
2111
2103
2095
2099
2102
2103
2103
2106
2100
2089
2093
2096
2096
2098
2100
2092
2086
2087
2091
2091
2092
2095
2089
2080
2083
2086
2086
2089
2093
2085
2076
2078
2081
2079
2085
2086
2083
2072
2074
2078
2078
2077
2082
2076
2068
2070
2074
2074
2079
2078
2075
2066
2066
2067
2070
2073
2075
2072
2062
2062
2067
2065
2071
2071
2068
2059
2059
2064
2064
2068
2067
2066
2057
2054
2060
2060
2065
2067
2065
2056
2054
2057
2055
2061
2060
2061
2052
2049
2054
2059
2058
2059
2060
2049
2044
2051
2052
2056
2055
2057
2048
2043
2046
2051
2053
2053
2056
2047
2041
2047
2048
2051
2052
2055
2046
2039
2044
2048
2051
2052
2054
2047
2037
2043
2047
2048
2051
2054
2048
2039
2046
2047
2049
2051
2053
2048
2040
2041
2047
2048
2051
2053
2051
2041
2041
2047
2048
2052
2052
2054
2046
2042
2047
2049
2053
2051
2055
2046
2042
2050
2050
2053
2054
2056
2047
2041
2047
2050
2053
2054
2059
2054
2041
2045
2048
2048
2049
2052
2045
2037
2041
2042
2043
2044
2043
2039
2030
2034
2036
2036
2038
2041
2031
2022
2026
2028
2025
2029
2031
2021
2014
2018
2019
2019
2019
2021
2012
2005
2009
2009
2009
2009
2013
2001
1995
1999
1997
1999
1998
1998
1990
1984
1987
1987
1988
1983
1985
1977
1973
1976
1975
1976
1977
1973
1964
1961
1962
1959
1964
1961
1960
1954
1948
1950
1948
1949
1948
1945
1937
1935
1937
1935
1936
1938
1930
1923
1921
1921
1921
1921
1921
1918
1908
1907
1908
1905
1903
1905
1900
1892
1891
1893
1891
1893
1889
1884
1877
1874
1874
1875
1875
1874
1868
1861
1860
1860
1857
1858
1857
1851
1846
1844
1844
1844
1841
1840
1835
1827
1825
1828
1827
1826
1827
1819
1812
1812
1811
1808
1809
1808
1800
1795
1795
1796
1797
1792
1792
1784
1777
1780
1779
1778
1777
1775
1770
1763
1764
1760
1762
1760
1760
1753
1747
1748
1749
1746
1745
1744
1736
1727
1732
1731
1731
1731
1728
1722
1716
1715
1715
1715
1713
1712
1705
1700
1703
1700
1699
1696
1694
1685
1684
1684
1684
1685
1679
1679
1672
1667
1665
1667
1666
1664
1662
1654
1652
1656
1653
1651
1651
1650
1642
1638
1640
1640
1642
1638
1637
1632
1625
1626
1626
1625
1624
1622
1617
1612
1612
1611
1610
1609
1607
1602
1596
1598
1598
1596
1594
1593
1587
1581
1582
1582
1581
1579
1578
1572
1567
1568
1568
1565
1564
1560
1556
1551
1552
1552
1550
1548
1547
1540
1535
1537
1535
1535
1532
1530
1525
1524
1521
1519
1519
1515
1511
1508
1505
1506
1505
1503
1500
1498
1492
1487
1489
1487
1486
1483
1482
1477
1477
1473
1471
1470
1468
1462
1460
1457
1457
1458
1454
1451
1449
1443
1438
1442
1439
1438
1436
1434
1429
1425
1426
1423
1422
1419
1417
1412
1410
1411
1410
1407
1405
1402
1397
1395
1396
1392
1392
1391
1387
1383
1381
1381
1379
1377
1373
1372
1367
1366
1367
1364
1363
1362
1358
1352
1353
1353
1350
1350
1348
1344
1342
1340
1339
1337
1335
1331
1331
1325
1325
1327
1324
1322
1321
1317
1310
1312
1311
1309
1308
1307
1305
1299
1298
1297
1295
1291
1293
1290
1284
1285
1283
1283
1280
1279
1274
1271
1270
1269
1267
1266
1266
1262
1257
1256
1255
1253
1249
1250
1250
1248
1248
1246
1245
1243
1241
1239
1239
1235
1230
1244
1258
1267
1279
1288
1298
1309
1317
1327
1335
1345
1354
1367
1374
1382
1392
1400
1404
1416
1424
1433
1441
1448
1458
1454
1446
1456
1464
1469
1478
1484
1484
1478
1482
1491
1495
1504
1506
1510
1503
1506
1515
1519
1528
1534
1534
1528
1527
1535
1540
1548
1550
1557
1551
1545
1554
1559
1564
1568
1574
1568
1561
1570
1575
1581
1584
1588
1583
1577
1579
1589
1591
1596
1602
1598
1590
1593
1599
1598
1606
1608
1607
1600
1601
1607
1611
1613
1614
1615
1608
1605
1611
1613
1617
1618
1621
1614
1609
1614
1617
1619
1620
1624
1617
1610
1616
1617
1618
1620
1622
1614
1609
1613
1615
1617
1617
1617
1613
1607
1605
1611
1611
1612
1612
1609
1602
1604
1604
1603
1604
1602
1604
1606
1606
1607
1606
1606
1607
1606
1603
1606
1605
1604
1604
1603
1603
1603
1601
1600
1598
1598
1594
1596
1595
1593
1595
1591
1589
1588
1586
1584
1584
1582
1579
1578
1576
1569
1564
1564
1561
1559
1554
1554
1547
1543
1543
1539
1537
1534
1531
1523
1520
1519
1516
1513
1511
1508
1507
1496
1494
1492
1488
1483
1483
1479
1473
1473
1467
1465
1462
1458
1451
1448
1446
1445
1443
1441
1440
1439
1434
1427
1426
1425
1423
1422
1420
1417
1414
1409
1410
1406
1406
1406
1401
1395
1394
1395
1393
1395
1391
1387
1381
1380
1379
1380
1379
1379
1378
1370
1369
1370
1368
1368
1368
1365
1360
1359
1360
1361
1359
1359
1356
1350
1347
1352
1351
1352
1354
1349
1343
1343
1344
1341
1345
1345
1343
1337
1337
1339
1338
1339
1340
1337
1330
1332
1334
1334
1336
1337
1334
1328
1329
1330
1331
1333
1333
1331
1325
1325
1331
1328
1330
1331
1330
1321
1323
1327
1327
1331
1330
1329
1323
1323
1324
1327
1329
1330
1329
1323
1323
1327
1328
1329
1330
1330
1325
1323
1328
1329
1334
1331
1332
1327
1324
1328
1330
1331
1332
1335
1328
1329
1330
1332
1335
1336
1334
1331
1329
1333
1337
1337
1338
1339
1334
1331
1336
1337
1341
1341
1344
1340
1335
1339
1341
1344
1341
1348
1342
1338
1344
1345
1347
1349
1352
1344
1342
1346
1348
1351
1353
1357
1354
1345
1350
1355
1354
1357
1361
1356
1350
1357
1358
1359
1362
1363
1360
1355
1358
1362
1364
1366
1371
1366
1360
1362
1366
1367
1372
1374
1371
1367
1368
1371
1373
1376
1377
1377
1371
1367
1363
1360
1358
1356
1351
1347
1344
1339
1329
1331
1328
1325
1324
1319
1314
1309
1307
1301
1302
1299
1297
1291
1288
1286
1284
1281
1279
1277
1273
1273
1271
1269
1268
1267
1264
1261
1260
1258
1256
1255
1254
1252
1251
1249
1249
1246
1245
1243
1241
1238
1240
1238
1237
1236
1235
1233
1232
1230
1229
1227
1223
1220
1219
1219
1218
1219
1216
1211
1207
1207
1206
1207
1206
1205
1202
1196
1197
1196
1195
1191
1193
1193
1193
1192
1192
1192
1190
1190
1190
1188
1186
1189
1187
1187
1187
1187
1184
1183
1183
1183
1182
1184
1184
1184
1185
1186
1188
1186
1184
1184
1183
1180
1182
1182
1181
1182
1180
1179
1179
1179
1175
1173
1170
1170
1170
1169
1168
1168
1163
1160
1159
1157
1159
1158
1159
1154
1152
1151
1151
1150
1149
1149
1145
1141
1141
1142
1142
1145
1140
1137
1132
1133
1132
1133
1131
1132
1130
1123
1124
1124
1123
1120
1123
1118
1115
1116
1115
1116
1115
1115
1111
1107
1106
1108
1107
1106
1106
1106
1099
1099
1100
1098
1096
1098
1095
1091
1090
1092
1092
1090
1089
1087
1083
1080
1082
1082
1082
1081
1082
1075
1074
1075
1076
1076
1075
1076
1076
1073
1067
1071
1069
1068
1068
1068
1062
1061
1061
1062
1061
1064
1060
1057
1053
1053
1051
1053
1053
1052
1050
1046
1048
1046
1044
1045
1043
1038
1038
1037
1038
1039
1036
1036
1034
1029
1025
1029
1029
1028
1027
1027
1027
1026
1025
1024
1023
1021
1023
1022
1021
1022
1022
1020
1019
1019
1016
1016
1016
1015
1015
1013
1013
1015
1012
1010
1010
1008
1005
1007
1005
1002
1001
1001
999
998
997
993
991
990
990
988
987
987
988
981
980
980
977
975
976
975
972
970
970
968
967
965
962
961
959
959
957
957
956
957
954
953
952
950
950
949
948
947
948
944
944
943
941
937
939
938
936
936
935
935
933
931
930
928
924
926
925
923
920
918
917
916
916
912
913
912
909
910
908
907
909
904
903
902
900
899
898
897
896
895
893
892
890
890
888
887
885
885
883
883
881
882
878
877
874
869
870
869
868
866
867
862
860
859
858
855
856
854
854
849
848
850
845
844
844
841
837
838
843
841
839
844
846
849
850
854
851
849
852
856
857
861
864
863
859
861
864
865
870
872
873
869
873
874
876
879
880
881
879
878
883
885
889
892
894
890
887
892
893
897
899
902
900
898
900
903
906
908
909
909
905
909
913
915
919
922
920
917
918
920
924
928
930
931
928
928
932
934
938
938
942
938
937
942
945
950
950
954
950
947
949
955
958
961
965
965
958
962
967
968
972
975
973
969
973
977
982
983
986
985
981
979
989
989
994
997
998
994
994
998
1002
1004
1006
1009
1005
1002
1010
1014
1015
1018
1022
1018
1010
1018
1025
1026
1029
1032
1029
1024
1029
1032
1036
1039
1042
1041
1036
1039
1047
1045
1049
1052
1051
1046
1048
1052
1055
1061
1061
1062
1057
1057
1060
1064
1068
1070
1072
1067
1066
1074
1074
1077
1079
1082
1078
1075
1079
1082
1088
1087
1091
1087
1083
1084
1091
1093
1096
1099
1097
1094
1095
1098
1101
1103
1103
1106
1101
1102
1106
1110
1110
1112
1113
1108
1108
1112
1114
1117
1118
1121
1119
1112
1108
1105
1101
1099
1097
1092
1087
1089
1084
1080
1078
1074
1073
1068
1066
1064
1059
1060
1059
1054
1050
1046
1045
1040
1042
1039
1037
1033
1030
1029
1027
1025
1023
1022
1018
1015
1013
1013
1011
1013
1008
1005
1001
1000
997
998
997
996
995
990
989
989
987
984
985
984
979
978
979
979
977
975
975
970
966
970
968
968
968
970
963
961
962
961
959
961
961
957
954
956
958
956
955
955
951
947
950
950
950
951
951
948
944
945
944
946
947
946
946
941
942
943
943
945
944
941
939
939
939
940
944
942
941
937
937
937
939
940
940
941
938
936
939
938
939
939
939
937
935
937
938
942
940
942
938
935
934
939
940
940
941
939
936
937
939
940
941
941
939
936
938
940
943
942
943
941
938
938
941
941
943
944
945
943
939
941
942
943
941
946
941
939
943
943
945
945
947
942
939
944
942
944
946
947
947
940
943
945
944
943
948
946
943
944
945
945
948
948
946
944
939
936
932
928
926
921
917
913
909
904
903
899
896
892
893
886
883
879
876
871
870
867
864
861
858
858
852
848
845
842
839
836
834
830
829
825
823
820
817
813
812
809
806
804
802
800
796
793
791
789
783
784
781
779
777
777
772
770
768
765
760
760
758
755
754
751
751
747
744
743
740
735
736
734
733
731
728
727
724
723
720
719
717
716
714
713
712
711
707
707
705
702
703
702
700
699
697
696
695
694
693
690
691
688
687
687
687
688
685
685
682
681
679
681
681
681
681
680
677
677
678
678
674
677
675
675
675
675
679
676
676
674
672
671
673
675
676
677
677
672
675
675
677
674
680
677
674
677
678
682
680
682
682
676
675
682
684
685
687
689
683
685
688
688
690
695
693
690
691
695
700
699
700
704
704
707
711
714
716
720
722
724
727
730
731
735
738
740
743
746
749
752
755
757
760
761
766
768
773
775
780
782
784
781
779
781
786
789
791
796
792
790
795
796
790
792
795
799
803
806
810
808
805
810
814
818
820
825
822
820
825
829
836
837
841
838
834
839
846
850
854
858
859
852
858
863
866
868
875
873
869
874
881
886
888
893
892
887
889
898
901
907
911
915
920
923
928
931
937
942
947
951
956
962
965
969
974
978
979
985
991
995
999
1006
1008
1013
1016
1021
1024
1029
1034
1037
1037
1033
1035
1044
1044
1049
1052
1055
1047
1051
1057
1059
1065
1070
1071
1066
1064
1071
1071
1079
1082
1086
1081
1079
1086
1090
1093
1096
1100
1093
1091
1098
1103
1107
1111
1114
1111
1105
1110
1116
1119
1123
1126
1125
1120
1125
1128
1131
1135
1136
1138
1133
1134
1141
1145
1147
1149
1151
1145
1145
1150
1153
1157
1159
1161
1160
1155
1160
1163
1166
1165
1172
1167
1163
1169
1172
1173
1176
1179
1174
1171
1174
1179
1180
1183
1186
1186
1178
1180
1185
1186
1188
1192
1189
1185
1189
1189
1190
1193
1194
1192
1189
1189
1192
1194
1197
1198
1198
1193
1192
1195
1194
1198
1199
1201
1195
1195
1196
1197
1197
1198
1199
1196
1190
1195
1198
1200
1204
1205
1201
1196
1199
1199
1204
1207
1209
1208
1202
1203
1207
1208
1209
1212
1212
1207
1207
1212
1213
1217
1217
1217
1212
1210
1216
1217
1221
1222
1226
1219
1217
1221
1222
1223
1227
1231
1225
1221
1226
1230
1231
1233
1236
1231
1225
1230
1234
1237
1239
1244
1239
1234
1236
1240
1240
1246
1247
1247
1241
1242
1249
1248
1252
1254
1255
1247
1247
1252
1255
1259
1259
1262
1257
1254
1258
1260
1264
1266
1270
1264
1260
1266
1268
1271
1273
1276
1270
1267
1271
1275
1277
1280
1283
1280
1274
1276
1280
1282
1285
1287
1287
1282
1285
1286
1288
1292
1292
1294
1288
1287
1292
1295
1297
1298
1300
1295
1290
1297
1300
1303
1305
1308
1303
1298
1303
1305
1307
1309
1313
1310
1303
1307
1314
1312
1315
1317
1315
1308
1311
1315
1317
1320
1322
1323
1315
1315
1319
1320
1320
1325
1325
1320
1320
1323
1324
1327
1328
1327
1324
1322
1326
1328
1330
1332
1337
1329
1324
1328
1331
1329
1335
1336
1333
1331
1330
1333
1333
1336
1335
1335
1330
1331
1334
1334
1339
1337
1335
1331
1331
1332
1335
1337
1338
1338
1334
1330
1333
1334
1336
1335
1337
1332
1326
1321
1315
1310
1304
1298
1294
1288
1281
1279
1273
1268
1263
1258
1253
1248
1243
1237
1234
1229
1224
1220
1215
1212
1209
1201
1197
1192
1187
1180
1179
1174
1170
1167
1160
1156
1152
1148
1143
1139
1135
1131
1127
1122
1119
1118
1110
1106
1102
1098
1090
1090
1086
1082
1079
1075
1070
1067
1062
1059
1055
1051
1047
1043
1040
1037
1036
1028
1025
1021
1017
1010
1010
1007
1003
1000
996
992
988
985
981
978
975
971
968
964
962
959
955
952
947
942
941
938
934
931
931
925
922
918
914
908
908
905
902
899
896
893
893
887
883
881
876
873
872
868
865
864
860
856
853
850
847
844
842
839
835
834
831
828
825
822
819
815
813
811
808
805
803
799
797
794
791
786
785
783
781
778
775
773
769
768
764
762
757
757
755
752
750
750
745
742
739
736
731
732
729
726
724
723
723
717
715
713
709
705
705
703
699
699
698
694
692
688
686
684
683
680
678
676
674
672
669
667
665
661
661
658
656
655
655
650
648
646
644
640
640
640
638
637
635
636
633
632
630
629
624
626
625
622
623
622
620
618
617
615
615
613
613
611
610
609
609
607
606
605
601
601
600
599
598
599
596
594
594
591
589
590
589
588
586
585
585
582
581
581
578
575
576
575
574
573
576
571
570
568
567
563
565
564
563
562
559
562
559
557
556
554
550
552
551
550
549
551
547
545
543
542
541
540
539
538
536
536
535
532
531
530
528
524
526
525
523
523
524
520
519
517
516
511
513
512
511
512
509
510
505
505
503
501
501
499
498
497
497
497
492
491
490
487
487
486
483
483
482
482
479
479
476
475
472
473
471
469
469
469
466
464
463
462
459
460
458
457
456
456
455
452
451
449
448
443
446
444
443
442
444
440
439
438
437
433
435
433
432
432
431
433
429
427
426
425
422
424
422
422
421
424
418
419
418
417
413
416
415
414
414
414
415
412
411
412
410
407
410
409
409
409
411
409
410
409
406
405
405
405
404
404
404
401
401
400
399
397
398
397
397
396
395
396
395
394
394
394
392
392
393
393
392
394
393
392
391
391
390
392
392
393
391
392
391
391
393
393
392
394
392
392
394
394
399
397
396
396
395
395
399
401
401
403
403
400
403
405
405
404
408
406
406
409
411
414
414
415
413
413
417
418
421
422
424
422
422
425
427
428
431
433
431
431
435
438
439
441
443
442
439
445
448
451
453
456
453
451
456
459
461
464
467
465
465
469
475
476
477
479
477
477
482
485
489
491
496
492
491
496
498
498
504
507
505
504
510
516
516
518
521
519
515
523
527
530
533
540
534
533
538
541
544
548
551
548
548
553
557
560
562
565
561
562
568
572
575
578
581
579
578
583
584
590
592
596
593
592
599
601
605
608
611
606
608
612
616
621
624
626
623
622
628
628
635
638
641
638
639
646
646
651
653
656
649
652
658
661
665
671
671
667
667
673
676
682
686
690
689
686
695
696
700
704
708
703
703
709
713
717
724
725
724
720
724
729
733
738
741
740
737
745
747
750
753
756
755
752
757
763
768
770
773
771
767
769
778
781
785
789
786
785
788
794
796
800
800
801
798
804
808
812
814
818
814
812
817
822
826
829
833
830
830
832
836
839
842
844
842
840
846
851
854
857
860
856
853
860
864
868
870
875
870
870
873
877
881
883
886
883
881
886
891
895
897
899
895
892
898
902
906
908
912
908
909
912
915
918
919
923
919
918
924
929
931
933
935
931
927
935
939
943
944
947
945
942
947
950
955
955
958
954
953
959
964
966
967
969
964
962
970
973
977
979
981
978
976
981
984
987
986
992
987
987
992
995
999
1001
1001
996
997
1003
1005
1008
1010
1012
1009
1008
1013
1017
1018
1017
1022
1017
1018
1023
1025
1028
1030
1031
1025
1027
1032
1034
1038
1040
1042
1037
1036
1041
1043
1045
1049
1050
1045
1044
1047
1045
1046
1047
1046
1047
1044
1040
1040
1041
1041
1044
1042
1038
1034
1034
1032
1037
1036
1037
1035
1031
1031
1032
1032
1031
1031
1028
1026
1026
1028
1028
1031
1029
1027
1023
1022
1021
1023
1025
1025
1023
1020
1019
1021
1020
1021
1022
1020
1015
1016
1018
1018
1023
1020
1017
1013
1012
1014
1016
1016
1016
1016
1009
1010
1012
1012
1010
1013
1011
1007
1008
1011
1013
1011
1011
1008
1004
1002
1008
1007
1008
1010
1007
1003
1003
1004
1003
1006
1006
1004
1000
1001
1003
1006
1004
1004
1001
997
998
1000
1000
1002
1005
999
996
996
998
995
999
1000
997
993
994
997
996
997
998
994
988
992
994
993
995
998
993
988
990
989
991
993
993
990
986
988
992
989
990
991
988
981
985
986
986
989
989
987
982
983
982
985
986
986
984
980
983
983
984
984
985
980
979
979
982
982
983
984
982
977
977
979
980
981
982
980
977
980
978
978
980
979
979
975
974
977
979
978
979
978
974
972
975
974
977
977
978
977
972
975
979
982
985
987
989
991
989
984
986
989
991
991
995
992
989
992
995
999
998
1001
997
993
995
1000
1002
1003
1006
1004
998
1002
1004
1006
1005
1011
1007
1003
1007
1010
1014
1014
1016
1013
1008
1011
1015
1018
1019
1022
1021
1014
1019
1021
1023
1023
1028
1024
1020
1024
1028
1031
1033
1035
1030
1026
1027
1034
1036
1039
1043
1037
1033
1037
1041
1042
1045
1049
1044
1041
1046
1049
1051
1053
1056
1053
1046
1052
1056
1058
1061
1067
1060
1055
1060
1063
1063
1068
1073
1066
1063
1069
1072
1074
1076
1080
1076
1069
1076
1080
1082
1086
1092
1084
1080
1085
1089
1092
1093
1097
1093
1088
1094
1100
1100
1102
1106
1101
1094
1101
1108
1109
1114
1116
1112
1108
1112
1115
1119
1123
1126
1122
1118
1123
1131
1130
1133
1136
1132
1124
1132
1138
1139
1145
1146
1143
1138
1143
1146
1150
1154
1158
1154
1150
1155
1162
1162
1165
1168
1166
1161
1166
1170
1173
1179
1180
1178
1173
1176
1179
1184
1188
1193
1191
1186
1189
1196
1196
1200
1203
1202
1198
1200
1206
1209
1216
1216
1216
1211
1212
1216
1221
1226
1229
1231
1225
1223
1229
1227
1228
1230
1229
1227
1225
1221
1224
1227
1226
1226
1228
1222
1217
1221
1223
1225
1225
1226
1222
1218
1221
1221
1222
1221
1225
1220
1216
1219
1224
1221
1222
1223
1219
1215
1217
1219
1220
1221
1223
1221
1213
1216
1218
1218
1216
1222
1217
1212
1217
1217
1217
1219
1220
1213
1211
1214
1215
1217
1218
1220
1219
1211
1213
1215
1215
1216
1219
1216
1211
1215
1215
1215
1217
1218
1214
1210
1212
1214
1215
1216
1218
1219
1211
1210
1213
1214
1214
1216
1215
1210
1212
1214
1213
1216
1216
1214
1210
1210
1213
1213
1215
1216
1219
1211
1209
1211
1212
1213
1215
1215
1210
1210
1211
1212
1214
1215
1213
1210
1208
1211
1212
1212
1215
1216
1211
1207
1210
1210
1213
1214
1214
1210
1210
1210
1211
1212
1212
1212
1209
1206
1209
1211
1211
1213
1214
1208
1205
1208
1207
1211
1211
1212
1207
1206
1207
1208
1209
1208
1211
1206
1202
1204
1206
1207
1209
1208
1204
1199
1202
1199
1202
1205
1204
1203
1196
1198
1199
1201
1200
1202
1198
1193
1195
1197
1197
1201
1198
1193
1189
1189
1192
1192
1193
1194
1193
1185
1185
1185
1186
1182
1184
1182
1181
1176
1173
1176
1172
1172
1171
1168
1161
1161
1161
1159
1160
1156
1154
1149
1147
1144
1144
1144
1141
1139
1135
1132
1134
1129
1127
1125
1122
1116
1116
1115
1113
1113
1109
1106
1102
1098
1095
1095
1093
1091
1089
1084
1082
1080
1078
1075
1072
1068
1065
1064
1062
1059
1059
1055
1051
1046
1043
1039
1039
1037
1034
1032
1028
1027
1023
1020
1017
1013
1008
1008
1005
1002
1002
1000
994
991
988
984
982
979
976
973
971
967
967
961
958
955
952
949
946
943
941
939
935
932
929
926
920
920
918
915
912
908
907
902
899
896
893
888
888
885
882
879
880
874
871
868
865
861
860
856
854
851
849
849
843
840
837
833
831
829
827
824
822
819
816
814
811
806
806
803
801
798
796
795
791
788
786
783
780
778
776
774
771
770
767
764
761
759
755
754
753
750
748
746
745
742
739
738
735
731
730
729
727
725
725
721
719
717
715
709
711
709
708
705
704
704
701
698
697
696
693
695
694
692
689
691
688
687
686
685
682
680
680
679
678
678
678
674
672
671
671
668
669
667
665
663
665
662
661
660
659
654
655
654
653
652
653
653
648
646
644
643
641
642
640
639
637
639
636
634
633
632
630
628
627
626
625
626
625
621
619
618
617
616
616
615
612
612
611
609
608
607
605
605
602
601
601
600
600
598
596
593
593
589
591
589
588
587
587
585
583
582
581
577
578
576
575
575
573
573
571
570
567
566
564
564
564
562
562
560
558
557
556
554
553
554
550
549
548
549
546
545
545
541
537
539
538
537
535
536
533
531
530
529
525
527
526
524
524
522
523
519
519
518
515
511
514
512
511
510
511
507
506
505
503
500
502
499
500
497
497
499
494
493
492
490
487
489
488
487
485
486
483
481
480
479
476
477
476
474
473
474
472
471
470
468
464
466
465
464
463
464
461
459
459
458
454
456
455
454
453
458
469
475
485
492
496
496
499
510
518
528
534
539
537
540
550
558
569
575
581
578
584
593
600
610
616
619
618
622
633
641
652
657
662
659
664
670
682
691
696
701
699
706
714
721
731
737
738
737
743
753
761
772
777
781
777
781
792
799
809
815
820
816
824
831
838
847
853
854
853
858
869
876
886
891
895
890
894
906
913
921
928
931
926
935
943
949
958
964
963
962
968
978
985
993
1000
1001
996
1002
1013
1019
1028
1035
1035
1030
1040
1047
1053
1061
1067
1064
1062
1069
1080
1086
1093
1101
1099
1094
1100
1112
1117
1125
1132
1130
1125
1136
1142
1148
1155
1161
1159
1154
1163
1172
1180
1184
1191
1188
1183
1189
1201
1206
1212
1219
1216
1211
1221
1227
1232
1240
1244
1241
1236
1245
1254
1261
1264
1271
1267
1260
1270
1277
1283
1289
1295
1291
1287
1294
1302
1307
1310
1315
1312
1308
1317
1325
1329
1335
1341
1334
1327
1340
1346
1352
1355
1361
1356
1351
1361
1366
1372
1375
1381
1375
1373
1382
1387
1394
1397
1402
1394
1392
1401
1406
1412
1415
1421
1416
1410
1419
1424
1429
1430
1439
1432
1429
1441
1442
1448
1452
1456
1446
1447
1455
1460
1467
1469
1473
1468
1465
1473
1477
1482
1487
1490
1483
1483
1491
1495
1501
1504
1505
1499
1500
1509
1512
1518
1521
1525
1516
1518
1526
1529
1532
1540
1540
1533
1536
1542
1547
1552
1556
1553
1549
1551
1560
1563
1569
1574
1577
1567
1570
1575
1581
1583
1590
1589
1583
1588
1593
1596
1603
1606
1603
1599
1601
1610
1613
1618
1623
1624
1613
1617
1625
1627
1634
1638
1637
1631
1633
1641
1644
1650
1652
1652
1643
1648
1656
1659
1665
1671
1666
1659
1663
1670
1670
1680
1684
1681
1675
1679
1685
1689
1694
1695
1695
1688
1692
1700
1703
1709
1716
1710
1702
1706
1714
1714
1723
1728
1723
1718
1721
1728
1731
1735
1741
1736
1728
1735
1742
1746
1753
1756
1749
1742
1749
1754
1760
1764
1769
1763
1755
1763
1769
1774
1776
1783
1776
1769
1777
1783
1788
1794
1797
1789
1782
1792
1794
1802
1805
1812
1805
1797
1806
1811
1816
1816
1825
1816
1811
1820
1825
1831
1837
1839
1829
1825
1833
1838
1845
1848
1854
1844
1837
1836
1834
1831
1830
1829
1819
1814
1815
1813
1815
1809
1808
1801
1793
1792
1795
1794
1792
1793
1782
1778
1779
1777
1776
1776
1774
1767
1763
1764
1764
1766
1762
1760
1753
1749
1749
1751
1752
1750
1752
1742
1738
1741
1739
1738
1740
1737
1731
1729
1731
1731
1735
1732
1729
1721
1720
1721
1723
1724
1724
1725
1714
1713
1717
1716
1717
1719
1716
1709
1709
1712
1712
1716
1714
1711
1703
1703
1707
1708
1710
1712
1709
1700
1702
1706
1705
1708
1709
1706
1699
1700
1704
1705
1710
1709
1705
1698
1699
1703
1705
1708
1710
1706
1698
1701
1705
1704
1709
1713
1707
1701
1703
1708
1712
1712
1714
1710
1702
1703
1711
1713
1716
1721
1713
1705
1711
1715
1714
1720
1724
1717
1710
1715
1721
1725
1725
1729
1723
1715
1720
1725
1728
1732
1735
1729
1721
1727
1729
1734
1738
1742
1735
1728
1735
1741
1743
1745
1750
1741
1733
1743
1748
1752
1757
1758
1751
1746
1752
1756
1762
1764
1768
1761
1757
1764
1772
1772
1774
1779
1770
1765
1775
1779
1786
1787
1790
1782
1780
1785
1791
1797
1799
1802
1794
1792
1802
1804
1809
1812
1815
1803
1806
1818
1826
1839
1840
1847
1839
1836
1848
1856
1865
1870
1877
1868
1865
1880
1885
1892
1899
1903
1893
1891
1903
1912
1918
1923
1930
1920
1915
1929
1936
1945
1949
1955
1946
1946
1954
1961
1969
1973
1980
1971
1968
1981
1987
1995
1999
2004
1993
1993
2004
2011
2020
2024
2028
2021
2017
2029
2035
2043
2046
2052
2042
2044
2055
2060
2068
2073
2074
2067
2067
2079
2084
2092
2100
2104
2090
2091
2104
2109
2115
2124
2125
2116
2117
2128
2134
2144
2146
2150
2140
2142
2154
2159
2169
2175
2178
2165
2167
2178
2182
2193
2198
2200
2192
2192
2204
2208
2218
2223
2224
2213
2216
2229
2233
2243
2251
2247
2237
2241
2253
2255
2267
2274
2272
2261
2265
2277
2281
2288
2297
2295
2284
2290
2300
2307
2316
2321
2317
2306
2313
2323
2330
2338
2346
2340
2328
2337
2348
2352
2361
2369
2364
2352
2361
2372
2377
2388
2392
2385
2373
2383
2391
2401
2406
2418
2407
2396
2407
2417
2421
2431
2438
2429
2417
2430
2440
2448
2453
2462
2450
2440
2450
2463
2470
2475
2482
2471
2462
2476
2482
2492
2497
2503
2492
2486
2498
2507
2518
2519
2525
2513
2506
2525
2539
2551
2560
2570
2557
2552
2568
2583
2594
2602
2611
2598
2595
2614
2628
2638
2645
2653
2638
2636
2656
2667
2680
2686
2693
2679
2678
2697
2707
2720
2728
2734
2720
2721
2740
2749
2762
2770
2775
2757
2762
2780
2792
2802
2809
2813
2798
2802
2820
2828
2842
2850
2852
2837
2843
2860
2867
2881
2889
2886
2875
2881
2900
2906
2920
2928
2925
2912
2919
2937
2944
2958
2966
2965
2953
2956
2975
2981
2993
3002
3002
2988
2992
3011
3018
3032
3037
3038
3023
3030
3048
3054
3067
3076
3077
3058
3065
3083
3089
3101
3112
3108
3093
3102
3119
3127
3135
3150
3142
3127
3139
3155
3164
3177
3189
3178
3162
3175
3191
3196
3211
3223
3213
3197
3210
3227
3232
3247
3258
3247
3231
3245
3262
3272
3284
3294
3282
3265
3282
3294
3307
3319
3331
3317
3300
3319
3330
3344
3355
3367
3352
3335
3355
3369
3381
3391
3402
3387
3370
3386
3405
3416
3425
3437
3420
3406
3422
3439
3450
3459
3473
3454
3441
3460
3474
3484
3492
3504
3484
3470
3492
3507
3515
3524
3533
3514
3503
3525
3536
3549
3555
3563
3545
3538
3558
3569
3581
3588
3595
3573
3568
3585
3593
3603
3607
3611
3590
3588
3605
3612
3624
3628
3631
3613
3609
3626
3632
3644
3649
3648
3630
3630
3646
3653
3664
3670
3668
3651
3650
3666
3673
3684
3691
3688
3669
3671
3687
3692
3705
3708
3708
3690
3690
3707
3712
3723
3727
3724
3705
3710
3726
3730
3743
3749
3743
3723
3729
3744
3749
3756
3768
3761
3739
3747
3762
3766
3778
3785
3776
3756
3766
3780
3784
3795
3804
3793
3773
3781
3795
3797
3810
3822
3812
3791
3798
3812
3817
3829
3835
3830
3809
3811
3828
3832
3847
3849
3846
3825
3827
3840
3847
3861
3864
3857
3836
3840
3856
3861
3872
3877
3874
3853
3855
3871
3876
3886
3890
3890
3869
3864
3883
3890
3899
3903
3900
3879
3880
3895
3899
3911
3915
3910
3890
3892
3909
3910
3922
3926
3922
3899
3904
3919
3922
3932
3937
3932
3914
3913
3928
3932
3943
3947
3948
3928
3925
3938
3943
3953
3956
3960
3940
3932
3947
3953
3963
3963
3973
3951
3941
3956
3963
3972
3976
3987
3965
3949
3964
3972
3977
3985
3998
3974
3957
3972
3980
3989
3993
4004
3983
3965
3980
3990
3997
4004
4012
3991
3972
3987
3994
4005
4011
4020
4001
3979
3979
3983
3980
3978
3977
3961
3941
3943
3945
3944
3941
3940
3925
3904
3906
3911
3906
3906
3905
3891
3868
3872
3875
3872
3873
3872
3861
3842
3840
3843
3840
3842
3840
3830
3814
3811
3814
3811
3813
3810
3803
3787
3779
3784
3782
3784
3782
3781
3763
3751
3757
3756
3757
3750
3756
3738
3724
3729
3730
3730
3727
3730
3711
3697
3703
3704
3705
3703
3708
3687
3672
3678
3679
3676
3680
3685
3665
3647
3653
3655
3656
3657
3657
3642
3625
3629
3633
3632
3636
3634
3622
3604
3604
3607
3609
3613
3610
3600
3583
3581
3587
3585
3588
3588
3577
3560
3561
3566
3566
3566
3565
3558
3540
3538
3545
3543
3545
3543
3539
3520
3517
3524
3521
3525
3523
3520
3504
3498
3503
3502
3505
3503
3499
3484
3478
3482
3482
3486
3483
3480
3467
3458
3463
3464
3467
3465
3466
3450
3439
3444
3446
3447
3444
3451
3434
3420
3426
3428
3429
3428
3433
3417
3401
3408
3411
3411
3412
3415
3401
3384
3389
3393
3389
3393
3397
3383
3367
3370
3374
3371
3375
3375
3366
3350
3351
3356
3356
3357
3357
3348
3332
3331
3337
3336
3340
3338
3331
3315
3320
3343
3353
3371
3381
3381
3364
3371
3394
3400
3416
3427
3427
3406
3416
3438
3444
3459
3469
3470
3450
3456
3475
3484
3498
3507
3509
3491
3495
3512
3519
3534
3541
3541
3526
3530
3544
3551
3565
3571
3573
3556
3556
3574
3580
3594
3599
3603
3587
3582
3600
3606
3617
3625
3629
3609
3607
3623
3629
3638
3646
3651
3632
3627
3642
3649
3661
3668
3671
3651
3644
3658
3667
3677
3682
3687
3668
3659
3671
3681
3690
3694
3702
3683
3671
3684
3693
3700
3704
3714
3695
3676
3693
3704
3707
3712
3721
3703
3685
3698
3707
3712
3718
3724
3710
3691
3704
3710
3713
3719
3723
3711
3693
3701
3710
3713
3717
3721
3711
3693
3699
3708
3709
3716
3719
3714
3692
3694
3703
3703
3706
3713
3709
3687
3687
3695
3695
3702
3705
3700
3680
3678
3686
3687
3693
3697
3691
3672
3667
3672
3674
3681
3680
3678
3659
3651
3660
3661
3664
3665
3666
3647
3636
3645
3649
3650
3648
3649
3630
3621
3629
3629
3632
3631
3633
3611
3603
3608
3612
3614
3611
3615
3597
3586
3590
3592
3594
3592
3597
3580
3564
3570
3572
3572
3571
3575
3561
3543
3548
3552
3552
3553
3557
3544
3526
3530
3539
3544
3551
3552
3555
3537
3529
3538
3545
3551
3552
3556
3539
3528
3538
3543
3551
3549
3553
3535
3522
3534
3539
3547
3545
3553
3534
3517
3528
3532
3536
3539
3544
3527
3510
3520
3527
3527
3531
3535
3520
3505
3511
3516
3518
3521
3522
3510
3494
3497
3503
3502
3508
3509
3501
3485
3484
3490
3488
3493
3490
3487
3471
3467
3475
3473
3477
3474
3472
3455
3452
3458
3457
3461
3460
3458
3440
3435
3440
3439
3440
3442
3439
3422
3416
3422
3420
3420
3423
3422
3405
3396
3402
3403
3405
3405
3404
3388
3376
3381
3382
3385
3386
3384
3368
3357
3360
3361
3363
3362
3364
3348
3334
3339
3341
3343
3340
3342
3326
3310
3317
3319
3318
3317
3319
3305
3288
3293
3296
3295
3295
3294
3283
3268
3271
3272
3271
3271
3270
3256
3245
3248
3248
3246
3246
3244
3237
3221
3221
3223
3220
3222
3220
3214
3198
3196
3199
3195
3193
3194
3190
3173
3170
3172
3169
3168
3167
3162
3148
3143
3145
3142
3143
3143
3137
3121
3115
3116
3116
3117
3116
3110
3096
3087
3089
3089
3088
3084
3082
3069
3059
3061
3062
3059
3055
3055
3040
3029
3031
3032
3027
3024
3023
3010
2998
2998
2997
2994
2992
2990
2979
2967
2966
2965
2962
2959
2956
2947
2935
2932
2932
2928
2926
2919
2914
2901
2900
2898
2893
2892
2889
2880
2867
2864
2863
2855
2856
2852
2848
2833
2828
2828
2822
2820
2816
2810
2797
2792
2791
2787
2787
2779
2773
2761
2754
2754
2749
2749
2741
2736
2724
2717
2715
2711
2707
2703
2699
2687
2680
2681
2673
2670
2664
2658
2648
2641
2639
2634
2630
2625
2620
2607
2602
2600
2595
2591
2586
2582
2573
2562
2559
2555
2550
2542
2541
2531
2525
2519
2514
2509
2504
2498
2491
2481
2478
2474
2469
2463
2462
2449
2440
2436
2430
2427
2421
2417
2408
2400
2394
2390
2383
2379
2374
2367
2357
2352
2348
2343
2337
2331
2324
2315
2306
2306
2299
2297
2288
2281
2273
2266
2261
2256
2251
2244
2238
2230
2224
2221
2213
2208
2200
2194
2186
2180
2175
2172
2164
2158
2151
2143
2136
2132
2125
2120
2113
2107
2101
2095
2088
2082
2076
2068
2064
2057
2050
2048
2038
2032
2025
2019
2013
2007
2001
1995
1988
1983
1977
1969
1963
1957
1951
1943
1939
1932
1927
1923
1914
1907
1902
1895
1889
1883
1877
1876
1876
1875
1875
1870
1868
1861
1856
1853
1854
1853
1851
1849
1842
1836
1836
1834
1834
1831
1830
1823
1817
1818
1819
1814
1813
1811
1805
1797
1799
1798
1797
1796
1794
1788
1781
1780
1780
1779
1777
1776
1769
1763
1766
1762
1760
1758
1757
1752
1745
1745
1746
1743
1741
1739
1734
1724
1727
1727
1725
1724
1722
1719
1712
1709
1710
1708
1704
1705
1702
1695
1695
1693
1691
1690
1687
1685
1678
1676
1676
1673
1672
1672
1668
1661
1658
1659
1653
1656
1653
1652
1647
1641
1641
1640
1638
1636
1634
1629
1624
1625
1624
1624
1620
1619
1612
1607
1604
1607
1606
1603
1604
1595
1591
1591
1589
1589
1587
1586
1580
1574
1575
1576
1573
1571
1570
1563
1555
1560
1559
1558
1557
1555
1550
1544
1543
1543
1542
1540
1539
1535
1529
1531
1529
1526
1526
1525
1518
1515
1514
1515
1517
1513
1511
1508
1501
1501
1502
1500
1500
1499
1497
1493
1489
1490
1489
1488
1484
1486
1479
1478
1482
1478
1479
1477
1475
1470
1468
1469
1469
1469
1468
1470
1461
1459
1460
1460
1459
1460
1460
1454
1454
1453
1454
1454
1453
1453
1449
1443
1438
1433
1428
1425
1418
1413
1409
1403
1396
1395
1390
1386
1384
1376
1371
1368
1362
1359
1354
1351
1346
1342
1337
1337
1329
1325
1321
1316
1311
1308
1304
1300
1299
1292
1288
1284
1279
1275
1272
1268
1264
1261
1257
1257
1249
1246
1242
1237
1234
1231
1227
1224
1224
1218
1214
1210
1206
1204
1201
1198
1195
1192
1189
1188
1183
1180
1178
1173
1172
1168
1165
1164
1162
1159
1156
1155
1149
1148
1147
1145
1143
1140
1141
1135
1133
1132
1130
1126
1127
1126
1122
1121
1119
1118
1117
1115
1112
1111
1107
1108
1108
1108
1108
1106
1103
1099
1100
1097
1099
1099
1099
1096
1092
1093
1093
1093
1091
1092
1090
1086
1086
1088
1088
1091
1087
1085
1081
1082
1081
1083
1085
1084
1085
1078
1079
1080
1080
1079
1082
1081
1077
1077
1079
1081
1081
1081
1080
1077
1073
1078
1078
1080
1082
1081
1076
1075
1077
1076
1081
1081
1081
1077
1076
1079
1079
1081
1082
1083
1076
1076
1079
1080
1083
1083
1085
1080
1077
1079
1082
1084
1084
1087
1083
1080
1085
1084
1085
1087
1087
1085
1081
1084
1087
1090
1089
1090
1088
1084
1084
1087
1088
1091
1093
1091
1090
1088
1092
1094
1096
1096
1100
1096
1095
1102
1102
1105
1107
1109
1103
1103
1107
1110
1113
1114
1119
1113
1110
1114
1118
1118
1122
1126
1122
1117
1122
1126
1128
1131
1131
1130
1126
1130
1134
1135
1140
1142
1144
1148
1151
1152
1156
1161
1162
1165
1170
1171
1174
1176
1178
1181
1184
1187
1190
1193
1196
1202
1202
1203
1207
1209
1211
1214
1216
1216
1214
1211
1215
1216
1219
1218
1221
1216
1216
1220
1222
1228
1227
1228
1223
1221
1222
1228
1231
1231
1235
1229
1225
1230
1233
1233
1237
1241
1236
1231
1236
1240
1242
1242
1245
1240
1234
1240
1244
1245
1248
1253
1249
1244
1245
1248
1250
1253
1255
1253
1248
1249
1257
1255
1259
1260
1259
1251
1255
1259
1260
1266
1265
1265
1260
1259
1261
1265
1268
1269
1272
1266
1266
1269
1271
1274
1274
1275
1272
1269
1274
1278
1279
1280
1284
1279
1271
1278
1281
1284
1286
1289
1285
1280
1284
1286
1289
1290
1294
1291
1285
1289
1293
1293
1296
1299
1295
1291
1293
1297
1298
1301
1305
1303
1297
1298
1302
1300
1307
1308
1310
1306
1302
1307
1309
1313
1311
1316
1312
1308
1312
1315
1318
1320
1323
1317
1312
1322
1334
1342
1351
1362
1360
1354
1361
1373
1377
1388
1396
1398
1392
1397
1410
1418
1425
1432
1434
1426
1432
1445
1450
1461
1467
1471
1464
1466
1476
1485
1495
1500
1508
1501
1500
1512
1520
1529
1535
1542
1538
1532
1545
1556
1562
1570
1579
1574
1563
1578
1588
1595
1604
1611
1610
1602
1611
1621
1627
1636
1644
1645
1638
1642
1654
1660
1669
1675
1677
1672
1673
1685
1691
1701
1707
1715
1705
1704
1715
1722
1732
1738
1748
1743
1733
1746
1755
1762
1769
1778
1773
1765
1775
1787
1793
1801
1809
1807
1799
1802
1816
1821
1832
1840
1840
1831
1834
1845
1851
1861
1867
1872
1864
1862
1876
1882
1891
1896
1905
1894
1890
1903
1912
1923
1925
1935
1926
1918
1930
1940
1947
1955
1963
1957
1949
1962
1968
1975
1984
1989
1989
1979
1986
1998
2002
2012
2018
2018
2010
2012
2024
2030
2039
2045
2051
2040
2038
2051
2057
2064
2072
2080
2070
2066
2078
2086
2094
2097
2109
2098
2090
2103
2111
2119
2126
2134
2127
2117
2128
2134
2143
2151
2158
2155
2144
2152
2162
2166
2176
2182
2181
2171
2175
2186
2192
2201
2205
2207
2196
2186
2185
2181
2178
2173
2166
2162
2154
2143
2140
2136
2131
2127
2123
2118
2109
2103
2100
2096
2093
2087
2083
2074
2070
2070
2063
2060
2056
2052
2044
2038
2037
2034
2031
2028
2027
2016
2011
2009
2006
2005
2002
2000
1994
1985
1985
1983
1981
1976
1978
1970
1961
1963
1961
1961
1961
1956
1950
1942
1940
1942
1940
1939
1939
1934
1925
1923
1924
1919
1922
1920
1917
1909
1907
1908
1910
1907
1906
1905
1896
1892
1895
1894
1897
1893
1893
1886
1880
1878
1883
1883
1882
1883
1876
1870
1876
1874
1874
1874
1874
1868
1860
1864
1867
1867
1868
1870
1864
1853
1859
1862
1862
1864
1866
1862
1857
1855
1859
1859
1862
1864
1861
1853
1855
1859
1859
1862
1863
1859
1854
1852
1859
1860
1864
1865
1867
1858
1856
1862
1863
1864
1869
1874
1864
1861
1865
1869
1873
1874
1880
1873
1865
1872
1877
1880
1885
1888
1882
1873
1880
1882
1889
1893
1898
1898
1886
1888
1895
1897
1904
1908
1907
1899
1900
1909
1913
1917
1921
1922
1914
1910
1921
1925
1932
1934
1938
1929
1926
1933
1941
1947
1950
1954
1946
1943
1953
1956
1963
1967
1971
1958
1957
1971
1983
1990
1998
2005
2007
1997
2001
2014
2020
2030
2037
2040
2034
2033
2045
2052
2062
2064
2075
2065
2064
2077
2085
2094
2100
2110
2101
2094
2108
2117
2126
2133
2144
2136
2125
2139
2149
2154
2166
2175
2168
2157
2171
2181
2189
2195
2206
2201
2190
2202
2214
2220
2231
2237
2233
2223
2231
2240
2250
2261
2271
2266
2255
2262
2274
2278
2292
2298
2298
2287
2291
2306
2312
2323
2329
2334
2322
2320
2337
2344
2356
2360
2368
2356
2354
2365
2376
2386
2392
2402
2390
2384
2399
2408
2417
2425
2434
2423
2415
2427
2443
2447
2457
2466
2459
2448
2459
2472
2479
2489
2497
2494
2484
2490
2504
2510
2519
2525
2525
2513
2524
2534
2541
2552
2559
2556
2544
2552
2566
2573
2583
2592
2591
2575
2582
2596
2601
2614
2622
2619
2605
2614
2628
2634
2644
2653
2653
2640
2645
2660
2666
2680
2685
2687
2674
2676
2688
2698
2710
2718
2718
2705
2705
2720
2728
2739
2744
2745
2733
2735
2749
2759
2767
2773
2773
2759
2763
2778
2785
2795
2802
2800
2786
2790
2806
2811
2822
2829
2827
2812
2817
2834
2838
2847
2855
2849
2832
2844
2858
2863
2873
2880
2874
2858
2867
2882
2888
2898
2907
2901
2886
2899
2909
2917
2926
2933
2927
2914
2926
2937
2944
2953
2961
2953
2939
2949
2963
2969
2979
2988
2980
2965
2976
2988
2993
2999
3009
2998
2987
2997
3010
3018
3026
3035
3024
3009
3023
3034
3040
3048
3059
3043
3031
3046
3056
3062
3070
3080
3064
3052
3067
3076
3083
3092
3102
3085
3075
3091
3098
3106
3115
3120
3104
3094
3107
3118
3127
3135
3139
3124
3115
3128
3138
3147
3152
3158
3142
3135
3150
3161
3168
3171
3176
3160
3151
3169
3178
3186
3190
3195
3179
3172
3188
3194
3204
3208
3212
3196
3192
3211
3213
3223
3227
3229
3214
3211
3227
3230
3240
3244
3245
3230
3227
3241
3247
3256
3261
3262
3248
3244
3258
3263
3273
3273
3277
3262
3259
3272
3276
3285
3287
3287
3271
3272
3284
3289
3299
3303
3300
3283
3285
3298
3300
3311
3317
3311
3293
3298
3310
3311
3321
3327
3320
3303
3309
3319
3324
3333
3337
3328
3312
3318
3325
3334
3343
3347
3336
3320
3328
3338
3343
3350
3356
3346
3330
3338
3349
3355
3360
3366
3355
3336
3347
3358
3361
3367
3374
3361
3342
3355
3365
3369
3375
3383
3370
3351
3350
3345
3338
3332
3326
3310
3297
3294
3293
3284
3279
3274
3260
3245
3242
3240
3234
3229
3224
3212
3199
3193
3191
3186
3181
3174
3164
3152
3149
3146
3142
3136
3130
3119
3106
3105
3102
3098
3093
3090
3079
3064
3063
3060
3054
3052
3049
3037
3024
3023
3019
3015
3011
3007
2993
2983
2983
2980
2977
2975
2968
2955
2946
2945
2939
2940
2937
2932
2919
2910
2911
2904
2906
2900
2896
2883
2876
2877
2874
2875
2867
2863
2850
2842
2844
2840
2840
2835
2831
2818
2811
2809
2809
2808
2803
2798
2785
2781
2784
2780
2778
2775
2769
2755
2753
2754
2754
2750
2747
2740
2728
2725
2726
2723
2724
2720
2714
2702
2700
2700
2696
2696
2693
2685
2676
2674
2679
2672
2672
2670
2663
2652
2650
2651
2648
2648
2647
2639
2631
2627
2627
2625
2625
2622
2617
2606
2605
2606
2603
2603
2600
2594
2583
2582
2585
2582
2582
2583
2574
2562
2564
2564
2559
2561
2562
2555
2541
2543
2544
2543
2540
2543
2533
2522
2525
2526
2524
2525
2524
2513
2503
2506
2505
2507
2507
2508
2497
2487
2490
2489
2491
2489
2490
2480
2469
2474
2475
2478
2474
2474
2463
2452
2459
2461
2464
2464
2466
2455
2446
2448
2454
2454
2454
2458
2446
2437
2443
2446
2445
2446
2448
2435
2429
2434
2436
2437
2437
2440
2428
2419
2425
2427
2428
2428
2430
2418
2413
2418
2419
2421
2420
2419
2410
2404
2409
2411
2413
2412
2413
2399
2396
2401
2403
2405
2405
2405
2396
2389
2394
2395
2398
2395
2396
2386
2385
2387
2388
2391
2390
2390
2379
2376
2381
2381
2384
2384
2387
2372
2370
2375
2373
2379
2378
2378
2366
2364
2370
2370
2371
2374
2371
2360
2359
2365
2365
2370
2370
2365
2355
2355
2357
2360
2364
2366
2360
2349
2351
2357
2353
2359
2361
2354
2344
2345
2351
2353
2355
2357
2350
2338
2338
2347
2348
2352
2353
2346
2335
2338
2342
2344
2347
2351
2343
2331
2336
2344
2341
2344
2347
2336
2328
2334
2338
2340
2342
2345
2336
2323
2331
2337
2338
2340
2344
2332
2325
2330
2334
2336
2338
2338
2331
2323
2331
2332
2336
2337
2340
2326
2321
2329
2332
2334
2336
2340
2332
2321
2328
2331
2332
2335
2338
2327
2324
2328
2330
2335
2335
2337
2327
2321
2327
2331
2336
2337
2340
2328
2322
2328
2330
2336
2338
2341
2329
2322
2338
2350
2359
2370
2381
2370
2363
2380
2391
2403
2408
2420
2406
2401
2417
2428
2439
2449
2454
2443
2439
2453
2463
2474
2480
2487
2475
2474
2489
2500
2507
2514
2519
2506
2507
2522
2530
2540
2546
2550
2537
2537
2553
2558
2571
2577
2579
2568
2569
2586
2589
2599
2606
2606
2595
2597
2613
2617
2627
2633
2634
2620
2624
2638
2643
2655
2660
2658
2648
2650
2662
2668
2678
2680
2683
2671
2678
2687
2691
2702
2707
2704
2691
2697
2709
2713
2723
2730
2729
2713
2718
2729
2734
2742
2749
2746
2733
2738
2749
2754
2761
2768
2764
2750
2757
2768
2773
2781
2790
2781
2767
2775
2784
2790
2798
2806
2797
2783
2791
2802
2804
2813
2821
2812
2798
2807
2818
2823
2829
2835
2826
2813
2819
2831
2837
2846
2850
2836
2824
2835
2845
2850
2856
2864
2854
2840
2849
2862
2863
2868
2875
2865
2852
2860
2872
2874
2880
2886
2877
2864
2872
2879
2884
2891
2896
2889
2876
2881
2891
2894
2900
2903
2898
2885
2893
2900
2903
2909
2913
2909
2895
2900
2909
2912
2918
2923
2918
2902
2907
2916
2919
2925
2931
2924
2909
2915
2924
2928
2929
2939
2929
2915
2925
2939
2947
2958
2968
2963
2947
2954
2967
2974
2985
2996
2989
2975
2980
2994
3000
3011
3017
3014
2999
3004
3018
3024
3035
3041
3043
3028
3024
3042
3049
3059
3063
3069
3052
3047
3063
3068
3079
3083
3086
3070
3069
3084
3087
3098
3101
3104
3085
3085
3100
3105
3114
3118
3123
3105
3101
3115
3121
3130
3133
3138
3123
3119
3128
3135
3143
3145
3156
3140
3131
3140
3148
3154
3159
3167
3153
3138
3150
3159
3164
3170
3179
3162
3148
3161
3167
3170
3177
3188
3171
3157
3168
3175
3181
3186
3193
3177
3164
3175
3181
3187
3190
3197
3182
3168
3176
3186
3192
3194
3201
3185
3173
3182
3189
3194
3196
3200
3184
3175
3185
3193
3196
3198
3205
3188
3177
3187
3196
3197
3201
3205
3191
3176
3187
3193
3196
3200
3206
3193
3180
3185
3192
3196
3198
3199
3190
3176
3184
3189
3192
3194
3198
3187
3171
3179
3185
3187
3193
3196
3185
3170
3175
3180
3179
3186
3190
3179
3162
3168
3174
3173
3180
3183
3174
3158
3160
3167
3169
3176
3174
3168
3153
3149
3160
3160
3164
3164
3160
3145
3140
3150
3150
3154
3154
3150
3135
3131
3142
3138
3142
3142
3136
3124
3115
3112
3107
3102
3096
3089
3080
3065
3062
3058
3052
3047
3043
3034
3017
3012
3009
3001
2998
2992
2991
2983
2978
2973
2966
2963
2958
2953
2947
2942
2937
2932
2928
2920
2913
2908
2902
2897
2892
2888
2880
2874
2868
2862
2854
2851
2845
2838
2827
2815
2811
2806
2797
2791
2785
2773
2758
2756
2751
2744
2737
2730
2721
2707
2702
2697
2689
2683
2676
2666
2656
2649
2643
2634
2627
2617
2612
2602
2596
2588
2579
2572
2564
2556
2546
2537
2531
2523
2516
2509
2503
2490
2482
2475
2465
2459
2451
2445
2435
2425
2418
2410
2400
2394
2387
2380
2369
2362
2355
2347
2339
2331
2322
2313
2302
2298
2290
2283
2275
2266
2258
2250
2239
2235
2227
2219
2212
2203
2197
2192
2181
2174
2165
2156
2150
2143
2137
2128
2121
2113
2105
2096
2091
2084
2077
2069
2062
2055
2049
2040
2033
2026
2019
2009
2005
1998
1991
1988
1978
1971
1964
1956
1951
1944
1938
1932
1925
1918
1914
1905
1899
1893
1885
1879
1874
1868
1863
1855
1850
1844
1838
1829
1827
1820
1814
1809
1804
1800
1793
1787
1781
1775
1767
1765
1761
1757
1751
1745
1742
1744
1742
1746
1745
1746
1738
1735
1738
1740
1739
1739
1738
1731
1728
1731
1732
1735
1733
1733
1726
1723
1725
1727
1729
1730
1731
1724
1721
1725
1726
1728
1728
1727
1723
1719
1725
1727
1730
1729
1732
1723
1721
1726
1729
1733
1734
1739
1734
1725
1731
1735
1736
1741
1746
1741
1735
1738
1743
1746
1749
1753
1750
1743
1746
1753
1756
1764
1764
1763
1755
1758
1762
1768
1775
1778
1778
1769
1771
1779
1780
1789
1792
1794
1786
1786
1795
1801
1805
1808
1813
1804
1802
1811
1816
1825
1827
1833
1825
1820
1828
1835
1841
1845
1853
1845
1840
1849
1855
1862
1866
1870
1868
1861
1868
1877
1881
1889
1894
1890
1883
1890
1898
1902
1912
1917
1920
1908
1911
1921
1924
1935
1940
1943
1937
1934
1944
1950
1958
1963
1970
1961
1957
1968
1975
1985
1989
1996
1989
1980
1989
2001
2008
2016
2022
2018
2009
2017
2024
2033
2041
2047
2046
2036
2042
2057
2058
2068
2073
2075
2067
2067
2080
2088
2094
2099
2106
2096
2093
2107
2113
2122
2127
2137
2128
2120
2133
2141
2149
2153
2165
2157
2149
2160
2169
2177
2184
2191
2188
2177
2187
2198
2204
2213
2223
2219
2209
2212
2220
2226
2235
2239
2241
2231
2231
2242
2245
2256
2260
2267
2256
2253
2265
2274
2280
2285
2293
2282
2274
2288
2297
2308
2311
2319
2328
2337
2346
2354
2362
2370
2378
2387
2397
2407
2412
2421
2429
2431
2442
2452
2462
2468
2477
2485
2495
2500
2512
2520
2529
2536
2544
2549
2537
2533
2547
2555
2565
2567
2580
2567
2562
2574
2584
2592
2599
2610
2598
2588
2603
2614
2622
2631
2644
2631
2618
2632
2643
2652
2661
2672
2664
2652
2662
2676
2680
2694
2702
2700
2687
2694
2710
2716
2727
2733
2736
2721
2725
2741
2749
2759
2766
2772
2758
2753
2773
2781
2793
2799
2809
2795
2791
2806
2816
2827
2833
2847
2832
2824
2838
2851
2860
2869
2881
2872
2858
2871
2886
2895
2905
2917
2910
2896
2906
2920
2927
2941
2950
2949
2933
2939
2955
2961
2975
2982
2986
2972
2971
2988
2998
3010
3015
3023
3008
3000
3021
3032
3043
3049
3062
3046
3034
3053
3064
3076
3084
3096
3086
3070
3088
3098
3106
3116
3124
3119
3104
3116
3129
3137
3148
3156
3157
3141
3147
3162
3168
3181
3189
3196
3176
3175
3192
3198
3215
3220
3232
3212
3203
3214
3218
3226
3231
3239
3223
3208
3221
3229
3237
3242
3250
3236
3220
3230
3240
3247
3251
3257
3249
3233
3239
3250
3254
3261
3268
3273
3281
3287
3297
3302
3310
3316
3318
3328
3338
3343
3350
3357
3363
3370
3371
3377
3385
3392
3397
3403
3410
3417
3422
3430
3434
3441
3448
3453
3454
3436
3428
3437
3444
3452
3453
3462
3443
3431
3443
3454
3456
3460
3469
3449
3437
3450
3457
3462
3466
3472
3460
3443
3453
3463
3467
3474
3480
3473
3454
3459
3468
3472
3477
3484
3484
3464
3463
3476
3478
3488
3491
3494
3477
3470
3482
3487
3495
3499
3499
3482
3475
3485
3493
3504
3505
3513
3494
3482
3492
3501
3507
3512
3520
3504
3487
3500
3512
3513
3520
3527
3512
3496
3506
3519
3519
3526
3532
3522
3505
3511
3522
3525
3532
3538
3528
3512
3517
3528
3530
3538
3539
3539
3522
3522
3534
3536
3546
3550
3549
3532
3528
3540
3543
3551
3555
3559
3539
3532
3544
3546
3558
3563
3571
3552
3538
3550
3557
3563
3568
3576
3561
3543
3555
3565
3569
3575
3581
3570
3549
3560
3572
3574
3581
3587
3582
3563
3565
3578
3580
3590
3594
3595
3576
3574
3585
3594
3601
3605
3615
3605
3584
3596
3607
3611
3621
3628
3620
3602
3607
3621
3625
3636
3644
3639
3619
3620
3632
3638
3652
3654
3657
3637
3633
3645
3652
3663
3666
3673
3655
3644
3660
3672
3677
3682
3693
3671
3659
3677
3684
3691
3698
3707
3691
3672
3688
3700
3707
3715
3723
3711
3695
3703
3716
3721
3727
3738
3734
3712
3716
3731
3733
3746
3750
3750
3730
3729
3744
3748
3761
3763
3766
3746
3740
3751
3761
3772
3775
3782
3762
3750
3766
3774
3783
3787
3797
3776
3762
3777
3786
3793
3798
3807
3788
3773
3788
3796
3802
3809
3815
3805
3785
3794
3806
3810
3819
3826
3820
3799
3803
3815
3818
3829
3835
3833
3813
3810
3824
3826
3839
3842
3849
3827
3818
3832
3839
3851
3852
3861
3840
3825
3839
3849
3856
3861
3870
3855
3831
3847
3858
3863
3871
3877
3869
3848
3855
3866
3869
3880
3884
3878
3861
3860
3874
3876
3886
3887
3890
3870
3865
3879
3883
3893
3895
3901
3881
3869
3882
3889
3895
3901
3914
3890
3873
3887
3894
3902
3908
3915
3903
3881
3890
3901
3906
3913
3918
3911
3891
3889
3906
3908
3917
3921
3918
3895
3896
3910
3912
3922
3925
3929
3907
3903
3922
3936
3952
3958
3976
3957
3939
3961
3975
3987
3997
4011
3996
3973
3992
4010
4019
4033
4046
4033
4012
4023
4038
4050
4064
4072
4068
4045
4048
4071
4078
4093
4101
4103
4081
4079
4102
4107
4121
4126
4136
4114
4106
4125
4136
4148
4154
4170
4147
4129
4149
4162
4173
4181
4194
4178
4152
4172
4187
4196
4208
4222
4208
4184
4196
4211
4220
4233
4241
4236
4213
4218
4237
4244
4259
4265
4268
4245
4238
4262
4268
4282
4286
4296
4272
4260
4281
4292
4304
4310
4326
4302
4285
4302
4315
4325
4332
4346
4331
4304
4321
4338
4342
4357
4367
4356
4332
4341
4359
4364
4378
4390
4381
4356
4360
4377
4385
4400
4405
4408
4383
4376
4398
4404
4420
4423
4432
4406
4394
4415
4426
4437
4444
4455
4426
4414
4432
4443
4454
4461
4472
4452
4427
4447
4461
4471
4482
4491
4481
4455
4463
4480
4485
4497
4508
4503
4477
4477
4495
4501
4517
4521
4529
4502
4491
4510
4520
4532
4536
4549
4524
4499
4525
4535
4544
4553
4563
4545
4519
4535
4550
4555
4566
4574
4562
4538
4545
4562
4568
4580
4585
4587
4557
4557
4576
4578
4595
4598
4602
4576
4563
4574
4579
4585
4587
4597
4570
4548
4556
4570
4571
4575
4581
4558
4534
4546
4555
4559
4564
4571
4552
4528
4536
4546
4548
4554
4555
4550
4521
4525
4537
4538
4547
4552
4544
4519
4517
4530
4532
4540
4544
4542
4517
4509
4522
4525
4539
4537
4540
4516
4501
4516
4522
4529
4531
4539
4513
4496
4511
4520
4525
4528
4538
4513
4492
4506
4514
4519
4525
4529
4514
4490
4500
4511
4514
4523
4528
4519
4493
4495
4508
4509
4515
4524
4516
4490
4489
4502
4504
4514
4517
4516
4491
4483
4496
4501
4513
4511
4514
4490
4477
4492
4497
4505
4508
4516
4490
4472
4486
4494
4501
4505
4513
4491
4469
4482
4491
4495
4499
4509
4492
4466
4475
4486
4489
4497
4503
4508
4514
4521
4530
4539
4546
4552
4557
4563
4570
4579
4584
4591
4596
4601
4597
4607
4614
4619
4623
4628
4635
4641
4647
4651
4655
4658
4661
4667
4664
4637
4625
4635
4635
4646
4644
4647
4621
4606
4617
4620
4627
4626
4632
4639
4645
4648
4659
4662
4666
4669
4671
4679
4682
4688
4691
4694
4691
4695
4701
4707
4708
4712
4715
4716
4724
4726
4727
4731
4729
4734
4720
4694
4693
4701
4699
4706
4706
4697
4669
4663
4675
4690
4691
4699
4699
4704
4677
4661
4674
4679
4685
4687
4696
4671
4649
4660
4668
4672
4675
4683
4663
4637
4647
4656
4659
4666
4670
4657
4631
4634
4645
4646
4657
4657
4652
4625
4619
4637
4636
4645
4646
4645
4619
4611
4624
4626
4636
4636
4643
4616
4600
4613
4618
4625
4624
4641
4611
4589
4602
4610
4616
4620
4628
4606
4580
4594
4603
4608
4615
4619
4605
4578
4581
4598
4599
4608
4611
4602
4577
4577
4591
4592
4602
4604
4604
4579
4573
4584
4587
4598
4595
4609
4580
4564
4578
4584
4593
4596
4606
4581
4558
4573
4582
4588
4597
4602
4584
4557
4565
4583
4584
4592
4598
4586
4561
4564
4578
4580
4591
4595
4590
4564
4564
4577
4579
4590
4592
4594
4566
4560
4576
4578
4588
4592
4597
4570
4559
4574
4580
4590
4594
4602
4576
4558
4573
4582
4591
4595
4606
4582
4554
4574
4585
4591
4599
4607
4591
4565
4577
4588
4592
4601
4607
4597
4570
4575
4589
4593
4602
4609
4604
4579
4577
4592
4596
4608
4614
4614
4587
4578
4593
4602
4613
4614
4621
4593
4580
4599
4606
4616
4620
4633
4606
4585
4604
4612
4620
4626
4636
4614
4587
4597
4606
4608
4611
4617
4604
4577
4582
4593
4594
4603
4608
4595
4569
4569
4580
4582
4591
4593
4590
4563
4557
4572
4574
4585
4585
4588
4562
4549
4566
4569
4577
4579
4586
4561
4543
4557
4565
4571
4575
4585
4563
4538
4553
4563
4568
4574
4584
4564
4537
4549
4561
4566
4574
4580
4570
4543
4548
4563
4566
4578
4583
4579
4553
4551
4570
4570
4582
4586
4587
4565
4553
4569
4576
4586
4590
4601
4574
4556
4572
4583
4592
4598
4613
4585
4562
4579
4587
4602
4607
4617
4599
4571
4586
4601
4606
4616
4625
4614
4588
4594
4613
4614
4627
4634
4625
4605
4604
4621
4625
4639
4644
4648
4621
4613
4632
4637
4653
4657
4664
4637
4625
4643
4653
4667
4672
4686
4659
4634
4657
4668
4678
4686
4698
4678
4651
4668
4682
4689
4699
4709
4693
4673
4677
4695
4699
4710
4719
4713
4687
4687
4706
4711
4725
4729
4735
4706
4697
4715
4718
4739
4738
4747
4719
4702
4724
4732
4743
4749
4762
4736
4712
4731
4743
4751
4759
4768
4753
4726
4736
4752
4757
4767
4776
4768
4741
4743
4761
4763
4778
4783
4783
4755
4747
4765
4772
4786
4787
4796
4767
4743
4735
4722
4710
4695
4686
4660
4635
4632
4618
4606
4594
4581
4563
4537
4532
4522
4511
4502
4492
4473
4450
4442
4436
4424
4418
4411
4391
4369
4359
4352
4346
4338
4330
4316
4292
4284
4281
4271
4266
4257
4246
4225
4214
4211
4202
4198
4187
4182
4164
4147
4146
4139
4132
4127
4121
4101
4084
4084
4079
4075
4071
4065
4046
4026
4024
4025
4019
4014
4010
3994
3974
3973
3972
3965
3962
3958
3942
3924
3922
3922
3916
3912
3905
3897
3878
3875
3875
3869
3865
3863
3853
3835
3830
3831
3825
3825
3824
3814
3796
3787
3786
3785
3786
3779
3775
3757
3744
3750
3746
3746
3742
3737
3719
3710
3717
3710
3709
3706
3701
3687
3677
3678
3677
3676
3670
3673
3655
3641
3646
3645
3644
3643
3646
3628
3610
3614
3613
3615
3615
3614
3601
3584
3585
3589
3586
3586
3588
3576
3559
3561
3569
3563
3564
3564
3549
3537
3538
3542
3539
3542
3542
3534
3517
3517
3522
3521
3525
3525
3520
3500
3499
3506
3503
3509
3511
3505
3486
3485
3493
3491
3497
3497
3497
3479
3473
3482
3484
3489
3488
3492
3474
3464
3474
3480
3481
3483
3486
3467
3459
3469
3474
3479
3481
3489
3473
3459
3463
3468
3469
3471
3477
3468
3449
3453
3461
3462
3467
3471
3475
3480
3486
3490
3496
3501
3504
3510
3517
3519
3526
3532
3536
3537
3544
3549
3554
3559
3567
3571
3575
3581
3589
3595
3599
3603
3604
3584
3576
3589
3595
3600
3601
3606
3585
3578
3590
3595
3603
3604
3611
3593
3584
3594
3600
3607
3610
3620
3603
3587
3600
3608
3614
3620
3629
3609
3595
3609
3617
3624
3631
3639
3624
3606
3618
3628
3635
3642
3650
3639
3621
3627
3641
3646
3654
3662
3651
3632
3643
3653
3658
3667
3672
3668
3651
3653
3667
3671
3682
3684
3683
3664
3666
3681
3684
3696
3702
3700
3680
3680
3694
3698
3710
3715
3711
3692
3694
3708
3713
3725
3730
3731
3711
3708
3724
3730
3740
3744
3750
3727
3724
3741
3745
3756
3760
3767
3750
3738
3754
3763
3772
3777
3786
3770
3753
3769
3779
3785
3794
3808
3785
3769
3785
3794
3803
3811
3821
3804
3785
3801
3813
3822
3828
3837
3822
3801
3817
3831
3836
3844
3854
3859
3868
3879
3889
3899
3908
3916
3926
3935
3944
3953
3959
3968
3973
3985
3990
3999
4006
4016
4024
4034
4040
4047
4056
4066
4073
4080
4090
4064
4050
4077
4094
4114
4098
4076
4102
4123
4134
4154
4171
4158
4137
4156
4178
4191
4210
4222
4212
4189
4202
4228
4239
4256
4267
4263
4237
4250
4272
4282
4300
4311
4307
4283
4293
4314
4321
4340
4348
4351
4328
4327
4350
4359
4374
4386
4390
4366
4361
4383
4393
4409
4418
4423
4398
4389
4407
4420
4435
4441
4453
4426
4411
4432
4443
4454
4461
4475
4451
4429
4451
4461
4470
4477
4487
4492
4503
4514
4525
4534
4539
4550
4559
4566
4576
4584
4592
4600
4607
4612
4613
4619
4626
4636
4640
4645
4650
4656
4661
4666
4669
4672
4678
4681
4672
4644
4644
4651
4649
4655
4650
4649
4621
4614
4624
4621
4628
4626
4621
4595
4585
4593
4592
4596
4593
4589
4563
4551
4556
4560
4559
4556
4555
4526
4514
4521
4519
4521
4517
4514
4489
4476
4480
4478
4478
4472
4472
4451
4430
4435
4433
4431
4427
4427
4403
4384
4388
4386
4384
4381
4379
4356
4335
4338
4337
4337
4330
4328
4308
4285
4287
4286
4280
4277
4273
4256
4234
4235
4233
4226
4223
4218
4204
4185
4179
4179
4172
4169
4164
4153
4131
4125
4126
4119
4118
4113
4103
4082
4074
4079
4076
4082
4076
4077
4055
4041
4047
4048
4049
4047
4048
4027
4011
4018
4021
4019
4019
4021
3998
3983
3990
3993
3993
3992
3991
3977
3957
3964
3967
3967
3968
3971
3958
3935
3940
3945
3941
3947
3951
3936
3916
3918
3921
3922
3926
3927
3916
3896
3897
3904
3905
3907
3907
3900
3878
3878
3889
3885
3890
3888
3880
3863
3859
3868
3867
3873
3872
3869
3852
3843
3851
3851
3854
3857
3858
3835
3828
3837
3835
3844
3843
3846
3826
3815
3825
3827
3834
3832
3834
3814
3799
3813
3817
3821
3821
3828
3805
3793
3803
3808
3812
3815
3821
3802
3786
3795
3801
3804
3804
3814
3797
3776
3788
3795
3796
3803
3810
3795
3775
3784
3793
3795
3804
3805
3796
3776
3777
3791
3793
3800
3805
3797
3773
3779
3790
3792
3800
3804
3798
3780
3783
3791
3792
3802
3803
3805
3787
3779
3792
3795
3804
3806
3810
3789
3781
3793
3798
3807
3810
3815
3794
3783
3794
3802
3811
3812
3821
3823
3831
3839
3845
3852
3858
3867
3874
3880
3886
3891
3899
3904
3909
3909
3918
3927
3931
3938
3942
3945
3955
3959
3966
3972
3976
3981
3986
3985
3960
3956
3968
3967
3973
3952
3942
3954
3958
3965
3966
3972
3949
3938
3949
3954
3960
3964
3967
3946
3930
3938
3948
3952
3953
3961
3940
3922
3932
3938
3941
3943
3949
3930
3912
3920
3926
3928
3929
3934
3919
3895
3905
3910
3910
3914
3917
3902
3881
3886
3892
3892
3895
3896
3884
3863
3865
3869
3871
3872
3874
3862
3842
3842
3849
3847
3849
3848
3840
3820
3820
3824
3821
3823
3821
3815
3797
3791
3797
3794
3796
3795
3789
3769
3764
3769
3766
3768
3768
3761
3742
3735
3738
3736
3739
3735
3734
3716
3704
3707
3708
3707
3704
3703
3684
3671
3678
3675
3673
3670
3668
3651
3639
3640
3639
3637
3633
3634
3616
3600
3603
3602
3599
3596
3597
3578
3561
3564
3561
3559
3556
3552
3537
3520
3521
3518
3515
3511
3507
3495
3477
3476
3476
3469
3465
3461
3448
3433
3431
3428
3422
3419
3413
3401
3388
3383
3381
3374
3371
3366
3358
3341
3335
3334
3326
3323
3318
3312
3294
3287
3285
3275
3275
3269
3263
3248
3240
3238
3232
3228
3221
3216
3201
3190
3190
3187
3181
3175
3169
3156
3146
3144
3138
3134
3128
3124
3111
3104
3098
3093
3089
3079
3079
3066
3054
3057
3056
3055
3050
3051
3040
3026
3028
3028
3026
3027
3023
3012
2999
2997
3000
2997
2999
2995
2986
2972
2969
2972
2968
2968
2966
2958
2945
2944
2944
2941
2940
2937
2932
2919
2918
2918
2915
2914
2911
2907
2894
2889
2892
2889
2890
2889
2884
2872
2866
2868
2867
2869
2869
2864
2851
2846
2847
2847
2849
2847
2846
2833
2827
2833
2831
2834
2832
2833
2819
2812
2819
2819
2822
2820
2822
2809
2801
2807
2809
2811
2812
2816
2806
2792
2799
2803
2802
2807
2812
2801
2788
2795
2799
2799
2805
2809
2798
2785
2793
2799
2806
2806
2810
2801
2787
2794
2802
2807
2809
2813
2807
2791
2797
2805
2808
2815
2818
2814
2803
2804
2814
2815
2822
2826
2825
2814
2812
2823
2826
2833
2838
2838
2824
2822
2834
2837
2845
2849
2851
2838
2834
2844
2851
2861
2863
2868
2853
2848
2859
2865
2874
2877
2884
2870
2862
2875
2881
2889
2892
2896
2886
2878
2889
2897
2903
2908
2916
2903
2892
2905
2913
2919
2925
2937
2924
2909
2918
2927
2935
2942
2953
2941
2925
2935
2944
2951
2958
2965
2958
2944
2951
2962
2966
2975
2981
2975
2957
2966
2978
2981
2990
2995
2992
2977
2974
2979
2978
2981
2980
2976
2964
2957
2962
2960
2960
2962
2961
2945
2939
2944
2942
2943
2942
2941
2927
2919
2922
2922
2927
2920
2920
2906
2895
2900
2900
2900
2896
2897
2883
2869
2874
2874
2872
2870
2869
2857
2846
2845
2844
2843
2839
2838
2829
2818
2814
2813
2809
2806
2804
2796
2784
2779
2780
2775
2774
2768
2763
2751
2745
2741
2741
2739
2732
2726
2715
2707
2707
2701
2699
2693
2688
2678
2671
2668
2663
2660
2653
2647
2637
2631
2629
2622
2618
2612
2606
2596
2588
2586
2581
2576
2570
2567
2554
2546
2541
2536
2531
2526
2520
2510
2500
2497
2490
2486
2479
2475
2465
2457
2453
2447
2441
2434
2428
2419
2411
2406
2401
2394
2388
2382
2370
2364
2360
2354
2347
2341
2335
2327
2318
2312
2307
2297
2293
2288
2282
2272
2266
2259
2252
2248
2241
2234
2226
2219
2214
2209
2201
2194
2187
2179
2173
2167
2161
2158
2148
2142
2134
2125
2122
2116
2109
2102
2096
2090
2085
2077
2070
2065
2054
2052
2044
2039
2032
2026
2020
2013
2006
2001
1994
1989
1982
1976
1971
1964
1957
1950
1945
1936
1933
1926
1922
1914
1907
1902
1896
1890
1884
1878
1872
1866
1865
1866
1860
1856
1854
1847
1841
1840
1839
1839
1832
1830
1824
1815
1816
1814
1811
1809
1807
1803
1795
1793
1792
1788
1786
1785
1779
1776
1771
1769
1767
1764
1763
1758
1752
1750
1749
1746
1747
1740
1738
1732
1727
1728
1726
1724
1723
1718
1712
1709
1707
1705
1704
1700
1698
1692
1689
1691
1686
1684
1680
1676
1673
1669
1668
1666
1664
1662
1659
1652
1649
1648
1647
1645
1642
1643
1635
1630
1629
1627
1624
1623
1622
1617
1610
1610
1608
1606
1601
1602
1598
1591
1591
1590
1590
1586
1583
1579
1572
1571
1569
1567
1568
1564
1560
1555
1552
1551
1549
1547
1545
1542
1536
1536
1532
1530
1529
1523
1524
1518
1515
1514
1511
1508
1507
1503
1500
1496
1495
1494
1491
1492
1487
1482
1477
1474
1475
1473
1471
1472
1465
1459
1458
1455
1454
1453
1451
1447
1442
1442
1440
1436
1436
1432
1429
1425
1424
1423
1420
1418
1416
1410
1407
1406
1405
1402
1401
1399
1397
1391
1389
1387
1382
1384
1383
1379
1377
1370
1371
1369
1365
1365
1362
1357
1354
1354
1354
1350
1348
1346
1339
1338
1337
1336
1335
1330
1329
1325
1321
1320
1318
1317
1314
1312
1308
1304
1303
1302
1300
1296
1298
1294
1289
1292
1288
1286
1286
1282
1280
1276
1276
1277
1272
1273
1272
1269
1264
1262
1262
1262
1261
1260
1260
1252
1250
1251
1247
1249
1247
1246
1241
1240
1242
1238
1236
1237
1234
1227
1228
1229
1228
1229
1225
1225
1220
1213
1217
1216
1216
1214
1214
1213
1206
1206
1205
1203
1203
1203
1198
1196
1195
1194
1193
1192
1191
1188
1184
1183
1183
1184
1181
1180
1178
1172
1173
1172
1171
1171
1169
1166
1162
1161
1158
1159
1158
1157
1156
1152
1151
1149
1148
1147
1143
1144
1140
1139
1141
1136
1136
1135
1131
1128
1126
1127
1125
1125
1125
1121
1116
1115
1113
1113
1112
1110
1109
1105
1102
1102
1100
1096
1096
1097
1092
1089
1089
1091
1086
1084
1082
1076
1075
1075
1073
1074
1070
1068
1065
1060
1060
1059
1057
1055
1053
1053
1047
1046
1044
1041
1040
1038
1036
1033
1030
1029
1026
1025
1020
1020
1017
1015
1014
1011
1012
1006
1004
1001
996
996
994
993
992
987
984
982
979
978
975
973
971
967
967
963
960
958
954
953
950
948
946
945
941
939
936
930
930
929
926
924
922
922
917
914
912
906
907
905
903
902
898
895
893
890
888
886
883
881
879
879
874
872
869
865
864
862
860
858
859
854
850
848
844
843
841
839
837
835
835
830
828
825
820
821
819
817
815
813
809
808
806
800
801
799
797
795
793
791
788
786
783
777
780
777
776
774
771
769
767
765
759
761
759
757
755
755
751
749
747
743
742
740
739
737
738
732
732
728
724
726
722
722
719
718
718
714
712
710
705
706
705
703
702
699
697
695
694
690
691
689
687
686
686
683
681
679
676
675
674
672
671
671
667
665
663
661
660
660
657
656
654
655
651
649
648
645
645
643
642
641
642
638
636
635
631
632
630
629
627
627
625
624
621
620
616
618
617
616
615
612
612
610
609
605
607
605
603
602
602
600
600
598
597
591
594
593
593
592
590
590
587
586
585
584
584
583
582
582
579
578
577
576
575
574
573
571
573
572
570
569
567
566
564
563
560
559
559
555
554
553
550
550
547
546
543
544
542
539
538
536
535
533
532
531
529
530
527
524
523
521
520
519
518
515
516
513
511
510
508
507
505
504
502
502
502
498
497
496
494
493
492
490
489
489
486
484
483
481
480
479
478
476
475
477
472
471
469
468
468
466
465
464
465
461
459
459
457
456
454
453
454
451
452
449
446
444
442
444
443
441
439
439
437
435
435
434
429
431
430
429
428
428
426
424
423
421
418
419
418
417
417
415
414
413
411
407
409
409
407
406
407
403
403
400
400
398
399
398
396
395
395
394
393
391
388
390
388
387
387
388
386
385
385
382
381
382
381
380
380
379
378
377
377
374
375
375
375
373
374
372
372
372
371
368
371
370
370
369
370
369
369
367
364
367
368
367
367
370
366
366
366
366
364
368
368
366
366
369
367
368
368
368
369
367
368
370
370
372
372
371
369
369
375
376
379
381
385
379
381
384
385
388
390
391
388
391
394
395
398
400
397
399
400
404
405
409
409
411
409
408
414
415
419
420
422
420
420
424
425
425
430
433
431
431
435
437
439
441
441
442
441
445
448
452
452
455
454
451
453
459
462
465
469
466
465
467
471
472
477
479
479
478
483
484
486
490
492
493
492
493
498
502
503
506
507
504
507
511
514
518
521
524
520
522
526
526
533
536
539
536
538
542
545
550
549
555
553
554
559
564
567
570
574
570
569
576
580
585
591
592
589
589
595
599
603
607
610
609
610
614
618
623
627
629
628
628
634
641
645
649
653
648
647
657
661
667
671
676
672
672
679
684
686
694
700
697
697
703
709
714
719
724
723
720
727
734
741
745
752
751
747
753
762
767
773
780
778
775
781
788
793
801
806
808
805
812
817
823
830
835
839
836
838
848
855
860
865
871
865
867
877
883
891
896
905
899
895
890
887
880
880
876
873
871
865
862
859
856
849
848
844
842
838
836
834
830
827
823
816
817
814
810
808
806
801
798
795
790
789
786
782
780
778
777
771
768
766
761
759
757
755
752
752
747
742
740
737
735
732
730
727
725
724
720
717
714
710
707
707
704
703
700
696
694
691
689
684
686
682
680
678
676
673
671
668
665
662
662
660
658
657
653
651
650
647
646
644
643
641
639
639
636
635
633
631
631
630
628
628
630
626
624
624
622
622
622
621
621
620
622
620
619
620
618
619
619
620
617
618
617
617
618
616
619
617
614
616
618
622
620
621
618
615
618
620
622
624
628
627
629
630
632
636
638
640
643
645
650
650
653
655
657
661
664
666
670
675
676
679
683
684
690
693
697
700
705
707
709
705
706
708
715
719
722
727
723
722
728
732
733
740
745
743
739
747
752
756
760
765
760
761
766
772
777
781
786
786
782
790
802
809
819
827
833
827
832
844
851
861
869
874
869
877
885
892
902
908
915
911
913
925
932
943
948
955
951
950
962
971
980
986
997
990
989
1000
1008
1018
1025
1033
1030
1026
1040
1047
1054
1062
1070
1068
1063
1074
1085
1095
1100
1109
1107
1101
1111
1122
1129
1139
1146
1147
1141
1149
1160
1167
1174
1184
1184
1178
1187
1198
1205
1213
1222
1219
1216
1224
1235
1243
1253
1263
1263
1257
1261
1273
1281
1291
1298
1302
1298
1300
1313
1319
1327
1337
1342
1335
1338
1351
1360
1368
1375
1383
1375
1375
1389
1398
1408
1415
1423
1415
1414
1426
1437
1447
1453
1462
1454
1454
1465
1476
1485
1492
1498
1494
1490
1504
1514
1524
1531
1542
1532
1529
1544
1555
1563
1572
1584
1575
1568
1582
1591
1601
1610
1620
1616
1607
1620
1632
1640
1650
1660
1656
1648
1660
1673
1683
1690
1700
1699
1691
1698
1713
1720
1733
1739
1742
1733
1738
1751
1760
1773
1780
1786
1777
1782
1794
1803
1815
1821
1828
1819
1821
1839
1845
1858
1865
1872
1861
1863
1879
1889
1901
1908
1918
1907
1906
1922
1932
1941
1954
1965
1956
1946
1971
1990
2006
2019
2037
2029
2019
2043
2061
2077
2091
2107
2102
2092
2108
2132
2145
2164
2176
2176
2165
2179
2201
2215
2231
2246
2248
2236
2250
2273
2284
2304
2316
2321
2310
2320
2345
2355
2375
2387
2392
2381
2389
2413
2426
2445
2457
2469
2455
2457
2482
2496
2512
2526
2540
2528
2526
2551
2565
2582
2595
2610
2595
2593
2618
2633
2653
2663
2679
2664
2658
2684
2700
2718
2730
2748
2733
2724
2748
2766
2782
2796
2813
2801
2787
2815
2830
2845
2858
2874
2864
2850
2877
2892
2906
2921
2934
2930
2915
2933
2953
2965
2981
2996
2994
2975
2990
3011
3019
3039
3053
3049
3034
3047
3067
3075
3095
3107
3109
3092
3100
3123
3134
3150
3160
3164
3147
3148
3173
3186
3201
3210
3220
3202
3199
3222
3235
3251
3259
3272
3255
3251
3270
3283
3298
3306
3323
3307
3292
3314
3330
3341
3350
3367
3354
3336
3355
3373
3382
3396
3407
3400
3381
3395
3409
3422
3438
3446
3442
3424
3431
3452
3459
3472
3483
3478
3459
3468
3489
3494
3508
3517
3527
3537
3551
3561
3573
3583
3595
3603
3615
3626
3638
3646
3658
3667
3677
3687
3694
3695
3675
3668
3677
3685
3692
3698
3706
3713
3716
3723
3730
3735
3742
3748
3752
3757
3764
3761
3741
3734
3743
3748
3754
3754
3757
3737
3728
3737
3743
3750
3752
3758
3738
3725
3735
3743
3745
3748
3755
3733
3718
3731
3735
3740
3744
3748
3734
3716
3723
3731
3733
3737
3742
3732
3715
3716
3725
3726
3730
3736
3732
3710
3710
3720
3719
3728
3729
3726
3707
3703
3714
3715
3724
3723
3722
3703
3697
3706
3710
3717
3718
3718
3698
3691
3702
3705
3711
3712
3712
3693
3687
3696
3698
3706
3705
3707
3689
3680
3690
3693
3698
3697
3704
3686
3673
3683
3688
3693
3694
3703
3681
3666
3677
3681
3687
3692
3697
3678
3661
3671
3678
3681
3685
3691
3676
3657
3665
3674
3677
3682
3685
3675
3653
3660
3671
3670
3676
3681
3672
3653
3655
3666
3666
3676
3676
3673
3655
3652
3663
3663
3671
3673
3674
3653
3649
3659
3661
3666
3671
3671
3652
3646
3657
3659
3668
3670
3672
3653
3643
3651
3659
3668
3667
3671
3650
3640
3653
3657
3664
3665
3668
3649
3640
3652
3655
3662
3664
3669
3651
3639
3650
3655
3661
3663
3671
3653
3636
3647
3654
3658
3662
3670
3652
3633
3642
3648
3647
3656
3662
3646
3628
3634
3639
3642
3646
3650
3639
3620
3624
3631
3634
3635
3637
3642
3642
3649
3654
3655
3659
3663
3663
3669
3672
3674
3676
3677
3680
3679
3684
3683
3684
3686
3687
3690
3693
3692
3693
3694
3694
3695
3696
3683
3663
3665
3668
3666
3669
3665
3655
3636
3632
3638
3636
3635
3633
3624
3606
3602
3606
3602
3604
3600
3596
3577
3573
3573
3571
3572
3567
3566
3550
3538
3542
3540
3540
3536
3536
3518
3505
3508
3509
3507
3504
3503
3486
3472
3475
3471
3473
3474
3470
3455
3439
3439
3441
3439
3436
3435
3423
3406
3407
3408
3403
3402
3400
3385
3373
3376
3373
3370
3368
3365
3357
3341
3337
3339
3334
3334
3331
3326
3310
3303
3305
3300
3297
3295
3296
3278
3268
3270
3266
3266
3261
3260
3245
3233
3236
3234
3232
3227
3227
3211
3195
3201
3202
3197
3194
3192
3177
3166
3166
3166
3163
3160
3158
3148
3133
3132
3132
3128
3127
3124
3119
3102
3098
3099
3093
3094
3090
3084
3070
3065
3065
3062
3062
3056
3052
3038
3026
3032
3029
3027
3023
3021
3006
2997
2999
2997
2995
2991
2990
2976
2967
2978
2987
2994
2999
3009
2998
2986
2995
3005
3010
3015
3024
3015
3000
3009
3019
3023
3032
3036
3033
3017
3019
3029
3035
3045
3048
3044
3030
3030
3043
3045
3053
3057
3058
3041
3041
3052
3054
3062
3063
3061
3050
3049
3058
3061
3069
3070
3077
3062
3053
3063
3069
3075
3078
3086
3067
3059
3068
3070
3080
3083
3089
3073
3062
3072
3076
3083
3088
3094
3083
3067
3077
3086
3087
3092
3098
3087
3073
3079
3091
3090
3096
3099
3092
3078
3081
3089
3090
3098
3101
3097
3081
3081
3091
3091
3098
3100
3102
3085
3083
3092
3092
3102
3103
3106
3089
3085
3094
3099
3105
3105
3111
3095
3085
3095
3103
3105
3107
3114
3096
3087
3097
3102
3106
3110
3116
3103
3089
3098
3104
3108
3111
3118
3108
3089
3099
3106
3109
3115
3120
3108
3093
3101
3109
3112
3120
3122
3111
3097
3100
3112
3116
3119
3124
3114
3097
3106
3114
3117
3122
3128
3118
3102
3111
3117
3119
3125
3127
3124
3109
3111
3120
3122
3128
3131
3127
3112
3114
3124
3125
3133
3138
3134
3119
3117
3126
3128
3137
3140
3140
3125
3119
3126
3132
3140
3142
3147
3130
3122
3134
3137
3142
3145
3149
3133
3122
3134
3137
3141
3143
3147
3134
3121
3130
3136
3139
3143
3149
3133
3119
3128
3134
3134
3142
3148
3134
3120
3126
3131
3135
3139
3143
3135
3120
3123
3131
3135
3137
3140
3135
3116
3120
3127
3129
3135
3135
3133
3115
3116
3124
3125
3131
3131
3129
3116
3112
3121
3120
3125
3127
3127
3114
3106
3114
3116
3120
3121
3123
3107
3101
3108
3111
3116
3116
3117
3102
3093
3098
3104
3111
3109
3112
3097
3086
3095
3098
3102
3101
3105
3090
3079
3087
3090
3093
3093
3094
3081
3072
3077
3081
3084
3083
3089
3074
3060
3068
3071
3073
3076
3080
3067
3052
3057
3059
3063
3065
3068
3058
3044
3045
3052
3051
3054
3056
3047
3032
3034
3043
3039
3042
3043
3034
3020
3022
3027
3026
3029
3029
3021
3010
3009
3014
3013
3016
3016
3016
2998
2994
3000
2996
3003
3002
3001
2987
2980
2986
2983
2989
2987
2988
2973
2965
2971
2974
2973
2971
2972
2957
2950
2956
2958
2958
2956
2957
2941
2934
2939
2940
2941
2940
2942
2931
2918
2923
2924
2923
2924
2927
2916
2901
2906
2908
2907
2908
2910
2898
2885
2891
2892
2893
2890
2892
2880
2867
2871
2874
2876
2874
2875
2864
2849
2849
2849
2844
2841
2838
2829
2818
2814
2814
2809
2807
2804
2797
2787
2781
2781
2777
2774
2772
2767
2754
2748
2750
2746
2746
2741
2736
2724
2718
2719
2716
2717
2711
2708
2695
2687
2690
2688
2687
2683
2680
2668
2663
2662
2660
2658
2654
2653
2641
2636
2635
2633
2633
2627
2628
2616
2609
2610
2609
2608
2608
2604
2594
2583
2582
2585
2584
2585
2582
2571
2560
2560
2563
2561
2561
2559
2549
2539
2544
2541
2539
2539
2536
2529
2519
2522
2521
2519
2519
2517
2510
2500
2499
2502
2499
2499
2500
2493
2482
2481
2482
2481
2482
2481
2475
2464
2463
2465
2465
2465
2463
2458
2448
2446
2450
2448
2449
2447
2444
2430
2431
2434
2434
2434
2433
2429
2415
2415
2419
2418
2420
2419
2416
2409
2403
2406
2405
2405
2406
2406
2399
2390
2395
2394
2395
2395
2395
2384
2379
2383
2384
2388
2385
2386
2375
2368
2373
2375
2378
2377
2379
2368
2359
2365
2367
2368
2368
2371
2360
2354
2357
2360
2362
2361
2364
2355
2346
2352
2354
2355
2357
2356
2350
2340
2345
2348
2350
2353
2357
2347
2337
2340
2342
2346
2349
2354
2346
2335
2337
2339
2343
2346
2348
2343
2332
2336
2348
2347
2355
2358
2355
2347
2347
2358
2360
2367
2370
2371
2360
2360
2369
2372
2379
2382
2387
2374
2371
2381
2384
2392
2395
2399
2387
2384
2393
2398
2402
2407
2412
2401
2396
2405
2411
2421
2421
2427
2415
2406
2418
2425
2433
2435
2442
2431
2419
2431
2438
2444
2448
2455
2446
2437
2444
2453
2456
2461
2469
2459
2448
2458
2466
2471
2476
2480
2475
2463
2472
2481
2485
2493
2497
2493
2481
2487
2493
2500
2507
2516
2510
2497
2501
2509
2515
2523
2528
2527
2515
2517
2530
2531
2540
2544
2543
2532
2533
2545
2548
2556
2560
2563
2551
2549
2560
2566
2573
2577
2584
2574
2565
2577
2582
2588
2594
2601
2591
2583
2594
2601
2607
2613
2620
2607
2600
2612
2620
2630
2632
2639
2648
2655
2664
2671
2679
2685
2692
2701
2706
2714
2720
2727
2734
2740
2747
2755
2763
2769
2777
2783
2786
2797
2805
2812
2819
2825
2831
2815
2808
2820
2827
2835
2840
2849
2836
2823
2835
2844
2850
2854
2865
2855
2841
2853
2862
2867
2874
2882
2874
2860
2869
2881
2886
2897
2901
2894
2879
2885
2899
2906
2915
2920
2916
2902
2901
2917
2922
2932
2937
2939
2924
2926
2936
2941
2951
2953
2959
2945
2943
2954
2961
2970
2973
2984
2969
2960
2974
2983
2992
2999
3008
2996
2980
2995
3005
3013
3023
3030
3021
3007
3017
3029
3036
3045
3053
3045
3030
3041
3053
3059
3069
3076
3073
3058
3067
3079
3083
3094
3099
3101
3086
3088
3103
3108
3119
3127
3134
3114
3113
3128
3132
3147
3154
3158
3143
3139
3154
3162
3174
3179
3188
3172
3165
3181
3191
3202
3207
3219
3201
3191
3208
3219
3228
3236
3248
3229
3218
3235
3247
3256
3264
3276
3264
3247
3262
3276
3283
3293
3303
3299
3279
3289
3305
3310
3323
3331
3326
3310
3317
3333
3339
3356
3359
3360
3343
3341
3361
3370
3380
3387
3400
3407
3419
3429
3439
3449
3461
3471
3481
3492
3501
3511
3522
3531
3541
3553
3562
3566
3576
3587
3598
3608
3617
3627
3638
3646
3657
3667
3674
3683
3691
3689
3670
3672
3689
3694
3707
3713
3713
3695
3694
3711
3716
3729
3734
3741
3721
3715
3732
3740
3750
3759
3768
3747
3738
3755
3762
3776
3782
3791
3771
3759
3778
3789
3801
3806
3819
3797
3778
3800
3813
3822
3831
3842
3822
3805
3823
3837
3846
3856
3868
3856
3838
3832
3834
3829
3826
3827
3816
3795
3793
3796
3789
3793
3791
3782
3762
3759
3762
3759
3764
3758
3750
3731
3723
3732
3732
3731
3729
3723
3702
3699
3704
3701
3704
3701
3699
3683
3673
3677
3677
3679
3673
3678
3659
3647
3654
3654
3653
3654
3656
3637
3625
3632
3633
3636
3636
3637
3619
3606
3611
3615
3617
3616
3620
3601
3584
3594
3597
3599
3600
3604
3586
3571
3578
3581
3582
3584
3588
3575
3556
3562
3567
3568
3570
3573
3562
3544
3548
3554
3554
3558
3560
3550
3532
3533
3541
3541
3546
3547
3540
3522
3519
3530
3529
3534
3536
3531
3514
3512
3519
3518
3524
3524
3522
3505
3500
3508
3508
3513
3513
3513
3496
3489
3497
3498
3504
3505
3506
3489
3478
3486
3490
3494
3496
3501
3483
3468
3474
3482
3484
3487
3491
3475
3459
3469
3473
3475
3477
3481
3467
3452
3458
3463
3465
3469
3471
3461
3445
3450
3457
3457
3461
3465
3456
3438
3440
3448
3444
3454
3458
3449
3433
3432
3439
3439
3446
3447
3443
3426
3424
3432
3436
3438
3439
3436
3416
3415
3425
3424
3429
3429
3427
3411
3406
3413
3415
3421
3421
3422
3409
3397
3405
3407
3410
3412
3418
3398
3393
3431
3459
3488
3512
3543
3525
3512
3550
3578
3607
3627
3655
3640
3619
3658
3691
3711
3735
3760
3750
3732
3761
3792
3811
3837
3859
3856
3838
3857
3887
3904
3929
3948
3951
3927
3942
3974
3987
4014
4030
4037
4014
4021
4055
4068
4095
4109
4116
4092
4097
4131
4149
4169
4184
4190
4165
4171
4203
4218
4241
4256
4258
4235
4243
4273
4287
4311
4324
4325
4304
4310
4340
4354
4376
4390
4395
4369
4374
4404
4418
4440
4453
4458
4432
4434
4463
4478
4501
4514
4514
4487
4492
4524
4536
4559
4571
4575
4548
4551
4583
4593
4615
4626
4625
4603
4606
4634
4646
4668
4679
4686
4658
4657
4685
4698
4719
4730
4753
4762
4781
4795
4810
4829
4846
4860
4875
4891
4908
4923
4936
4951
4965
4972
4990
5006
5018
5031
5046
5059
5076
5086
5101
5114
5124
5138
5144
5111
5096
5120
5133
5148
5155
5167
5134
5116
5135
5153
5167
5174
5186
5154
5134
5158
5172
5186
5192
5201
5168
5155
5176
5189
5203
5206
5222
5189
5168
5191
5205
5218
5226
5240
5207
5182
5207
5221
5236
5242
5256
5224
5193
5219
5234
5245
5254
5268
5243
5210
5205
5203
5193
5187
5177
5165
5132
5118
5117
5109
5107
5096
5085
5054
5041
5043
5035
5033
5024
5015
4986
4973
4975
4968
4967
4958
4954
4924
4909
4912
4905
4906
4898
4893
4866
4850
4855
4851
4851
4845
4842
4815
4796
4803
4799
4798
4792
4790
4765
4745
4751
4751
4750
4747
4748
4722
4697
4705
4706
4703
4703
4703
4679
4654
4661
4663
4662
4661
4661
4640
4615
4620
4624
4625
4621
4621
4599
4572
4584
4585
4584
4582
4582
4562
4538
4546
4549
4549
4548
4551
4532
4506
4513
4517
4514
4516
4518
4496
4472
4479
4484
4484
4484
4486
4468
4444
4450
4454
4457
4455
4457
4436
4410
4423
4426
4425
4425
4426
4410
4387
4393
4399
4398
4399
4402
4387
4364
4367
4373
4371
4374
4377
4359
4337
4341
4348
4347
4349
4352
4333
4310
4318
4324
4325
4325
4329
4307
4283
4297
4300
4301
4302
4305
4284
4264
4273
4278
4281
4280
4285
4263
4243
4252
4257
4258
4259
4264
4240
4223
4233
4235
4239
4239
4242
4219
4205
4214
4218
4224
4220
4225
4202
4181
4195
4199
4201
4201
4207
4183
4166
4176
4180
4184
4184
4189
4171
4149
4157
4163
4164
4164
4173
4153
4131
4137
4144
4144
4148
4151
4134
4112
4120
4126
4128
4131
4133
4120
4097
4102
4112
4108
4113
4114
4098
4079
4084
4091
4092
4096
4098
4083
4066
4067
4074
4074
4074
4080
4064
4044
4049
4055
4052
4057
4060
4062
4066
4071
4073
4075
4078
4080
4083
4084
4084
4090
4090
4092
4093
4093
4097
4099
4100
4101
4104
4106
4107
4110
4110
4110
4111
4097
4076
4078
4080
4078
4080
4076
4067
4046
4045
4050
4047
4049
4048
4040
4016
4015
4020
4014
4021
4019
4008
3988
3986
3993
3990
3993
3993
3982
3961
3961
3968
3964
3966
3965
3951
3934
3937
3940
3938
3939
3937
3927
3908
3909
3914
3911
3914
3913
3907
3883
3883
3888
3883
3889
3890
3880
3860
3858
3861
3861
3864
3863
3853
3833
3834
3839
3841
3841
3840
3842
3840
3847
3848
3849
3851
3851
3854
3855
3856
3857
3857
3858
3858
3860
3861
3863
3863
3863
3865
3868
3868
3867
3869
3868
3870
3857
3836
3836
3841
3838
3839
3841
3825
3806
3808
3810
3811
3814
3813
3799
3780
3780
3787
3785
3785
3786
3772
3753
3757
3766
3760
3761
3763
3744
3730
3738
3738
3736
3737
3736
3723
3706
3714
3724
3727
3732
3740
3728
3709
3716
3725
3728
3737
3741
3731
3712
3716
3727
3729
3738
3741
3735
3716
3718
3731
3730
3738
3742
3733
3716
3720
3729
3730
3738
3739
3736
3717
3717
3728
3729
3739
3742
3740
3718
3716
3727
3728
3739
3739
3740
3719
3713
3725
3728
3735
3736
3738
3718
3710
3724
3724
3732
3732
3733
3716
3709
3717
3720
3726
3725
3730
3711
3700
3710
3714
3720
3721
3729
3704
3692
3703
3703
3711
3714
3716
3696
3682
3690
3696
3701
3701
3705
3687
3673
3682
3685
3688
3689
3693
3674
3660
3668
3671
3675
3675
3679
3661
3645
3653
3657
3658
3659
3664
3648
3629
3635
3638
3640
3643
3643
3629
3611
3615
3621
3619
3621
3622
3610
3592
3595
3602
3597
3599
3599
3586
3571
3574
3575
3573
3573
3573
3564
3547
3547
3550
3547
3548
3547
3542
3522
3519
3522
3516
3520
3519
3511
3493
3489
3492
3489
3490
3486
3481
3465
3458
3461
3459
3457
3453
3446
3429
3425
3428
3422
3423
3417
3410
3396
3389
3390
3386
3385
3380
3377
3361
3352
3352
3348
3347
3344
3341
3322
3313
3313
3306
3306
3300
3297
3282
3272
3273
3270
3265
3259
3256
3239
3231
3245
3251
3257
3261
3268
3254
3240
3250
3256
3261
3265
3271
3257
3242
3250
3256
3259
3263
3267
3269
3273
3277
3278
3284
3287
3290
3294
3296
3298
3302
3301
3303
3302
3302
3305
3307
3307
3309
3312
3311
3311
3313
3312
3314
3313
3313
3299
3286
3286
3286
3284
3280
3282
3273
3255
3256
3256
3253
3253
3252
3242
3227
3225
3226
3224
3223
3220
3213
3197
3194
3198
3193
3193
3189
3182
3169
3164
3166
3163
3163
3159
3154
3143
3133
3135
3131
3128
3127
3124
3109
3102
3103
3099
3097
3095
3092
3077
3070
3071
3068
3070
3062
3058
3044
3033
3037
3036
3033
3027
3025
3011
3002
3003
3001
2998
2993
2991
2979
2969
2968
2965
2962
2958
2957
2947
2932
2932
2929
2924
2922
2919
2908
2896
2895
2892
2892
2884
2880
2870
2856
2857
2855
2849
2845
2841
2832
2821
2817
2814
2809
2805
2799
2793
2781
2775
2773
2766
2763
2758
2751
2739
2734
2731
2723
2721
2715
2707
2696
2690
2687
2683
2676
2670
2662
2650
2645
2642
2638
2631
2623
2617
2604
2599
2595
2589
2582
2576
2570
2563
2552
2547
2540
2534
2527
2522
2511
2503
2498
2491
2484
2477
2471
2462
2453
2445
2439
2429
2421
2414
2404
2395
2389
2381
2372
2365
2357
2348
2340
2332
2325
2317
2309
2301
2296
2286
2277
2269
2260
2254
2246
2240
2230
2223
2215
2207
2199
2193
2185
2177
2169
2162
2158
2148
2140
2133
2122
2119
2111
2106
2097
2090
2082
2075
2069
2062
2055
2048
2041
2035
2028
2021
2014
2008
1997
1994
1987
1984
1974
1968
1961
1953
1948
1941
1935
1929
1923
1917
1910
1902
1897
1890
1883
1879
1872
1868
1860
1854
1848
1840
1836
1830
1824
1818
1813
1808
1801
1796
1789
1782
1777
1772
1767
1764
1755
1749
1743
1736
1731
1726
1721
1716
1710
1706
1700
1695
1689
1682
1678
1673
1667
1665
1656
1652
1646
1639
1634
1631
1626
1621
1615
1613
1605
1599
1594
1587
1585
1580
1575
1570
1565
1560
1555
1550
1545
1541
1536
1531
1528
1521
1516
1512
1507
1499
1498
1493
1490
1484
1480
1475
1470
1463
1461
1457
1452
1448
1443
1443
1435
1430
1425
1418
1417
1413
1409
1406
1399
1395
1391
1384
1382
1378
1374
1370
1366
1365
1357
1353
1348
1341
1341
1337
1333
1332
1324
1321
1317
1310
1308
1303
1301
1297
1293
1291
1285
1281
1277
1270
1269
1266
1262
1261
1254
1250
1247
1241
1239
1236
1232
1228
1225
1223
1218
1214
1209
1204
1203
1199
1196
1194
1189
1185
1182
1178
1175
1172
1169
1165
1162
1161
1155
1152
1149
1145
1142
1139
1135
1134
1131
1128
1125
1120
1116
1115
1112
1109
1106
1105
1100
1097
1094
1091
1087
1086
1084
1081
1079
1075
1072
1070
1064
1065
1061
1058
1056
1054
1053
1049
1046
1043
1038
1037
1037
1034
1034
1030
1027
1023
1020
1020
1018
1015
1013
1011
1009
1006
1004
1002
999
998
996
993
991
990
987
986
984
979
979
977
978
975
974
971
970
966
964
960
963
961
960
961
955
953
952
949
950
947
947
944
942
945
941
941
938
936
935
932
932
932
931
930
929
925
921
923
923
922
921
921
921
915
916
915
911
914
913
912
910
908
908
907
906
906
904
901
901
901
904
900
900
898
891
894
895
895
897
894
892
890
889
890
888
889
888
887
886
884
884
883
881
883
882
879
879
879
879
878
877
875
874
872
873
872
874
872
872
869
865
862
862
859
857
859
851
850
847
842
842
841
839
836
834
836
830
828
826
823
822
820
818
816
814
812
809
809
802
803
801
799
797
797
792
790
789
785
785
783
781
780
777
775
772
771
767
768
765
762
761
761
757
755
753
750
748
746
745
743
744
739
737
735
730
731
729
728
725
724
721
719
718
715
710
712
709
708
707
704
701
700
697
694
695
693
691
689
689
685
683
681
679
678
677
674
673
673
669
666
665
661
661
661
657
656
654
653
651
648
646
643
643
642
640
640
636
635
633
629
629
628
626
624
623
625
619
618
616
612
613
612
609
608
607
604
604
602
599
598
597
595
594
595
591
589
588
584
585
583
582
581
578
577
576
574
570
571
570
569
567
569
565
563
561
559
559
557
556
556
555
553
551
550
547
547
546
544
544
542
544
540
539
537
532
535
534
533
532
530
529
527
526
522
524
523
522
520
521
518
517
516
514
514
513
511
511
514
511
509
509
506
506
505
505
504
505
503
502
500
499
498
498
497
497
497
494
493
493
492
492
491
490
489
487
491
488
486
485
482
483
482
482
481
485
480
478
477
474
475
475
474
473
473
471
470
469
468
468
467
467
465
466
463
463
462
461
460
460
458
458
458
460
455
456
453
450
453
451
451
451
450
448
447
446
443
445
444
443
443
443
440
441
439
438
436
438
436
436
437
434
434
433
432
431
430
430
429
429
430
427
426
425
423
424
423
423
421
424
420
419
418
416
417
416
415
415
415
413
413
412
411
407
409
409
408
409
407
405
406
405
401
403
403
402
402
401
400
400
398
398
393
396
395
395
394
394
393
391
392
387
389
389
388
388
389
387
385
384
383
384
383
382
382
383
379
379
379
377
377
377
376
375
375
374
374
373
371
369
369
370
369
369
368
368
367
365
361
364
364
363
363
365
361
361
360
356
358
355
355
354
355
352
351
350
348
348
346
346
345
344
344
342
341
340
336
338
337
337
336
337
334
333
332
328
330
329
328
328
329
326
325
324
322
322
321
320
319
321
317
317
316
314
314
313
313
312
312
310
309
308
308
303
305
305
304
304
303
302
301
300
298
298
298
297
297
297
294
294
293
292
288
291
291
289
289
288
288
287
286
282
284
284
283
283
283
281
281
279
277
278
276
276
276
276
274
274
273
272
271
271
270
270
270
268
268
267
266
262
265
264
264
263
265
262
261
260
257
259
258
258
257
259
255
255
254
253
252
253
252
252
251
250
250
249
248
245
248
247
246
245
248
244
244
243
240
242
242
240
241
242
239
239
238
236
237
236
236
235
236
235
233
232
231
232
232
231
231
233
229
229
229
227
227
227
226
226
226
225
224
224
223
219
222
223
221
222
224
220
220
219
217
218
218
217
218
218
217
216
215
213
211
213
213
212
213
211
211
209
209
208
208
208
207
207
209
205
205
204
201
203
