2475
2483
2497
2484
2475
2494
2510
2517
2527
2539
2529
2515
2535
2550
2561
2569
2580
2574
2560
2575
2590
2598
2609
2619
2614
2602
2617
2630
2638
2648
2657
2654
2641
2653
2666
2675
2687
2696
2692
2681
2689
2706
2712
2725
2733
2734
2720
2725
2742
2749
2759
2769
2772
2760
2761
2778
2785
2798
2802
2811
2797
2789
2791
2794
2794
2795
2792
2793
2779
2769
2770
2774
2776
2778
2777
2764
2753
2757
2761
2760
2761
2763
2752
2739
2745
2751
2749
2749
2752
2741
2726
2735
2739
2740
2742
2745
2736
2721
2728
2732
2734
2737
2740
2732
2719
2725
2730
2731
2734
2734
2730
2718
2724
2729
2731
2735
2738
2730
2720
2722
2731
2732
2739
2741
2739
2725
2725
2735
2737
2740
2746
2745
2734
2732
2741
2743
2749
2753
2754
2741
2739
2749
2753
2760
2767
2765
2751
2749
2759
2763
2772
2774
2778
2767
2761
2771
2775
2785
2787
2794
2779
2773
2784
2792
2802
2802
2809
2795
2786
2799
2807
2815
2818
2827
2813
2802
2813
2825
2829
2837
2844
2834
2820
2832
2845
2846
2854
2860
2850
2837
2849
2862
2865
2873
2880
2871
2857
2868
2879
2884
2892
2899
2895
2881
2888
2899
2904
2914
2918
2917
2903
2911
2921
2925
2936
2940
2942
2927
2929
2943
2948
2959
2963
2968
2952
2950
2965
2971
2982
2987
2995
2980
2973
2988
2995
3003
3010
3018
3003
2995
3010
3019
3029
3034
3043
3027
3018
3030
3043
3052
3057
3067
3051
3040
3055
3066
3075
3081
3091
3075
3064
3079
3092
3098
3105
3114
3100
3081
3099
3110
3116
3123
3131
3120
3101
3118
3129
3135
3143
3151
3139
3123
3141
3149
3155
3163
3170
3176
3184
3197
3202
3209
3217
3225
3233
3242
3248
3256
3265
3272
3279
3283
3294
3300
3306
3314
3320
3330
3338
3344
3351
3359
3367
3372
3377
3360
3351
3364
3373
3380
3385
3392
3374
3365
3379
3387
3393
3401
3408
3389
3380
3395
3402
3410
3415
3422
3404
3396
3410
3418
3427
3434
3437
3418
3411
3425
3433
3443
3447
3450
3433
3426
3438
3448
3457
3461
3465
3446
3441
3456
3464
3472
3475
3477
3459
3452
3470
3478
3486
3489
3492
3474
3470
3485
3490
3499
3503
3505
3487
3485
3497
3502
3512
3514
3513
3497
3496
3510
3514
3524
3527
3525
3508
3508
3521
3525
3534
3537
3539
3522
3518
3532
3537
3545
3546
3550
3533
3530
3543
3547
3555
3558
3557
3539
3539
3551
3557
3566
3570
3568
3549
3549
3562
3562
3576
3582
3576
3558
3560
3572
3576
3585
3589
3586
3567
3568
3582
3585
3595
3597
3595
3576
3574
3591
3595
3602
3606
3603
3584
3584
3598
3601
3610
3613
3609
3591
3593
3609
3608
3617
3621
3615
3597
3601
3614
3616
3624
3629
3619
3603
3611
3631
3647
3657
3667
3677
3668
3647
3662
3679
3686
3695
3708
3704
3683
3691
3708
3712
3728
3734
3732
3711
3716
3734
3740
3755
3759
3761
3741
3740
3755
3765
3779
3782
3783
3763
3762
3780
3786
3798
3803
3803
3784
3783
3800
3806
3817
3822
3824
3801
3801
3820
3823
3836
3839
3846
3825
3817
3832
3841
3851
3855
3866
3845
3833
3846
3856
3864
3870
3880
3864
3842
3859
3870
3876
3881
3892
3874
3854
3869
3881
3887
3894
3904
3881
3865
3880
3889
3893
3903
3913
3890
3875
3890
3896
3905
3910
3920
3900
3882
3897
3906
3915
3918
3928
3908
3889
3901
3914
3921
3925
3934
3914
3894
3910
3920
3926
3931
3940
3920
3901
3917
3929
3931
3938
3946
3927
3908
3923
3932
3937
3943
3949
3933
3915
3925
3937
3941
3948
3955
3943
3922
3931
3943
3945
3953
3955
3949
3928
3934
3946
3949
3957
3962
3957
3936
3939
3951
3953
3961
3967
3961
3937
3940
3954
3955
3965
3972
3964
3942
3945
3958
3959
3969
3973
3968
3948
3947
3961
3963
3975
3976
3977
3954
3949
3963
3968
3976
3976
3981
3959
3949
3965
3971
3979
3981
3985
3963
3954
3969
3973
3981
3983
3986
3962
3954
3967
3978
3980
3989
3990
3986
3965
3968
3981
3982
3992
3995
3992
3968
3970
3981
3984
3992
3997
3998
3976
3969
3982
3983
3995
3996
4002
3979
3969
3983
3988
3996
3997
4003
3981
3968
3980
3989
3995
3998
4005
3983
3967
3982
3989
3996
3999
4007
4009
4016
4026
4030
4035
4041
4047
4051
4061
4064
4068
4074
4079
4081
4086
4091
4095
4102
4107
4111
4115
4123
4126
4132
4134
4138
4142
4148
4139
4117
4117
4126
4127
4135
4136
4133
4111
4106
4117
4119
4129
4127
4128
4106
4096
4107
4113
4118
4119
4120
4098
4088
4102
4106
4112
4112
4116
4093
4084
4098
4100
4108
4110
4117
4092
4080
4093
4099
4104
4106
4112
4093
4074
4087
4096
4101
4104
4112
4095
4072
4086
4093
4097
4102
4112
4092
4070
4082
4091
4093
4101
4108
4089
4067
4081
4091
4095
4101
4107
4087
4066
4080
4089
4096
4101
4108
4092
4069
4078
4092
4096
4102
4108
4091
4069
4083
4093
4098
4103
4112
4093
4069
4086
4095
4099
4105
4113
4091
4072
4087
4097
4101
4108
4116
4099
4078
4090
4100
4104
4110
4114
4103
4079
4091
4102
4105
4112
4120
4107
4084
4093
4105
4108
4117
4124
4110
4089
4092
4102
4104
4113
4116
4104
4082
4087
4096
4100
4107
4109
4098
4076
4084
4094
4099
4104
4108
4095
4071
4080
4094
4094
4100
4105
4090
4068
4077
4087
4091
4097
4103
4087
4065
4078
4086
4088
4094
4098
4083
4064
4073
4083
4087
4092
4099
4084
4061
4072
4082
4085
4092
4099
4084
4059
4071
4081
4084
4090
4100
4080
4058
4071
4080
4081
4090
4097
4079
4057
4070
4079
4083
4089
4095
4075
4054
4067
4073
4081
4085
4093
4073
4050
4062
4074
4079
4083
4091
4069
4050
4064
4072
4077
4081
4089
4066
4045
4062
4069
4075
4078
4084
4060
4046
4060
4067
4072
4075
4080
4058
4046
4058
4065
4073
4073
4075
4058
4045
4058
4064
4070
4070
4076
4053
4043
4056
4062
4070
4072
4078
4055
4043
4056
4062
4067
4073
4081
4055
4044
4057
4061
4069
4072
4076
4054
4043
4056
4063
4071
4074
4076
4054
4044
4054
4063
4073
4071
4076
4054
4041
4056
4062
4069
4071
4076
4053
4043
4057
4062
4069
4071
4074
4049
4044
4057
4062
4070
4072
4071
4052
4044
4057
4062
4071
4073
4074
4054
4046
4058
4063
4070
4072
4078
4053
4046
4059
4064
4071
4075
4077
4055
4046
4061
4067
4078
4081
4084
4061
4053
4068
4074
4088
4089
4094
4071
4061
4077
4084
4094
4098
4102
4080
4071
4087
4097
4103
4106
4110
4086
4079
4097
4101
4110
4114
4117
4097
4087
4102
4110
4119
4122
4127
4105
4096
4109
4117
4126
4125
4135
4113
4103
4118
4124
4131
4136
4142
4119
4109
4124
4132
4141
4144
4147
4124
4115
4130
4135
4147
4148
4150
4128
4121
4136
4142
4151
4154
4157
4134
4127
4142
4150
4156
4159
4162
4138
4132
4150
4153
4162
4165
4175
4180
4189
4196
4205
4211
4217
4225
4233
4241
4243
4249
4255
4257
4265
4273
4278
4282
4289
4293
4299
4306
4312
4316
4321
4325
4320
4297
4297
4307
4308
4316
4317
4313
4293
4287
4300
4300
4306
4310
4305
4281
4279
4292
4293
4302
4305
4299
4274
4274
4286
4285
4297
4299
4292
4268
4268
4280
4282
4291
4293
4288
4264
4263
4276
4279
4285
4289
4282
4258
4258
4271
4271
4280
4282
4276
4255
4252
4265
4266
4274
4276
4272
4249
4247
4258
4259
4267
4266
4266
4241
4238
4251
4251
4260
4262
4257
4234
4232
4245
4246
4255
4258
4249
4226
4227
4237
4239
4250
4250
4242
4218
4234
4276
4298
4331
4352
4361
4336
4347
4385
4406
4431
4448
4454
4426
4441
4476
4492
4519
4535
4545
4521
4523
4558
4577
4602
4616
4630
4602
4602
4637
4655
4681
4691
4713
4682
4676
4711
4730
4755
4767
4790
4760
4746
4780
4802
4824
4838
4858
4828
4813
4846
4868
4889
4901
4924
4892
4875
4909
4931
4951
4965
4988
4958
4934
4967
4995
5009
5024
5046
5017
4992
5023
5047
5064
5078
5099
5109
5128
5148
5168
5183
5199
5217
5239
5252
5267
5280
5282
5282
5282
5282
5282
5282
5282
5282
5282
5282
5282
5282
5282
5282
5282
5282
5282
5282
5282
5282
5282
5282
5282
5282
5282
5282
5282
5282
5282
5282
5282
5282
5282
5282
5282
5282
5282
5282
5282
5282
5282
5282
5282
5282
5282
5282
5282
5282
5282
5282
5282
5282
5282
5282
5282
5282
5282
5282
5282
5282
5282
5282
5282
5282
5282
5282
5282
5282
5282
5282
5282
5282
5282
5282
5282
5282
5282
5282
5282
5282
5282
5282
5282
5282
5282
5282
5282
5282
5282
5282
5282
5282
5282
5282
5282
5282
5282
5282
5282
5282
5282
5282
5282
5282
5282
5282
5282
5282
5282
5282
5282
5282
5282
5282
5282
5282
5282
5282
5282
5282
5282
5282
5282
5282
5282
5282
5282
5282
5282
5282
5282
5282
5282
5282
5282
5282
5282
5282
5282
5282
5282
5282
5282
5282
5282
5282
5282
5282
5282
5282
5282
5282
5282
5282
5282
5282
5282
5282
5282
5282
5282
5282
5282
5282
5282
5282
5282
5282
5282
5282
5282
5282
5282
5282
5282
5282
5282
5282
5282
5282
5282
5282
5282
5282
5282
5282
5282
5282
5282
5282
5279
5266
5281
5282
5282
5282
5282
5263
5248
5263
5268
5277
5277
5282
5249
5230
5246
5251
5262
5262
5272
5238
5212
5233
5241
5249
5251
5263
5229
5205
5223
5234
5238
5244
5253
5219
5193
5212
5223
5229
5235
5245
5217
5185
5205
5217
5221
5228
5240
5211
5178
5196
5206
5216
5221
5229
5207
5171
5188
5203
5206
5215
5222
5204
5171
5183
5201
5201
5212
5218
5197
5168
5179
5195
5197
5208
5215
5200
5167
5174
5191
5195
5206
5213
5200
5167
5172
5187
5193
5203
5208
5198
5164
5168
5186
5187
5201
5204
5198
5164
5165
5182
5185
5198
5200
5198
5164
5161
5178
5180
5194
5198
5210
5220
5228
5236
5246
5258
5269
5273
5282
5282
5282
5282
5282
5282
5282
5282
5282
5270
5262
5254
5240
5231
5220
5213
5201
5192
5183
5171
5166
5157
5147
5137
5126
5114
5085
5068
5065
5055
5048
5037
5024
5000
4982
4981
4971
4964
4959
4944
4917
4903
4901
4894
4890
4881
4870
4844
4830
4831
4823
4823
4810
4801
4774
4758
4766
4756
4753
4744
4733
4709
4697
4699
4692
4690
4682
4673
4648
4640
4639
4632
4630
4619
4619
4591
4579
4580
4573
4574
4566
4560
4536
4523
4526
4521
4520
4513
4506
4482
4470
4473
4472
4469
4461
4457
4432
4421
4424
4420
4419
4412
4406
4385
4373
4376
4372
4371
4365
4361
4342
4326
4330
4328
4325
4320
4317
4294
4282
4287
4283
4282
4277
4277
4250
4239
4242
4239
4241
4234
4231
4209
4198
4200
4200
4199
4194
4190
4169
4159
4163
4162
4161
4155
4151
4130
4120
4127
4121
4122
4118
4114
4093
4083
4088
4085
4086
4081
4079
4057
4050
4052
4050
4050
4041
4043
4023
4012
4017
4015
4015
4011
4008
3988
3980
3983
3981
3983
3982
3976
3956
3946
3947
3949
3951
3945
3943
3922
3910
3917
3916
3917
3913
3913
3892
3881
3888
3885
3886
3881
3878
3861
3852
3854
3853
3853
3849
3849
3829
3820
3837
3849
3859
3866
3880
3856
3841
3860
3870
3878
3887
3897
3879
3859
3877
3888
3897
3905
3915
3900
3880
3894
3906
3913
3920
3928
3916
3891
3907
3922
3924
3933
3939
3927
3909
3918
3930
3934
3944
3950
3943
3925
3927
3942
3946
3953
3961
3961
3936
3938
3952
3953
3965
3970
3970
3948
3946
3960
3965
3977
3979
3982
3959
3953
3969
3977
3984
3987
3990
3967
3962
3976
3982
3991
3995
4001
3980
3971
3982
3990
3998
4001
4013
3994
3974
3988
3998
4002
4011
4019
4000
3980
3995
4005
4011
4019
4027
4011
3991
4000
4011
4019
4024
4032
4020
3997
4008
4021
4024
4033
4039
4031
4008
4014
4027
4030
4041
4045
4038
4020
4021
4035
4037
4048
4052
4049
4027
4028
4041
4044
4055
4059
4061
4038
4033
4047
4047
4062
4063
4067
4046
4036
4051
4057
4065
4068
4077
4054
4040
4054
4065
4069
4073
4083
4056
4043
4057
4065
4072
4077
4082
4065
4045
4060
4070
4077
4083
4091
4075
4051
4065
4076
4081
4087
4098
4077
4055
4070
4079
4086
4092
4100
4085
4063
4074
4086
4091
4101
4104
4089
4067
4075
4089
4096
4101
4107
4095
4071
4080
4092
4095
4103
4108
4097
4075
4079
4086
4086
4092
4093
4083
4064
4064
4073
4072
4078
4080
4073
4052
4049
4059
4060
4067
4067
4066
4040
4037
4047
4045
4055
4057
4050
4028
4024
4032
4035
4042
4042
4040
4019
4013
4023
4026
4030
4030
4029
4006
4001
4013
4013
4020
4019
4020
3998
3989
3999
4002
4007
4006
4011
3991
3977
3987
3991
3995
3992
4004
3982
3963
3974
3980
3980
3984
3990
3971
3950
3962
3967
3970
3977
3978
3959
3938
3947
3955
3959
3959
3963
3950
3928
3933
3943
3942
3947
3949
3939
3917
3921
3928
3928
3932
3933
3920
3904
3905
3912
3911
3916
3914
3910
3890
3889
3897
3895
3901
3901
3900
3876
3871
3879
3876
3884
3885
3883
3861
3852
3858
3861
3866
3863
3864
3843
3833
3841
3845
3846
3844
3847
3825
3814
3822
3823
3825
3825
3828
3808
3792
3800
3803
3804
3804
3808
3791
3776
3780
3782
3782
3781
3785
3772
3750
3756
3760
3758
3761
3761
3747
3728
3733
3738
3736
3739
3738
3724
3706
3708
3714
3713
3712
3713
3701
3682
3685
3689
3686
3688
3686
3678
3660
3661
3663
3660
3662
3659
3651
3635
3633
3637
3633
3635
3630
3627
3611
3599
3596
3592
3587
3579
3576
3565
3555
3539
3529
3526
3519
3513
3506
3497
3481
3470
3470
3463
3458
3450
3442
3426
3420
3416
3409
3404
3398
3386
3374
3369
3364
3357
3352
3343
3338
3323
3315
3313
3307
3302
3296
3292
3274
3266
3264
3257
3254
3248
3243
3228
3219
3218
3210
3209
3203
3198
3184
3175
3174
3170
3165
3159
3155
3141
3129
3130
3128
3122
3118
3115
3100
3088
3088
3086
3082
3076
3074
3062
3053
3049
3046
3042
3035
3035
3024
3010
3010
3008
3003
2998
2997
2986
2973
2973
2971
2966
2965
2961
2949
2936
2936
2932
2931
2930
2925
2913
2902
2901
2900
2897
2893
2890
2880
2868
2868
2869
2863
2860
2856
2846
2837
2836
2834
2830
2828
2824
2813
2805
2803
2803
2798
2797
2794
2789
2775
2771
2771
2764
2766
2762
2758
2745
2740
2741
2734
2736
2732
2727
2715
2711
2711
2709
2706
2702
2697
2685
2682
2682
2681
2677
2673
2669
2657
2653
2653
2650
2649
2644
2641
2631
2624
2624
2620
2620
2612
2614
2603
2599
2597
2595
2592
2586
2585
2575
2568
2569
2566
2565
2562
2559
2548
2540
2541
2536
2537
2534
2534
2521
2513
2514
2511
2510
2506
2505
2494
2487
2495
2502
2503
2507
2511
2499
2490
2498
2504
2506
2509
2514
2504
2491
2500
2505
2507
2510
2513
2505
2497
2500
2506
2506
2508
2513
2506
2495
2499
2504
2506
2507
2509
2506
2494
2497
2503
2503
2507
2513
2504
2493
2495
2498
2501
2505
2508
2503
2492
2492
2497
2497
2502
2503
2501
2490
2490
2493
2497
2498
2498
2497
2483
2483
2489
2492
2494
2494
2495
2483
2478
2483
2486
2489
2489
2491
2481
2473
2478
2481
2482
2483
2487
2477
2467
2472
2476
2477
2475
2481
2471
2460
2466
2469
2471
2475
2474
2467
2456
2455
2464
2463
2468
2467
2461
2450
2451
2456
2456
2458
2459
2455
2445
2444
2449
2449
2451
2451
2448
2438
2436
2443
2441
2443
2443
2440
2432
2427
2432
2432
2435
2435
2438
2425
2419
2423
2424
2426
2426
2428
2417
2409
2414
2416
2414
2418
2420
2408
2400
2405
2409
2412
2409
2411
2401
2388
2396
2398
2399
2400
2401
2392
2382
2383
2389
2389
2390
2391
2383
2373
2380
2378
2379
2380
2378
2375
2364
2368
2369
2368
2369
2368
2364
2354
2355
2357
2358
2359
2359
2354
2344
2342
2347
2342
2347
2348
2348
2335
2332
2335
2333
2337
2336
2335
2325
2318
2319
2318
2316
2313
2313
2302
2291
2296
2295
2296
2291
2291
2284
2272
2274
2274
2272
2271
2269
2262
2254
2254
2253
2250
2248
2246
2241
2233
2236
2233
2230
2229
2223
2222
2212
2211
2211
2208
2207
2209
2201
2192
2190
2189
2187
2188
2185
2181
2172
2169
2170
2164
2167
2164
2160
2151
2149
2150
2150
2146
2144
2141
2129
2129
2130
2128
2126
2124
2121
2113
2107
2109
2108
2106
2104
2103
2096
2088
2089
2087
2085
2083
2083
2074
2070
2068
2067
2065
2062
2062
2054
2048
2047
2047
2045
2046
2042
2035
2027
2026
2026
2024
2022
2023
2013
2006
2006
2004
2003
2001
2000
1993
1985
1986
1987
1982
1981
1978
1972
1965
1964
1964
1964
1959
1957
1952
1944
1943
1943
1939
1938
1936
1933
1928
1922
1922
1918
1915
1915
1912
1904
1902
1901
1898
1897
1892
1892
1884
1880
1880
1878
1876
1877
1871
1863
1859
1858
1857
1855
1853
1853
1843
1838
1838
1834
1834
1833
1830
1823
1817
1818
1815
1813
1810
1807
1800
1796
1796
1795
1792
1789
1787
1782
1772
1775
1773
1771
1768
1767
1762
1754
1754
1752
1749
1746
1746
1740
1736
1728
1722
1716
1710
1702
1700
1694
1688
1682
1677
1674
1666
1663
1655
1648
1645
1639
1634
1631
1624
1619
1614
1608
1603
1598
1593
1588
1584
1579
1577
1568
1564
1559
1552
1549
1544
1540
1536
1529
1525
1520
1516
1510
1506
1501
1496
1492
1488
1482
1477
1474
1468
1463
1459
1455
1451
1446
1442
1437
1433
1426
1424
1420
1415
1411
1407
1404
1398
1394
1388
1384
1380
1377
1372
1369
1364
1359
1356
1351
1346
1343
1339
1336
1331
1327
1325
1319
1315
1312
1307
1301
1300
1295
1292
1290
1284
1280
1276
1270
1269
1265
1261
1257
1255
1252
1246
1242
1238
1234
1231
1229
1225
1221
1217
1214
1210
1206
1200
1201
1196
1193
1189
1187
1186
1180
1176
1173
1168
1166
1163
1160
1158
1154
1151
1147
1144
1138
1138
1135
1131
1129
1126
1125
1119
1116
1114
1109
1108
1104
1102
1100
1097
1093
1091
1088
1083
1081
1079
1077
1074
1072
1072
1066
1063
1060
1057
1056
1054
1051
1049
1046
1043
1041
1038
1034
1034
1032
1028
1026
1024
1026
1020
1018
1016
1011
1010
1009
1007
1006
1006
1001
997
995
993
993
991
990
988
985
989
994
999
1005
1008
1015
1010
1009
1016
1025
1027
1031
1036
1032
1030
1038
1042
1048
1052
1060
1053
1049
1056
1062
1065
1071
1076
1074
1069
1075
1081
1085
1086
1094
1093
1088
1093
1100
1106
1107
1111
1110
1104
1110
1117
1121
1125
1129
1126
1123
1127
1130
1136
1141
1145
1144
1140
1146
1149
1153
1157
1160
1162
1157
1158
1165
1171
1173
1176
1180
1172
1173
1179
1184
1189
1191
1196
1189
1187
1195
1198
1200
1206
1211
1206
1204
1207
1213
1217
1221
1224
1222
1216
1224
1228
1232
1239
1239
1237
1230
1234
1243
1245
1250
1256
1251
1246
1251
1256
1259
1265
1270
1267
1261
1265
1275
1274
1279
1281
1280
1277
1279
1286
1290
1294
1297
1298
1291
1292
1300
1303
1308
1312
1314
1311
1308
1315
1318
1321
1326
1330
1323
1325
1330
1334
1341
1341
1345
1339
1338
1345
1350
1355
1358
1362
1356
1354
1358
1365
1371
1374
1382
1374
1370
1377
1381
1387
1391
1396
1392
1385
1393
1402
1403
1407
1412
1407
1403
1408
1415
1421
1424
1428
1425
1419
1424
1431
1434
1440
1443
1444
1441
1439
1447
1450
1453
1459
1461
1454
1453
1452
1450
1450
1448
1449
1443
1437
1438
1438
1438
1436
1436
1430
1424
1422
1426
1425
1424
1427
1419
1414
1414
1412
1414
1413
1413
1408
1402
1403
1404
1402
1402
1400
1394
1391
1391
1392
1393
1391
1390
1387
1379
1380
1380
1379
1379
1378
1377
1370
1369
1370
1369
1366
1368
1368
1368
1371
1367
1367
1367
1365
1367
1366
1365
1366
1365
1366
1364
1364
1364
1363
1360
1362
1362
1362
1364
1361
1361
1360
1359
1359
1358
1353
1348
1349
1349
1351
1347
1347
1341
1336
1337
1338
1337
1336
1336
1330
1324
1326
1323
1325
1324
1323
1319
1313
1317
1315
1313
1312
1312
1308
1303
1303
1304
1303
1301
1301
1298
1289
1292
1292
1291
1290
1290
1290
1282
1280
1282
1278
1279
1278
1275
1272
1269
1269
1268
1268
1264
1264
1259
1258
1258
1257
1258
1255
1253
1248
1246
1244
1245
1245
1244
1245
1237
1234
1236
1232
1234
1232
1231
1226
1224
1224
1222
1221
1220
1219
1211
1211
1212
1211
1213
1208
1209
1205
1198
1201
1199
1198
1197
1197
1194
1190
1189
1189
1187
1183
1187
1183
1179
1180
1178
1176
1175
1174
1170
1168
1173
1186
1199
1211
1221
1228
1236
1240
1233
1240
1251
1259
1269
1276
1281
1276
1278
1286
1297
1307
1312
1321
1315
1316
1325
1332
1340
1346
1356
1352
1347
1360
1367
1373
1380
1388
1383
1380
1389
1399
1405
1412
1421
1418
1411
1419
1427
1434
1442
1448
1448
1440
1447
1458
1461
1467
1476
1477
1470
1474
1485
1492
1497
1502
1504
1495
1500
1509
1515
1525
1527
1530
1524
1523
1534
1540
1548
1551
1558
1552
1550
1558
1564
1570
1574
1583
1577
1571
1582
1586
1593
1599
1605
1600
1594
1603
1611
1614
1622
1630
1626
1619
1624
1632
1634
1645
1650
1651
1644
1646
1655
1659
1665
1671
1676
1667
1667
1676
1683
1689
1694
1700
1692
1685
1696
1704
1709
1717
1720
1714
1707
1716
1724
1728
1735
1741
1736
1729
1740
1744
1748
1754
1758
1758
1749
1756
1767
1767
1774
1780
1776
1770
1774
1784
1787
1795
1798
1801
1792
1793
1801
1803
1814
1817
1822
1813
1811
1820
1825
1830
1836
1842
1834
1829
1838
1846
1851
1855
1862
1854
1846
1857
1864
1872
1875
1882
1875
1866
1875
1884
1888
1894
1899
1898
1891
1893
1903
1906
1913
1917
1918
1910
1908
1909
1910
1908
1907
1907
1903
1895
1894
1896
1894
1896
1894
1891
1883
1880
1882
1882
1884
1884
1880
1872
1869
1871
1868
1872
1871
1871
1863
1858
1863
1862
1863
1861
1862
1852
1849
1852
1853
1854
1853
1855
1847
1838
1844
1846
1846
1846
1848
1842
1836
1837
1839
1838
1836
1841
1836
1828
1833
1832
1833
1834
1833
1832
1825
1825
1828
1828
1831
1834
1828
1820
1821
1823
1825
1827
1828
1830
1818
1818
1822
1821
1826
1826
1826
1817
1816
1821
1825
1825
1826
1827
1817
1816
1821
1824
1829
1827
1828
1820
1816
1822
1825
1828
1828
1831
1823
1823
1825
1828
1831
1831
1836
1827
1823
1832
1833
1836
1839
1842
1833
1828
1834
1839
1842
1844
1851
1842
1833
1841
1846
1846
1853
1857
1853
1843
1849
1855
1857
1859
1865
1863
1855
1858
1865
1868
1873
1875
1876
1866
1864
1875
1878
1885
1887
1887
1877
1879
1884
1890
1896
1899
1901
1892
1892
1899
1904
1909
1911
1913
1907
1904
1913
1916
1922
1925
1931
1922
1916
1925
1930
1937
1940
1948
1939
1930
1939
1943
1947
1956
1960
1956
1945
1953
1961
1965
1970
1975
1970
1962
1969
1976
1982
1985
1991
1988
1978
1977
1978
1977
1979
1975
1971
1963
1961
1964
1963
1965
1964
1962
1953
1952
1954
1953
1955
1953
1954
1946
1942
1949
1946
1949
1949
1949
1942
1936
1942
1943
1946
1946
1953
1941
1934
1939
1941
1945
1947
1950
1945
1935
1940
1945
1945
1950
1953
1950
1941
1944
1950
1955
1956
1959
1956
1947
1949
1956
1957
1963
1965
1965
1956
1953
1962
1965
1970
1972
1973
1965
1965
1970
1973
1978
1977
1985
1976
1972
1979
1982
1988
1989
1996
1986
1980
1988
1993
1997
2001
2006
1999
1990
1998
2001
2008
2011
2017
2010
2001
2008
2014
2015
2022
2027
2022
2013
2019
2027
2029
2034
2038
2034
2022
2030
2036
2041
2046
2049
2048
2038
2040
2048
2051
2057
2059
2062
2055
2049
2058
2062
2066
2070
2077
2066
2063
2067
2074
2078
2080
2087
2079
2070
2078
2084
2088
2093
2096
2089
2080
2087
2090
2097
2101
2107
2100
2091
2096
2102
2104
2110
2113
2109
2100
2104
2113
2114
2119
2123
2126
2126
2134
2139
2145
2148
2152
2155
2158
2163
2168
2171
2176
2179
2183
2184
2187
2191
2195
2199
2199
2206
2210
2215
2217
2221
2222
2226
2222
2212
2219
2230
2236
2243
2246
2234
2238
2250
2255
2263
2270
2279
2290
2296
2302
2310
2317
2326
2333
2341
2348
2354
2362
2369
2376
2382
2389
2395
2399
2410
2417
2427
2430
2437
2444
2449
2458
2464
2470
2464
2451
2459
2472
2474
2481
2487
2483
2469
2476
2487
2491
2499
2504
2505
2489
2493
2505
2509
2517
2521
2524
2515
2510
2521
2526
2533
2537
2545
2534
2526
2536
2543
2549
2551
2562
2550
2540
2551
2559
2565
2573
2577
2569
2556
2565
2576
2580
2587
2593
2587
2574
2580
2589
2594
2602
2606
2604
2591
2595
2607
2608
2616
2619
2623
2630
2638
2644
2649
2654
2660
2667
2673
2679
2681
2688
2695
2699
2704
2710
2714
2716
2723
2726
2733
2738
2747
2750
2755
2760
2763
2768
2774
2778
2782
2777
2764
2768
2776
2778
2784
2788
2781
2772
2773
2785
2784
2791
2793
2792
2780
2778
2788
2790
2797
2798
2802
2790
2783
2793
2797
2801
2805
2811
2800
2788
2798
2803
2808
2811
2818
2807
2794
2803
2810
2814
2822
2824
2818
2804
2807
2817
2820
2829
2829
2825
2812
2813
2823
2826
2832
2835
2833
2820
2820
2833
2830
2838
2840
2841
2829
2826
2837
2838
2844
2846
2851
2838
2826
2826
2824
2821
2817
2816
2805
2791
2790
2789
2782
2783
2781
2771
2758
2758
2757
2752
2752
2749
2742
2729
2727
2728
2725
2723
2720
2715
2703
2696
2701
2697
2697
2695
2692
2679
2670
2675
2672
2673
2671
2671
2658
2652
2651
2651
2651
2647
2649
2637
2627
2630
2630
2629
2628
2625
2618
2606
2609
2611
2610
2610
2613
2601
2589
2590
2590
2591
2592
2594
2586
2574
2573
2575
2574
2575
2574
2569
2558
2555
2560
2558
2559
2557
2555
2539
2540
2544
2545
2545
2543
2543
2528
2526
2530
2529
2531
2530
2531
2521
2512
2516
2516
2515
2515
2519
2509
2498
2502
2504
2503
2505
2507
2497
2485
2491
2493
2493
2493
2495
2486
2475
2475
2481
2480
2486
2483
2476
2465
2467
2471
2470
2472
2473
2467
2456
2459
2460
2461
2463
2462
2459
2449
2448
2452
2451
2453
2453
2449
2441
2437
2442
2442
2445
2445
2448
2434
2429
2433
2433
2436
2435
2437
2426
2420
2424
2425
2425
2429
2432
2421
2411
2417
2419
2423
2422
2424
2416
2403
2409
2413
2414
2415
2417
2411
2400
2398
2405
2406
2409
2408
2406
2395
2397
2399
2399
2402
2401
2401
2390
2386
2390
2392
2391
2393
2391
2392
2381
2375
2379
2378
2381
2378
2379
2369
2361
2361
2365
2366
2369
2367
2357
2347
2350
2352
2353
2353
2354
2345
2335
2341
2339
2339
2339
2339
2334
2324
2326
2328
2326
2328
2327
2321
2313
2312
2315
2314
2316
2315
2317
2303
2299
2301
2298
2302
2302
2304
2291
2287
2288
2289
2290
2289
2290
2281
2271
2275
2279
2276
2276
2277
2269
2260
2262
2265
2267
2264
2264
2259
2248
2249
2251
2250
2251
2251
2248
2239
2235
2238
2237
2237
2237
2236
2227
2225
2225
2224
2226
2221
2225
2214
2208
2211
2212
2213
2215
2212
2204
2195
2196
2199
2199
2200
2199
2193
2183
2184
2186
2186
2186
2185
2181
2172
2172
2174
2172
2173
2171
2167
2161
2158
2162
2159
2160
2159
2158
2150
2144
2147
2147
2147
2147
2150
2138
2129
2134
2134
2135
2133
2135
2127
2117
2120
2122
2119
2121
2121
2115
2107
2109
2111
2110
2110
2110
2105
2094
2095
2099
2099
2099
2097
2095
2086
2084
2086
2085
2087
2086
2086
2077
2073
2075
2075
2074
2072
2077
2067
2063
2064
2065
2065
2065
2066
2060
2050
2052
2055
2054
2056
2055
2050
2041
2033
2027
2021
2015
2012
2001
1995
1988
1980
1976
1968
1963
1957
1951
1944
1941
1932
1926
1921
1914
1909
1903
1896
1894
1886
1879
1875
1869
1863
1856
1852
1846
1842
1837
1834
1825
1819
1814
1809
1804
1801
1796
1792
1783
1778
1775
1768
1765
1760
1755
1749
1744
1741
1739
1731
1727
1723
1715
1711
1708
1704
1701
1695
1691
1685
1679
1673
1672
1668
1664
1661
1655
1650
1647
1642
1638
1634
1630
1625
1619
1617
1613
1610
1606
1602
1597
1591
1588
1586
1580
1578
1577
1570
1565
1561
1558
1554
1552
1548
1546
1539
1534
1532
1529
1524
1522
1519
1513
1509
1507
1506
1500
1497
1493
1488
1483
1482
1479
1477
1473
1471
1465
1459
1456
1455
1452
1449
1446
1442
1440
1435
1432
1429
1425
1424
1420
1414
1414
1410
1407
1404
1400
1398
1393
1390
1388
1385
1383
1383
1378
1372
1368
1365
1364
1362
1359
1359
1353
1348
1346
1343
1340
1338
1337
1331
1327
1326
1327
1322
1319
1317
1310
1308
1306
1305
1303
1299
1297
1294
1289
1284
1286
1282
1281
1278
1275
1274
1268
1267
1264
1259
1259
1257
1253
1251
1248
1246
1243
1241
1240
1236
1231
1240
1250
1258
1266
1272
1273
1267
1271
1282
1288
1296
1304
1304
1299
1301
1311
1317
1324
1328
1334
1328
1328
1337
1341
1349
1353
1357
1354
1351
1360
1369
1372
1377
1383
1377
1373
1381
1388
1391
1398
1405
1401
1395
1401
1407
1408
1417
1421
1423
1418
1418
1425
1428
1433
1438
1440
1434
1434
1441
1445
1450
1453
1457
1453
1444
1455
1459
1464
1470
1472
1466
1460
1466
1472
1476
1479
1484
1480
1474
1479
1485
1487
1490
1493
1492
1486
1489
1497
1496
1500
1503
1501
1496
1497
1503
1505
1509
1511
1513
1506
1504
1509
1509
1516
1518
1521
1516
1510
1515
1519
1519
1523
1526
1521
1515
1521
1525
1526
1529
1531
1527
1517
1524
1528
1530
1532
1533
1532
1524
1524
1530
1532
1534
1536
1535
1530
1528
1532
1533
1535
1536
1538
1531
1529
1533
1534
1536
1537
1536
1533
1529
1531
1534
1536
1538
1538
1533
1526
1529
1530
1532
1535
1537
1532
1526
1527
1530
1527
1532
1532
1530
1524
1524
1529
1526
1529
1528
1527
1518
1519
1521
1522
1523
1523
1524
1516
1510
1516
1516
1517
1517
1518
1514
1506
1508
1509
1509
1507
1510
1505
1499
1500
1500
1499
1499
1495
1495
1488
1487
1488
1485
1489
1485
1483
1476
1474
1475
1474
1474
1474
1471
1464
1461
1461
1460
1459
1457
1457
1451
1447
1447
1445
1445
1442
1438
1436
1430
1431
1433
1429
1427
1425
1422
1422
1421
1420
1419
1417
1415
1417
1413
1411
1408
1404
1405
1403
1401
1401
1397
1396
1395
1391
1390
1388
1386
1384
1382
1381
1378
1374
1369
1365
1361
1362
1359
1357
1357
1349
1344
1343
1340
1338
1335
1333
1328
1322
1322
1320
1317
1314
1311
1304
1302
1300
1298
1297
1292
1289
1285
1279
1277
1276
1273
1270
1267
1264
1262
1256
1253
1250
1245
1245
1242
1237
1237
1231
1229
1226
1222
1221
1216
1212
1210
1207
1204
1202
1198
1194
1189
1185
1185
1182
1180
1180
1173
1169
1167
1163
1160
1158
1155
1153
1148
1147
1143
1140
1137
1133
1129
1126
1123
1121
1121
1115
1111
1108
1104
1102
1099
1096
1093
1090
1089
1084
1081
1077
1074
1070
1068
1065
1062
1062
1056
1053
1050
1044
1044
1041
1038
1035
1032
1030
1025
1023
1019
1015
1012
1010
1007
1005
1005
999
994
992
988
986
983
980
977
975
973
969
967
964
961
956
957
953
951
950
945
944
941
938
936
933
931
929
927
927
923
920
917
915
910
911
909
908
907
902
900
898
896
894
893
890
889
886
886
883
882
880
879
872
873
873
871
873
868
866
864
861
861
860
859
857
857
855
851
850
851
848
845
846
844
841
842
840
839
838
837
835
832
832
831
830
832
829
827
824
822
822
822
822
821
822
818
816
816
815
812
815
814
812
809
810
810
810
809
808
803
803
804
805
804
804
805
802
799
798
800
799
800
799
799
798
795
796
797
796
796
796
793
793
797
794
795
795
795
792
790
792
792
793
795
794
792
789
790
789
792
793
794
792
789
791
792
792
791
795
792
790
791
794
797
795
797
795
790
793
795
795
799
801
799
795
796
797
799
801
801
803
800
802
801
803
805
805
808
805
802
805
811
809
811
813
810
805
811
814
815
817
822
817
815
817
818
822
825
825
826
826
820
818
815
811
810
809
805
803
801
801
797
795
794
789
787
787
785
784
784
781
779
776
775
772
773
772
771
769
768
766
765
764
764
761
762
759
758
760
757
757
757
756
752
753
754
753
753
754
753
750
748
749
747
750
749
750
748
746
747
747
748
746
749
747
744
745
747
750
748
749
747
742
745
747
747
749
751
748
745
746
747
749
750
751
751
748
751
751
752
754
754
756
752
752
754
758
758
758
760
756
755
758
760
762
763
769
764
761
764
766
766
769
772
771
769
770
773
774
776
778
779
776
777
781
784
786
787
788
784
782
789
791
795
797
799
795
795
798
798
804
806
809
806
804
812
812
814
817
818
818
815
819
823
825
829
832
831
825
830
834
837
839
843
845
840
840
846
848
851
855
856
852
855
858
861
864
867
870
866
866
871
873
878
879
883
879
877
880
887
890
893
898
893
890
896
899
901
906
910
907
903
913
921
926
934
939
943
940
940
950
957
963
968
976
971
966
977
984
990
996
1004
1002
995
1004
1011
1015
1023
1029
1028
1024
1030
1037
1042
1048
1051
1054
1049
1053
1061
1066
1074
1077
1079
1074
1075
1080
1088
1094
1097
1104
1097
1097
1104
1109
1111
1118
1124
1119
1116
1125
1132
1133
1139
1144
1137
1135
1142
1148
1154
1157
1162
1159
1153
1158
1166
1170
1175
1178
1178
1174
1176
1183
1185
1189
1194
1195
1190
1193
1197
1200
1206
1208
1209
1205
1205
1212
1215
1220
1224
1226
1221
1218
1221
1228
1231
1235
1241
1235
1229
1236
1239
1241
1246
1250
1247
1242
1247
1252
1253
1257
1259
1256
1253
1255
1260
1264
1266
1268
1268
1262
1264
1269
1270
1274
1277
1278
1275
1271
1276
1278
1278
1283
1286
1280
1279
1281
1284
1287
1288
1292
1287
1282
1287
1290
1292
1296
1296
1293
1287
1288
1294
1295
1298
1301
1298
1292
1293
1297
1297
1301
1302
1300
1296
1295
1302
1301
1302
1303
1303
1297
1296
1300
1303
1304
1305
1307
1301
1294
1301
1302
1303
1304
1306
1304
1296
1299
1301
1300
1303
1304
1301
1296
1294
1295
1293
1292
1287
1288
1283
1281
1281
1279
1281
1276
1275
1270
1266
1265
1265
1264
1263
1265
1258
1252
1253
1251
1251
1251
1249
1245
1240
1242
1239
1238
1236
1235
1232
1227
1226
1226
1224
1223
1221
1219
1212
1212
1212
1210
1210
1208
1210
1202
1199
1198
1196
1196
1195
1194
1190
1185
1186
1184
1183
1179
1181
1176
1172
1171
1171
1173
1168
1167
1163
1156
1159
1158
1157
1157
1155
1152
1147
1144
1144
1144
1143
1141
1139
1135
1134
1133
1131
1130
1126
1127
1123
1120
1121
1118
1117
1116
1115
1110
1107
1107
1106
1105
1104
1104
1099
1095
1095
1091
1093
1093
1091
1090
1084
1083
1084
1081
1077
1080
1076
1072
1071
1072
1071
1070
1068
1066
1059
1060
1060
1059
1060
1057
1055
1051
1049
1048
1048
1048
1046
1046
1043
1039
1039
1037
1037
1033
1036
1033
1028
1031
1028
1027
1027
1026
1023
1025
1024
1023
1023
1023
1025
1022
1021
1021
1019
1019
1019
1019
1018
1020
1016
1017
1015
1014
1015
1015
1015
1014
1013
1014
1013
1012
1008
1004
1003
1005
1004
1004
1005
1000
996
997
997
993
996
996
993
989
990
992
988
988
987
984
983
982
984
985
987
988
988
984
979
984
985
987
987
989
988
981
983
985
983
986
988
985
983
982
985
985
986
984
985
980
982
984
985
987
986
985
981
977
982
983
984
986
985
980
978
978
981
982
981
983
979
979
978
979
978
978
981
976
974
975
976
976
977
978
971
972
971
972
972
974
977
971
967
967
967
968
970
969
967
966
963
965
964
964
964
964
959
959
959
961
959
960
959
955
950
954
954
955
955
954
949
947
948
946
948
948
948
945
941
943
942
942
942
939
937
934
936
937
936
935
934
931
925
927
929
928
928
928
929
922
922
922
920
921
921
919
916
916
915
914
914
911
912
909
907
908
907
910
906
905
901
898
900
900
899
899
903
896
893
893
891
892
892
891
888
886
888
885
885
884
883
881
878
878
879
881
877
877
875
869
870
871
870
870
870
871
864
864
864
863
863
862
862
858
859
857
856
856
854
855
851
850
855
860
867
866
870
867
864
869
874
878
882
888
883
879
883
888
891
894
898
896
893
898
901
903
906
909
909
905
908
912
917
918
921
923
925
928
932
935
938
941
947
947
950
952
955
957
960
962
965
970
970
973
975
976
979
982
985
987
989
992
993
993
988
989
990
995
996
997
999
992
993
997
997
998
1001
1001
997
997
1002
1001
1004
1005
1004
996
1000
1004
1005
1008
1007
1007
1002
1003
1005
1007
1009
1010
1009
1006
1005
1008
1009
1010
1011
1012
1006
1007
1013
1010
1013
1013
1010
1008
1009
1010
1012
1014
1017
1013
1008
1010
1012
1012
1013
1015
1015
1013
1011
1013
1013
1014
1016
1015
1011
1011
1014
1016
1015
1017
1015
1010
1011
1014
1014
1016
1020
1015
1011
1013
1012
1015
1016
1016
1015
1011
1014
1014
1014
1016
1016
1015
1011
1012
1015
1018
1017
1017
1018
1017
1021
1022
1023
1025
1026
1031
1028
1029
1030
1030
1033
1034
1035
1036
1038
1039
1039
1040
1039
1042
1044
1045
1046
1047
1051
1049
1044
1041
1042
1044
1046
1045
1046
1041
1040
1044
1047
1048
1052
1055
1051
1047
1052
1057
1057
1060
1062
1058
1053
1059
1062
1064
1070
1069
1067
1062
1064
1069
1070
1074
1076
1076
1072
1071
1076
1077
1079
1080
1081
1076
1078
1085
1083
1085
1087
1086
1082
1084
1087
1089
1092
1094
1093
1089
1088
1092
1091
1097
1098
1099
1096
1094
1097
1099
1101
1103
1103
1097
1099
1103
1105
1106
1108
1108
1102
1100
1107
1109
1111
1116
1114
1108
1108
1110
1113
1116
1117
1118
1113
1113
1116
1116
1121
1121
1121
1119
1116
1120
1124
1125
1125
1128
1122
1120
1124
1127
1128
1129
1132
1129
1124
1128
1130
1129
1133
1135
1130
1129
1131
1132
1135
1136
1137
1133
1130
1134
1136
1139
1143
1141
1136
1134
1136
1139
1141
1143
1145
1140
1136
1141
1142
1141
1145
1148
1144
1140
1144
1149
1147
1149
1150
1148
1143
1145
1148
1149
1152
1152
1151
1146
1145
1150
1151
1153
1154
1153
1148
1149
1152
1153
1155
1153
1154
1149
1150
1156
1154
1156
1158
1155
1151
1153
1156
1156
1158
1160
1157
1152
1154
1156
1154
1161
1161
1159
1157
1155
1157
1158
1160
1162
1160
1155
1156
1159
1162
1162
1164
1161
1156
1153
1159
1158
1161
1163
1158
1153
1154
1154
1156
1159
1157
1156
1151
1154
1154
1154
1155
1155
1153
1147
1147
1152
1151
1152
1153
1151
1144
1146
1148
1148
1149
1149
1151
1143
1143
1144
1143
1146
1146
1144
1140
1139
1141
1141
1142
1140
1141
1135
1135
1137
1137
1140
1138
1136
1131
1130
1133
1132
1134
1134
1134
1126
1126
1129
1126
1129
1128
1127
1122
1122
1126
1123
1124
1124
1122
1113
1117
1118
1117
1121
1119
1116
1111
1111
1110
1112
1112
1112
1111
1106
1109
1108
1106
1106
1104
1105
1099
1099
1100
1099
1101
1099
1098
1092
1092
1092
1092
1093
1092
1093
1086
1084
1085
1084
1085
1084
1083
1078
1078
1077
1077
1077
1074
1074
1070
1069
1069
1069
1070
1068
1066
1062
1059
1059
1060
1059
1058
1060
1054
1051
1051
1050
1050
1049
1048
1043
1041
1042
1040
1040
1038
1037
1030
1032
1031
1030
1030
1028
1027
1023
1020
1017
1020
1018
1017
1016
1013
1012
1008
1008
1007
1004
1005
1001
996
997
996
994
994
993
986
986
986
984
983
982
983
978
973
973
971
970
969
968
965
964
961
959
958
955
955
952
948
955
963
973
977
982
987
981
982
990
995
1003
1008
1014
1009
1008
1015
1022
1029
1033
1039
1035
1034
1043
1049
1055
1059
1062
1062
1059
1067
1076
1080
1085
1092
1086
1084
1093
1100
1105
1110
1117
1111
1109
1118
1123
1127
1134
1142
1136
1134
1142
1148
1154
1158
1162
1159
1158
1166
1172
1178
1186
1187
1182
1180
1187
1195
1200
1205
1211
1204
1203
1211
1217
1220
1226
1230
1224
1224
1232
1240
1245
1247
1250
1244
1245
1254
1258
1265
1269
1271
1265
1266
1272
1279
1284
1288
1291
1286
1288
1294
1298
1305
1307
1307
1305
1306
1313
1320
1322
1326
1329
1321
1324
1331
1336
1341
1344
1348
1340
1341
1349
1351
1354
1361
1362
1357
1361
1365
1368
1374
1376
1378
1372
1373
1380
1383
1389
1395
1392
1385
1389
1394
1397
1403
1407
1404
1399
1402
1409
1411
1413
1420
1417
1411
1415
1422
1427
1429
1433
1429
1422
1428
1433
1436
1441
1444
1439
1434
1439
1441
1447
1451
1455
1450
1444
1453
1454
1457
1460
1462
1459
1453
1458
1465
1466
1469
1472
1467
1461
1467
1471
1474
1477
1481
1479
1468
1474
1478
1479
1484
1488
1482
1476
1472
1470
1466
1463
1458
1455
1448
1447
1444
1441
1441
1435
1431
1424
1421
1420
1418
1414
1412
1407
1402
1399
1397
1392
1393
1389
1385
1380
1378
1380
1374
1372
1368
1363
1359
1357
1356
1354
1352
1350
1345
1340
1335
1337
1334
1332
1331
1326
1323
1320
1319
1316
1314
1310
1309
1305
1303
1304
1299
1298
1296
1291
1288
1286
1285
1283
1282
1282
1278
1273
1270
1269
1266
1267
1265
1263
1260
1256
1255
1253
1252
1251
1249
1243
1242
1242
1242
1240
1238
1236
1231
1226
1230
1228
1227
1228
1224
1219
1217
1218
1214
1216
1215
1212
1208
1206
1209
1206
1206
1204
1202
1198
1196
1197
1196
1196
1195
1194
1189
1184
1187
1186
1185
1187
1186
1183
1178
1179
1179
1178
1178
1177
1173
1171
1175
1171
1172
1171
1169
1166
1163
1164
1164
1165
1166
1165
1160
1157
1158
1155
1159
1158
1160
1156
1150
1152
1153
1153
1152
1154
1149
1145
1147
1148
1149
1149
1149
1145
1138
1143
1144
1144
1145
1145
1141
1136
1138
1137
1139
1140
1140
1137
1132
1136
1136
1136
1136
1136
1132
1128
1130
1132
1135
1133
1134
1130
1124
1127
1130
1130
1131
1132
1129
1125
1125
1127
1128
1126
1129
1125
1121
1125
1125
1126
1126
1127
1124
1119
1122
1124
1125
1125
1127
1122
1118
1120
1119
1123
1122
1125
1122
1116
1119
1120
1120
1119
1123
1118
1115
1117
1119
1122
1119
1121
1116
1110
1116
1116
1117
1119
1120
1115
1110
1113
1111
1116
1116
1117
1112
1109
1114
1112
1113
1113
1114
1110
1107
1109
1111
1111
1111
1112
1108
1102
1107
1108
1109
1109
1110
1107
1102
1105
1106
1106
1103
1108
1103
1100
1105
1103
1105
1104
1105
1099
1097
1100
1101
1102
1102
1102
1097
1095
1097
1095
1099
1099
1099
1095
1092
1095
1094
1096
1093
1095
1090
1090
1091
1092
1096
1093
1091
1087
1085
1088
1087
1089
1090
1088
1083
1083
1085
1083
1086
1086
1084
1079
1080
1083
1080
1081
1082
1080
1075
1076
1078
1077
1082
1078
1076
1072
1070
1073
1073
1074
1074
1072
1069
1067
1070
1069
1069
1068
1068
1063
1064
1066
1065
1065
1064
1062
1057
1059
1060
1060
1061
1061
1059
1054
1055
1057
1054
1056
1056
1053
1049
1051
1051
1051
1052
1050
1048
1044
1045
1047
1047
1049
1047
1044
1039
1037
1035
1031
1029
1028
1029
1025
1022
1020
1015
1013
1011
1010
1008
1005
1007
1001
998
995
993
989
988
988
984
983
980
978
977
973
972
968
965
964
963
961
961
956
953
950
947
946
945
942
941
940
934
933
930
929
926
925
921
918
917
916
913
911
909
905
902
902
899
898
898
893
890
886
885
883
881
880
876
874
872
870
868
866
863
858
859
856
854
854
850
847
846
842
837
839
836
834
832
830
829
825
822
821
816
816
814
811
809
807
805
803
800
795
795
794
791
788
787
789
782
780
777
775
773
771
769
767
767
762
760
758
755
754
751
749
747
745
744
741
739
736
733
732
730
729
726
726
721
720
718
715
713
712
710
707
705
704
702
700
698
695
690
691
689
688
687
685
681
680
678
674
674
672
670
667
666
667
662
660
659
655
654
653
650
649
648
645
644
641
639
637
635
634
631
630
629
626
625
623
621
616
617
615
614
612
610
608
606
605
601
600
600
604
608
611
616
615
615
612
616
620
621
624
626
626
622
626
628
629
631
633
631
630
633
636
637
638
640
637
631
639
640
642
643
644
641
640
642
643
645
645
647
645
643
646
646
647
646
645
646
644
646
646
650
647
647
645
641
646
645
646
646
646
644
641
642
642
639
642
641
639
638
641
638
638
638
636
633
632
633
633
632
634
630
628
626
626
625
625
624
623
622
618
619
617
617
615
614
611
611
610
610
607
606
604
602
599
600
599
598
596
598
593
591
590
588
588
587
585
583
581
583
579
576
576
573
572
571
569
568
568
565
564
561
560
558
557
555
554
552
553
550
547
546
544
541
542
540
539
538
535
533
532
531
527
529
526
525
524
523
520
519
517
516
511
513
511
510
508
510
505
504
502
498
499
497
497
495
495
492
491
489
488
485
486
484
483
482
481
477
477
476
472
473
472
470
470
469
467
466
465
463
459
462
467
472
475
482
482
482
481
483
488
492
495
499
498
499
500
505
508
511
511
515
511
516
520
526
526
530
529
526
530
534
537
541
545
546
539
545
549
551
556
558
558
555
562
563
566
570
572
570
568
574
577
581
584
587
585
582
586
587
593
596
601
599
596
600
604
606
608
612
610
608
612
617
622
622
626
622
619
624
629
631
635
640
635
633
637
640
643
646
649
646
644
651
653
655
657
661
655
657
661
664
668
668
672
669
667
668
675
678
680
683
680
679
683
685
688
687
692
690
688
693
695
698
699
702
697
698
701
704
707
708
714
708
706
710
712
715
717
718
716
716
719
720
723
724
723
723
722
726
728
732
732
734
731
729
730
735
737
737
740
738
736
740
741
742
745
747
743
742
745
751
750
751
752
748
746
751
753
754
757
757
755
753
755
754
759
760
762
759
757
760
762
763
762
762
762
761
763
765
767
767
768
764
761
762
763
761
762
761
762
756
754
755
753
750
753
751
748
747
747
746
745
745
741
740
739
740
738
738
740
736
733
731
731
730
731
730
728
727
725
725
724
724
720
722
719
718
718
718
718
716
715
712
709
712
711
711
710
711
706
705
705
703
705
704
703
699
699
701
698
699
698
696
690
693
694
693
694
692
691
688
687
686
687
687
686
685
682
685
683
682
682
680
680
678
678
678
680
678
677
675
673
672
673
674
673
673
672
669
669
670
669
666
668
667
665
665
668
665
666
664
663
662
661
662
662
663
666
661
658
658
658
658
660
660
659
659
656
657
657
656
655
656
653
654
655
656
657
656
655
651
649
654
653
654
654
656
650
651
652
651
653
653
652
649
650
653
652
652
652
651
647
649
651
650
652
653
651
647
648
649
651
651
653
651
648
653
650
651
652
651
651
649
650
651
654
653
654
652
649
651
652
653
654
655
655
651
664
680
691
701
714
720
717
725
740
749
762
771
780
793
803
815
826
837
849
857
866
877
886
895
906
916
925
936
943
954
962
971
980
991
999
1008
1016
1027
1034
1044
1039
1033
1043
1057
1064
1072
1083
1076
1072
1084
1092
1102
1109
1118
1112
1108
1122
1130
1137
1144
1152
1144
1143
1155
1164
1173
1179
1187
1182
1176
1185
1197
1204
1211
1219
1215
1211
1220
1229
1234
1241
1249
1244
1239
1251
1259
1265
1271
1279
1271
1269
1280
1288
1295
1301
1311
1303
1298
1309
1315
1319
1328
1335
1330
1327
1336
1342
1348
1352
1361
1355
1350
1360
1368
1374
1379
1386
1381
1374
1382
1392
1397
1403
1411
1404
1398
1408
1415
1418
1426
1433
1426
1420
1431
1440
1442
1447
1453
1446
1442
1452
1458
1464
1468
1474
1479
1486
1489
1497
1502
1508
1513
1519
1525
1529
1534
1540
1542
1544
1554
1559
1563
1571
1573
1579
1583
1587
1592
1597
1603
1606
1598
1594
1604
1606
1610
1612
1617
1611
1606
1613
1621
1624
1626
1630
1622
1617
1626
1631
1636
1638
1642
1637
1631
1638
1642
1647
1648
1655
1647
1641
1649
1654
1657
1662
1665
1659
1652
1660
1666
1669
1673
1678
1668
1664
1671
1673
1680
1683
1687
1683
1674
1682
1687
1689
1693
1698
1691
1683
1691
1697
1700
1702
1706
1700
1690
1699
1704
1708
1714
1714
1709
1701
1707
1712
1716
1718
1723
1716
1709
1716
1722
1723
1726
1729
1719
1715
1722
1729
1730
1732
1737
1730
1720
1729
1734
1737
1740
1744
1737
1730
1737
1741
1743
1743
1750
1743
1736
1744
1746
1748
1751
1753
1747
1741
1747
1751
1754
1757
1765
1752
1746
1752
1755
1758
1761
1765
1759
1750
1756
1760
1762
1764
1768
1761
1754
1760
1764
1768
1769
1772
1764
1758
1763
1768
1771
1772
1776
1769
1761
1767
1768
1774
1776
1779
1772
1765
1772
1775
1777
1779
1782
1771
1768
1774
1778
1779
1781
1785
1777
1768
1776
1780
1783
1783
1787
1780
1776
1778
1782
1783
1785
1788
1781
1774
1781
1784
1786
1788
1790
1781
1776
1782
1784
1787
1789
1792
1788
1777
1783
1786
1786
1790
1793
1786
1782
1785
1788
1789
1790
1794
1787
1780
1785
1789
1790
1795
1795
1788
1782
1786
1786
1791
1794
1798
1788
1780
1782
1782
1777
1779
1777
1774
1767
1763
1764
1761
1762
1758
1756
1746
1745
1745
1745
1745
1741
1738
1730
1727
1729
1727
1727
1725
1722
1715
1715
1714
1712
1711
1707
1707
1699
1697
1702
1696
1697
1695
1691
1684
1684
1684
1682
1683
1681
1680
1671
1670
1671
1668
1668
1666
1665
1659
1656
1658
1656
1656
1652
1652
1644
1643
1645
1643
1645
1643
1640
1633
1632
1631
1632
1632
1632
1632
1622
1621
1622
1620
1622
1621
1618
1611
1610
1612
1614
1611
1610
1607
1599
1600
1601
1601
1603
1600
1597
1589
1589
1588
1591
1591
1592
1586
1580
1584
1582
1582
1582
1581
1574
1571
1573
1574
1574
1573
1574
1569
1561
1564
1565
1566
1565
1565
1561
1555
1555
1558
1557
1555
1557
1553
1547
1552
1549
1549
1549
1549
1545
1538
1541
1542
1542
1543
1546
1538
1532
1534
1535
1535
1536
1536
1533
1525
1528
1529
1528
1529
1530
1525
1519
1521
1523
1524
1524
1524
1519
1512
1514
1517
1517
1519
1518
1514
1506
1510
1509
1511
1512
1513
1508
1502
1507
1506
1507
1507
1508
1500
1497
1500
1502
1505
1504
1504
1498
1491
1496
1497
1499
1498
1500
1496
1491
1488
1488
1485
1483
1482
1478
1472
1473
1472
1470
1469
1468
1461
1457
1457
1457
1455
1454
1455
1450
1443
1443
1443
1439
1441
1440
1436
1434
1430
1431
1429
1428
1428
1424
1417
1418
1419
1417
1419
1416
1412
1406
1404
1407
1405
1405
1407
1400
1395
1395
1394
1396
1394
1393
1389
1384
1385
1388
1385
1384
1383
1379
1374
1374
1375
1375
1373
1373
1370
1364
1361
1365
1364
1365
1365
1361
1358
1356
1357
1356
1355
1355
1351
1346
1348
1348
1347
1347
1347
1342
1338
1339
1340
1339
1339
1341
1336
1329
1331
1332
1328
1332
1332
1329
1326
1323
1325
1324
1323
1325
1321
1315
1316
1318
1318
1318
1317
1316
1317
1316
1318
1319
1320
1321
1323
1320
1321
1321
1319
1322
1322
1323
1323
1322
1324
1324
1324
1324
1324
1321
1326
1326
1326
1329
1326
1327
1327
1322
1317
1318
1320
1319
1319
1321
1316
1310
1312
1313
1310
1313
1313
1310
1305
1306
1307
1308
1307
1307
1304
1298
1300
1301
1302
1302
1303
1298
1291
1291
1295
1294
1296
1299
1293
1287
1289
1289
1289
1290
1291
1287
1283
1284
1285
1285
1285
1285
1279
1278
1278
1280
1283
1280
1280
1277
1271
1276
1281
1284
1288
1291
1290
1288
1287
1293
1294
1297
1301
1301
1295
1297
1303
1304
1309
1311
1307
1304
1307
1313
1314
1318
1322
1319
1313
1316
1320
1318
1327
1329
1328
1326
1325
1330
1331
1334
1337
1336
1330
1333
1337
1340
1344
1345
1344
1338
1338
1345
1347
1350
1355
1351
1345
1347
1351
1353
1357
1359
1357
1351
1354
1360
1360
1363
1365
1360
1358
1360
1365
1367
1369
1372
1369
1362
1363
1370
1371
1374
1376
1378
1383
1385
1387
1389
1392
1391
1397
1400
1403
1407
1408
1410
1412
1411
1416
1418
1421
1422
1425
1428
1434
1433
1434
1436
1437
1440
1441
1435
1433
1435
1437
1439
1439
1439
1435
1432
1435
1437
1441
1443
1443
1437
1432
1435
1438
1440
1440
1445
1436
1432
1437
1438
1439
1441
1443
1436
1433
1437
1440
1441
1441
1443
1436
1430
1437
1438
1441
1444
1443
1435
1432
1436
1437
1440
1441
1442
1435
1432
1438
1438
1439
1439
1441
1435
1432
1435
1437
1439
1439
1440
1434
1429
1434
1436
1438
1438
1439
1434
1430
1433
1434
1436
1434
1438
1432
1429
1434
1434
1435
1435
1435
1429
1427
1430
1432
1433
1434
1438
1428
1423
1421
1417
1416
1414
1411
1407
1400
1399
1396
1394
1391
1389
1384
1379
1378
1376
1375
1371
1368
1363
1358
1356
1355
1354
1351
1351
1343
1339
1338
1334
1334
1331
1329
1323
1320
1318
1320
1315
1313
1311
1304
1301
1300
1299
1298
1294
1292
1287
1284
1281
1281
1279
1279
1275
1270
1269
1266
1264
1262
1259
1255
1254
1250
1250
1251
1246
1244
1244
1237
1233
1234
1233
1231
1229
1228
1225
1219
1218
1216
1214
1213
1212
1208
1205
1207
1202
1201
1198
1196
1192
1189
1189
1188
1186
1185
1186
1178
1175
1175
1172
1172
1170
1169
1165
1162
1161
1159
1158
1154
1155
1151
1149
1148
1146
1147
1143
1142
1138
1134
1132
1134
1132
1132
1132
1125
1123
1122
1120
1120
1118
1117
1112
1110
1110
1112
1108
1105
1104
1098
1097
1098
1096
1096
1097
1092
1088
1086
1084
1084
1085
1082
1080
1076
1075
1074
1073
1072
1070
1065
1065
1063
1063
1065
1060
1059
1058
1053
1052
1052
1051
1050
1048
1047
1044
1041
1041
1040
1037
1037
1036
1032
1031
1031
1028
1028
1026
1022
1021
1020
1019
1019
1018
1018
1015
1010
1010
1009
1004
1007
1007
1005
1002
999
999
997
996
992
993
990
986
988
986
989
984
983
979
975
976
976
975
974
975
968
967
966
963
964
963
962
958
957
958
955
954
952
950
945
946
946
945
946
943
941
938
936
936
935
935
933
933
930
927
925
925
925
921
923
919
917
918
918
916
914
913
907
908
908
907
907
906
908
901
899
899
897
899
897
896
893
893
890
889
888
886
887
884
881
881
882
882
879
878
875
872
870
872
872
871
871
867
864
864
864
859
862
863
859
855
857
856
855
854
854
846
848
848
849
848
846
846
842
840
837
839
839
838
838
836
835
833
832
832
829
830
828
825
825
827
824
823
822
820
817
818
818
817
818
817
814
811
810
810
806
809
809
807
805
804
804
803
803
799
800
797
797
797
796
800
795
794
791
787
790
790
789
789
791
785
783
784
782
783
783
781
779
777
779
778
777
776
775
769
771
771
771
772
771
770
766
765
762
765
765
764
764
760
759
759
760
759
755
759
755
754
755
754
754
754
754
749
748
750
750
749
749
752
746
743
743
742
743
743
743
740
740
738
737
737
735
735
733
730
731
731
732
730
729
726
723
721
724
723
724
725
720
718
718
717
715
716
715
713
711
711
710
710
709
709
704
704
704
703
704
705
701
699
696
696
696
696
695
695
692
692
690
689
688
687
686
685
682
682
683
681
680
680
677
673
675
675
674
674
673
673
668
668
667
665
666
665
663
661
663
661
659
659
658
653
653
654
653
652
651
654
648
646
646
643
644
643
642
640
641
638
637
637
636
634
633
631
630
631
631
629
628
624
623
622
622
622
621
621
618
617
616
615
612
613
613
611
609
609
611
607
607
606
602
601
601
600
600
602
598
596
594
593
593
592
591
591
589
589
587
586
585
583
583
581
580
580
579
578
576
575
573
569
572
571
570
569
569
567
565
566
563
560
562
561
559
558
556
553
552
550
546
545
544
542
540
538
539
535
534
531
529
528
527
525
523
523
520
518
516
514
513
512
510
508
507
507
504
502
500
499
495
496
494
493
492
491
488
487
485
482
482
481
479
478
477
478
473
472
472
468
467
466
465
463
464
461
459
457
455
454
454
452
450
450
450
447
446
443
442
438
440
439
437
437
438
433
433
432
430
429
427
426
425
424
425
421
420
419
416
415
415
414
412
412
410
409
408
406
403
404
403
402
401
401
398
397
396
395
391
393
392
390
389
391
387
386
384
382
383
382
380
379
378
380
376
376
374
371
372
371
370
369
370
366
366
365
362
359
361
360
359
359
359
356
355
354
352
348
351
351
349
349
350
346
345
344
342
342
341
341
339
338
338
336
335
334
332
333
332
331
330
330
328
327
326
325
321
323
322
322
321
322
318
318
317
314
315
314
313
312
314
311
310
310
310
311
312
314
315
314
314
316
316
317
317
317
317
316
319
320
322
321
322
322
320
320
323
323
324
325
328
322
324
325
325
327
328
326
326
328
330
329
330
331
327
328
330
332
332
333
333
333
331
332
331
336
335
336
334
336
335
337
337
337
338
338
336
337
339
342
340
341
340
337
340
341
341
342
344
342
341
342
343
341
345
345
344
343
346
346
345
346
347
343
345
347
348
348
352
350
349
347
347
349
350
351
351
351
353
350
351
351
351
353
354
351
352
355
354
354
355
354
350
354
355
355
355
358
357
355
355
356
353
358
359
357
357
358
359
359
360
358
359
358
359
360
361
364
362
361
360
359
362
362
363
363
365
362
362
363
363
361
364
365
363
363
366
365
365
365
366
361
364
366
366
367
368
367
366
365
365
367
368
368
368
367
369
368
368
369
366
370
368
367
368
373
370
370
371
369
368
370
370
371
372
374
371
369
369
368
366
367
368
366
366
367
365
365
364
362
362
361
361
361
362
364
361
359
358
358
357
358
357
359
357
355
355
355
355
353
355
353
354
352
353
354
352
352
350
347
348
350
350
350
351
348
348
348
346
347
347
347
346
345
348
345
345
345
344
343
343
343
343
345
343
343
342
340
338
342
341
340
341
341
339
339
339
339
336
339
338
337
338
340
337
336
338
334
335
336
336
336
335
339
334
334
334
333
334
335
334
332
333
333
332
333
332
330
331
331
331
331
332
331
331
329
329
328
330
330
329
330
331
328
328
329
328
328
328
327
326
328
330
328
328
328
325
326
327
327
327
328
327
326
325
326
323
326
326
326
325
325
325
325
326
325
322
324
323
324
324
328
324
324
323
321
323
323
324
323
324
326
322
322
322
322
322
323
322
321
322
322
322
323
322
318
321
321
322
322
322
322
320
320
321
318
322
322
321
320
322
318
316
315
313
313
311
310
309
308
310
306
304
303
302
301
300
299
298
298
297
295
295
294
291
291
291
289
289
289
286
286
285
283
281
282
281
280
280
282
278
277
276
274
274
274
273
272
271
273
271
269
267
266
266
265
264
263
264
262
261
259
259
256
258
257
256
255
255
255
253
252
252
250
250
250
249
249
249
246
246
245
243
243
243
242
241
241
243
240
239
238
236
237
236
235
235
235
233
232
231
231
228
230
229
229
228
228
225
225
225
224
221
223
222
222
222
221
221
219
219
215
217
217
216
216
217
214
214
213
212
211
211
211
210
210
212
208
209
207
205
206
206
204
203
204
205
202
201
201
198
200
199
199
198
199
197
196
196
195
194
194
194
193
192
194
191
191
190
189
187
189
188
188
188
190
186
185
185
184
183
183
183
182
183
184
181
180
179
178
178
178
178
177
177
177
175
175
175
173
173
173
172
172
174
174
176
179
180
179
183
182
184
187
191
190
192
193
192
193
196
197
200
202
206
202
203
205
206
209
210
212
211
213
215
217
219
220
218
221
221
224
226
228
230
230
230
231
231
235
237
239
239
240
240
243
244
245
245
248
248
249
252
255
256
257
258
256
255
261
262
266
268
271
266
268
271
272
274
276
278
276
277
283
282
284
286
287
284
287
290
292
294
299
297
296
297
299
301
305
306
306
306
310
310
312
314
313
317
315
317
320
324
324
327
328
325
324
331
332
335
337
340
337
338
341
343
345
348
350
348
350
353
354
357
358
360
360
360
364
366
369
374
373
371
371
373
377
380
382
385
385
383
386
389
392
394
397
395
395
399
405
404
406
409
406
407
411
414
417
420
422
419
420
424
424
430
432
434
432
433
437
438
442
444
444
445
445
449
453
458
458
461
459
458
462
466
469
472
475
474
473
477
480
483
482
488
486
485
489
495
494
496
498
495
495
499
503
505
507
513
508
506
510
512
516
518
520
518
519
521
524
526
528
528
529
527
531
535
538
539
542
539
537
540
544
547
549
552
551
549
552
555
557
558
562
559
558
562
566
568
570
572
570
566
573
576
578
581
584
580
580
583
583
589
591
593
590
589
596
595
598
600
601
599
599
603
606
608
610
612
609
609
610
615
617
620
622
620
621
622
624
627
627
630
628
627
631
636
637
638
638
637
635
640
643
646
647
651
647
645
649
651
651
656
659
656
654
658
661
663
664
666
663
663
665
669
671
676
675
672
670
672
677
678
680
683
682
678
682
684
685
687
690
687
685
688
693
693
694
697
693
688
694
697
699
701
703
700
698
699
700
705
706
707
705
703
709
708
709
711
710
709
708
710
713
717
715
716
714
711
715
716
718
719
720
720
716
718
719
719
721
723
720
718
724
722
723
724
723
723
720
723
724
726
730
727
723
721
723
724
725
726
727
726
724
724
725
725
726
727
723
722
724
726
724
724
725
722
717
722
723
723
723
724
720
719
720
718
721
722
721
717
716
719
717
717
717
715
713
712
714
713
715
712
712
709
706
707
707
707
706
706
706
701
701
701
699
699
699
697
695
697
694
694
693
691
690
688
688
687
686
687
685
682
680
679
675
678
677
676
674
672
671
671
669
665
667
665
663
662
662
661
659
658
655
651
653
652
650
649
651
646
645
644
642
641
639
638
636
634
636
633
632
630
628
624
624
624
621
622
620
618
616
614
611
611
613
611
609
606
607
604
602
601
598
598
596
595
594
596
592
590
588
585
585
584
582
581
581
582
577
575
574
572
572
571
569
567
569
565
564
563
561
559
558
557
556
555
556
554
551
549
549
544
546
546
544
544
542
539
539
538
535
536
535
533
532
532
531
529
529
527
522
523
521
520
516
518
513
512
509
507
506
505
502
500
499
500
496
494
492
489
488
487
484
483
484
480
478
476
474
472
471
470
468
466
467
463
461
460
456
456
455
453
451
452
448
446
445
444
441
440
439
438
435
437
433
431
430
428
423
425
424
422
421
423
418
416
415
413
412
412
409
408
407
407
404
402
401
399
397
397
396
395
395
392
391
391
389
386
387
386
386
384
384
382
382
381
380
378
378
378
377
377
379
376
374
373
373
373
373
372
372
371
374
370
370
371
369
371
370
368
369
371
370
370
370
368
366
370
370
371
371
374
370
370
371
372
371
374
375
373
373
377
376
378
378
379
377
378
381
382
383
387
385
384
385
387
385
391
391
393
392
395
395
397
399
400
402
400
402
405
407
412
411
412
410
411
414
417
420
423
423
422
423
428
429
430
435
435
432
436
441
445
446
449
448
445
449
454
457
460
466
462
460
462
465
465
469
470
469
467
472
472
475
477
478
473
475
479
482
484
489
489
487
485
488
491
494
497
500
499
500
501
505
507
508
513
511
509
514
519
521
523
527
525
520
528
533
535
539
543
542
539
544
549
550
556
560
557
555
564
565
569
573
577
573
574
579
584
588
593
596
594
592
598
599
607
612
616
614
612
618
623
628
630
637
634
632
639
645
653
654
659
656
654
662
667
672
676
683
678
677
685
690
693
700
705
702
701
709
714
719
723
729
722
726
733
738
744
750
755
750
749
757
763
769
773
779
775
777
783
789
795
799
802
801
800
809
815
821
825
830
826
823
835
840
846
851
856
854
852
859
865
872
876
882
877
878
889
893
898
903
908
904
904
913
919
926
931
935
930
931
939
942
952
956
961
958
957
966
972
979
983
988
983
983
994
999
1008
1010
1014
1009
1010
1017
1025
1032
1037
1044
1037
1037
1047
1052
1056
1063
1068
1063
1063
1076
1087
1094
1100
1107
1101
1100
1115
1122
1132
1140
1145
1139
1139
1152
1159
1169
1175
1181
1175
1177
1191
1196
1205
1211
1214
1210
1212
1225
1231
1241
1246
1252
1245
1245
1259
1265
1274
1280
1284
1279
1280
1292
1298
1307
1311
1317
1311
1313
1326
1331
1339
1345
1348
1338
1345
1356
1363
1371
1378
1381
1372
1377
1389
1393
1398
1407
1409
1402
1410
1417
1423
1431
1436
1438
1432
1436
1447
1452
1462
1468
1475
1482
1489
1493
1503
1511
1517
1526
1531
1538
1545
1551
1558
1563
1571
1577
1584
1591
1599
1604
1609
1617
1623
1627
1636
1642
1646
1640
1637
1646
1652
1657
1662
1667
1658
1658
1668
1675
1681
1685
1693
1696
1702
1709
1717
1722
1732
1735
1740
1747
1753
1759
1764
1770
1775
1780
1786
1793
1797
1803
1809
1814
1817
1825
1832
1838
1843
1848
1850
1841
1837
1848
1853
1860
1863
1868
1859
1859
1865
1870
1877
1879
1886
1876
1872
1885
1887
1893
1896
1902
1893
1889
1898
1904
1910
1914
1922
1911
1906
1915
1921
1923
1930
1938
1931
1922
1931
1938
1943
1945
1954
1946
1938
1948
1955
1960
1968
1971
1974
1980
1975
1966
1968
1972
1973
1972
1973
1974
1975
1976
1978
1979
1980
1980
1982
1984
1985
1985
1985
1984
1983
1986
1987
1989
1989
1989
1990
1991
1990
1992
1993
1994
1994
1993
1984
1979
1980
1981
1982
1980
1979
1974
1965
1969
1970
1970
1970
1970
1962
1956
1957
1960
1958
1959
1959
1958
1946
1945
1948
1946
1948
1947
1946
1940
1934
1937
1936
1935
1936
1935
1927
1923
1925
1925
1928
1926
1926
1917
1910
1913
1913
1914
1916
1914
1906
1898
1900
1902
1902
1902
1903
1897
1889
1893
1892
1890
1890
1889
1886
1877
1878
1883
1878
1879
1879
1876
1870
1867
1868
1867
1869
1867
1869
1859
1854
1857
1856
1856
1856
1858
1850
1843
1845
1846
1844
1842
1845
1839
1831
1833
1833
1834
1837
1833
1828
1820
1819
1822
1821
1822
1824
1818
1811
1809
1810
1809
1810
1809
1808
1799
1796
1801
1797
1798
1796
1796
1789
1784
1787
1787
1785
1785
1785
1778
1769
1773
1774
1773
1773
1772
1768
1763
1761
1762
1760
1760
1760
1757
1749
1751
1750
1748
1749
1747
1745
1738
1735
1736
1736
1736
1736
1734
1726
1723
1725
1722
1724
1722
1723
1717
1711
1722
1731
1737
1740
1751
1745
1737
1747
1756
1763
1769
1775
1771
1763
1769
1781
1785
1793
1800
1795
1787
1794
1802
1808
1815
1820
1819
1810
1817
1827
1829
1836
1842
1838
1829
1837
1846
1853
1857
1862
1860
1851
1854
1866
1870
1878
1882
1881
1873
1879
1885
1889
1895
1898
1899
1890
1895
1906
1907
1912
1919
1915
1907
1913
1921
1925
1931
1937
1936
1925
1931
1939
1942
1948
1954
1950
1942
1948
1956
1959
1965
1968
1967
1959
1965
1972
1975
1983
1988
1984
1975
1980
1986
1992
1998
2003
2002
1990
1995
2003
2005
2013
2017
2014
2005
2009
2018
2022
2027
2030
2030
2019
2019
2031
2033
2041
2044
2045
2035
2034
2042
2047
2053
2056
2059
2049
2047
2057
2060
2066
2068
2072
2060
2059
2068
2074
2079
2080
2086
2076
2069
2081
2085
2091
2094
2098
2088
2085
2092
2096
2102
2105
2109
2102
2094
2106
2108
2113
2116
2120
2111
2105
2113
2118
2124
2127
2134
2123
2115
2124
2129
2131
2137
2143
2134
2128
2134
2139
2143
2145
2151
2143
2134
2142
2148
2152
2158
2161
2156
2146
2149
2154
2160
2166
2170
2168
2157
2158
2166
2165
2173
2176
2175
2164
2167
2176
2182
2187
2191
2193
2181
2180
2190
2194
2203
2203
2209
2199
2192
2202
2208
2213
2217
2223
2214
2206
2214
2220
2225
2229
2232
2229
2218
2227
2232
2235
2241
2245
2238
2231
2235
2243
2245
2251
2255
2257
2244
2244
2252
2254
2261
2265
2266
2255
2253
2261
2264
2268
2272
2277
2266
2260
2269
2274
2281
2281
2287
2277
2266
2275
2282
2286
2292
2294
2286
2275
2282
2289
2292
2297
2301
2295
2285
2290
2297
2298
2303
2306
2302
2292
2294
2303
2304
2310
2312
2312
2299
2300
2307
2310
2315
2317
2319
2310
2304
2311
2315
2319
2320
2326
2315
2310
2315
2319
2323
2324
2331
2321
2310
2318
2323
2325
2331
2334
2327
2316
2319
2323
2328
2333
2337
2331
2321
2321
2330
2329
2334
2336
2335
2325
2323
2331
2331
2336
2336
2338
2324
2323
2329
2333
2335
2336
2340
2329
2317
2328
2331
2334
2335
2339
2331
2323
2326
2330
2332
2334
2338
2333
2322
2324
2328
2329
2332
2332
2331
2320
2319
2325
2325
2330
2331
2330
2318
2315
2319
2320
2324
2324
2330
2316
2309
2314
2315
2319
2319
2322
2312
2302
2307
2310
2311
2313
2314
2307
2292
2300
2305
2309
2310
2313
2306
2295
2297
2305
2305
2310
2312
2307
2298
2302
2304
2306
2309
2311
2308
2298
2299
2308
2305
2310
2311
2307
2298
2298
2304
2304
2308
2310
2308
2297
2298
2304
2305
2305
2309
2307
2299
2296
2303
2304
2306
2309
2307
2296
2296
2302
2303
2307
2311
2305
2294
2295
2300
2302
2306
2308
2305
2294
2295
2301
2298
2305
2306
2304
2294
2295
2300
2304
2306
2308
2305
2294
2293
2301
2302
2307
2307
2305
2295
2292
2301
2301
2306
2307
2305
2294
2297
2301
2301
2304
2307
2303
2292
2294
2303
2301
2306
2307
2302
2293
2294
2300
2301
2305
2307
2304
2292
2294
2299
2300
2302
2307
2303
2294
2295
2301
2302
2304
2308
2303
2292
2295
2301
2303
2308
2309
2302
2292
2295
2298
2303
2306
2312
2303
2292
2296
2301
2303
2306
2311
2303
2292
2297
2303
2303
2307
2310
2302
2289
2298
2303
2308
2308
2312
2303
2291
2299
2305
2306
2309
2312
2303
2294
2301
2305
2307
2310
2310
2304
2295
2304
2305
2308
2310
2313
2302
2295
2303
2306
2309
2310
2314
2303
2297
2303
2305
2306
2310
2313
2304
2296
2303
2307
2309
2311
2314
2303
2297
2306
2311
2317
2320
2326
2317
2306
2312
2322
2325
2332
2335
2326
2315
2323
2329
2333
2337
2342
2335
2324
2331
2341
2340
2345
2347
2341
2333
2337
2346
2345
2350
2353
2350
2339
2341
2349
2349
2355
2358
2358
2346
2345
2353
2354
2357
2361
2361
2354
2347
2355
2358
2362
2364
2367
2355
2349
2357
2362
2365
2370
2370
2359
2352
2356
2363
2366
2369
2373
2362
2353
2359
2362
2367
2370
2374
2364
2354
2362
2369
2368
2371
2375
2365
2355
2362
2367
2367
2371
2374
2368
2355
2361
2366
2367
2370
2372
2368
2360
2359
2364
2365
2368
2370
2370
2358
2357
2363
2364
2368
2367
2370
2358
2355
2361
2362
2367
2368
2370
2359
2352
2357
2357
2364
2365
2372
2358
2350
2354
2358
2360
2363
2366
2357
2346
2352
2357
2357
2359
2362
2355
2341
2347
2352
2356
2355
2358
2352
2339
2344
2349
2348
2351
2352
2349
2339
2339
2344
2343
2348
2348
2347
2337
2336
2339
2340
2343
2342
2345
2334
2328
2333
2336
2338
2338
2340
2330
2323
2328
2327
2333
2333
2339
2326
2318
2323
2326
2327
2329
2332
2323
2312
2317
2320
2323
2324
2325
2319
2306
2311
2314
2317
2318
2318
2314
2303
2295
2295
2290
2287
2281
2276
2266
2263
2258
2253
2250
2244
2242
2233
2225
2223
2220
2217
2213
2208
2202
2193
2193
2190
2188
2184
2183
2174
2165
2164
2160
2160
2158
2157
2151
2140
2138
2137
2133
2133
2130
2126
2117
2114
2115
2111
2111
2108
2105
2093
2093
2093
2092
2090
2088
2087
2077
2071
2072
2072
2071
2070
2069
2063
2053
2055
2055
2053
2049
2052
2046
2040
2038
2040
2038
2037
2034
2032
2023
2023
2025
2023
2025
2023
2020
2012
2009
2009
2012
2012
2012
2010
2001
1998
2000
1997
2002
2000
2001
1993
1987
1991
1994
1991
1991
1992
1982
1977
1981
1983
1982
1983
1983
1977
1967
1972
1974
1974
1975
1976
1973
1967
1965
1968
1967
1967
1969
1968
1960
1960
1961
1962
1964
1961
1965
1957
1953
1956
1958
1960
1963
1963
1954
1946
1950
1954
1955
1956
1962
1952
1944
1948
1948
1951
1954
1956
1951
1942
1946
1951
1949
1952
1953
1946
1941
1942
1948
1948
1951
1952
1950
1938
1941
1946
1947
1950
1951
1952
1943
1941
1945
1946
1947
1950
1951
1944
1939
1943
1946
1948
1947
1953
1944
1937
1943
1946
1949
1954
1954
1946
1937
1942
1948
1949
1952
1955
1948
1939
1944
1948
1952
1957
1959
1961
1952
1949
1959
1958
1963
1964
1967
1961
1954
1961
1966
1966
1969
1973
1964
1957
1964
1967
1969
1972
1975
1973
1960
1965
1970
1970
1975
1977
1974
1965
1967
1972
1973
1975
1979
1977
1968
1968
1974
1975
1983
1980
1982
1972
1968
1975
1978
1982
1983
1985
1976
1971
1974
1979
1981
1983
1986
1978
1971
1976
1979
1981
1983
1983
1979
1971
1976
1979
1980
1983
1985
1978
1972
1975
1979
1979
1983
1985
1982
1973
1972
1976
1974
1980
1980
1983
1972
1969
1974
1975
1978
1978
1981
1972
1966
1971
1975
1975
1976
1978
1970
1962
1967
1970
1974
1973
1975
1969
1959
1964
1967
1968
1970
1972
1968
1962
1960
1964
1964
1964
1966
1964
1956
1957
1959
1959
1962
1960
1961
1952
1950
1954
1954
1957
1961
1958
1948
1945
1946
1950
1952
1952
1957
1946
1939
1943
1943
1946
1947
1949
1941
1933
1937
1943
1940
1942
1943
1936
1929
1932
1935
1937
1936
1937
1934
1924
1925
1929
1928
1931
1931
1931
1925
1919
1922
1923
1925
1925
1926
1917
1914
1916
1918
1920
1918
1918
1913
1906
1910
1912
1913
1914
1915
1909
1901
1903
1905
1906
1908
1908
1904
1895
1898
1907
1907
1917
1921
1922
1914
1914
1923
1926
1931
1934
1938
1927
1927
1935
1940
1945
1948
1954
1946
1935
1947
1953
1957
1961
1966
1960
1954
1959
1964
1968
1971
1977
1974
1965
1972
1976
1979
1984
1985
1987
1979
1979
1986
1989
1995
2000
2000
1990
1988
1994
1999
2003
2006
2011
2002
1995
2002
2004
2011
2014
2018
2011
2002
2010
2017
2018
2021
2025
2019
2011
2015
2022
2024
2028
2030
2028
2016
2021
2027
2028
2033
2036
2036
2029
2026
2033
2034
2037
2040
2041
2033
2033
2035
2038
2043
2043
2049
2039
2032
2040
2043
2047
2051
2053
2045
2036
2042
2047
2049
2053
2058
2051
2040
2046
2050
2052
2057
2059
2057
2048
2048
2056
2055
2060
2061
2060
2050
2050
2056
2060
2062
2064
2066
2056
2052
2059
2061
2065
2066
2070
2062
2054
2060
2063
2066
2065
2072
2066
2058
2063
2067
2068
2070
2073
2068
2058
2063
2069
2069
2074
2075
2071
2062
2064
2067
2070
2074
2078
2074
2065
2065
2070
2071
2076
2077
2077
2067
2066
2074
2072
2077
2077
2080
2070
2066
2072
2077
2077
2079
2082
2072
2066
2072
2075
2077
2079
2082
2077
2065
2072
2075
2077
2077
2082
2077
2069
2066
2066
2062
2062
2059
2054
2045
2043
2043
2040
2041
2037
2033
2025
2021
2018
2018
2019
2016
2013
2004
1999
1999
1995
1997
1994
1994
1985
1977
1979
1977
1976
1974
1974
1963
1957
1957
1959
1956
1954
1952
1947
1936
1937
1938
1935
1934
1933
1929
1920
1918
1919
1916
1912
1913
1910
1902
1899
1899
1897
1897
1892
1892
1884
1880
1881
1879
1879
1880
1875
1868
1861
1860
1861
1860
1859
1861
1850
1843
1845
1843
1843
1841
1839
1835
1827
1827
1829
1825
1824
1823
1817
1811
1809
1810
1810
1807
1804
1803
1794
1792
1793
1791
1790
1788
1787
1781
1775
1776
1775
1772
1769
1771
1763
1759
1759
1758
1757
1754
1753
1748
1741
1742
1741
1740
1740
1739
1733
1726
1726
1723
1724
1723
1722
1720
1711
1709
1711
1705
1708
1706
1704
1696
1695
1695
1697
1691
1691
1689
1681
1679
1679
1678
1680
1677
1676
1669
1663
1664
1664
1663
1662
1662
1656
1651
1651
1650
1649
1648
1647
1643
1637
1638
1637
1636
1635
1634
1627
1624
1623
1625
1622
1623
1623
1618
1612
1611
1612
1606
1610
1608
1607
1603
1597
1598
1597
1597
1596
1596
1589
1584
1584
1582
1583
1577
1576
1569
1563
1563
1562
1560
1560
1556
1551
1545
1543
1542
1540
1537
1535
1531
1526
1526
1522
1519
1518
1513
1512
1506
1503
1504
1499
1497
1495
1492
1484
1482
1481
1479
1477
1473
1473
1466
1462
1460
1457
1455
1452
1450
1446
1439
1438
1436
1433
1428
1428
1424
1418
1417
1415
1415
1410
1407
1403
1397
1395
1393
1389
1389
1385
1381
1376
1372
1370
1367
1365
1362
1359
1355
1354
1348
1345
1342
1337
1336
1332
1327
1328
1323
1319
1317
1314
1309
1304
1302
1300
1296
1294
1294
1287
1282
1279
1274
1273
1270
1267
1264
1259
1256
1253
1250
1244
1243
1240
1236
1232
1230
1228
1223
1220
1217
1212
1206
1206
1202
1200
1199
1193
1189
1187
1181
1179
1177
1173
1170
1166
1163
1163
1157
1153
1149
1145
1143
1139
1137
1135
1130
1127
1123
1120
1115
1114
1110
1108
1105
1103
1102
1094
1091
1088
1084
1082
1079
1076
1073
1070
1066
1062
1060
1055
1054
1051
1047
1044
1041
1041
1036
1033
1029
1025
1025
1021
1017
1015
1014
1008
1005
1003
999
995
994
992
989
986
985
981
977
975
972
968
966
966
967
969
968
967
967
963
961
963
964
965
964
966
964
959
961
962
960
963
965
962
959
960
962
963
964
963
964
960
962
964
965
971
968
967
962
965
969
970
972
974
976
970
970
974
975
979
980
982
978
977
984
984
988
989
992
986
987
992
995
1000
1001
1005
1002
997
1001
1008
1010
1014
1018
1018
1012
1016
1022
1024
1026
1033
1032
1027
1032
1037
1040
1045
1049
1048
1046
1047
1054
1059
1064
1068
1069
1065
1065
1071
1077
1082
1086
1093
1086
1084
1090
1096
1099
1106
1112
1108
1105
1113
1122
1124
1129
1134
1131
1128
1134
1141
1148
1152
1157
1157
1151
1157
1165
1169
1176
1181
1183
1178
1181
1190
1195
1200
1207
1213
1207
1209
1216
1222
1229
1232
1241
1235
1233
1242
1248
1256
1261
1268
1264
1258
1265
1277
1282
1289
1297
1293
1287
1295
1303
1309
1317
1323
1324
1318
1324
1335
1338
1347
1351
1353
1350
1351
1362
1370
1376
1381
1389
1381
1379
1391
1398
1406
1411
1420
1417
1408
1419
1429
1434
1443
1450
1447
1442
1451
1460
1466
1473
1480
1479
1472
1481
1491
1497
1508
1512
1511
1505
1513
1532
1540
1555
1566
1572
1565
1569
1585
1593
1610
1619
1630
1623
1621
1640
1651
1662
1674
1687
1676
1673
1692
1705
1716
1728
1740
1735
1724
1744
1758
1769
1781
1793
1792
1785
1796
1811
1821
1832
1845
1847
1838
1849
1864
1872
1887
1895
1902
1893
1898
1916
1924
1938
1951
1957
1947
1948
1964
1976
1990
1999
2012
2001
1998
2014
2025
2040
2049
2064
2053
2045
2066
2082
2090
2101
2114
2104
2096
2115
2129
2139
2150
2163
2158
2145
2164
2179
2187
2201
2211
2212
2204
2210
2227
2235
2248
2259
2263
2252
2257
2274
2283
2298
2304
2314
2302
2303
2321
2332
2345
2356
2364
2352
2350
2364
2379
2391
2402
2414
2403
2393
2411
2425
2435
2446
2457
2450
2439
2456
2469
2478
2489
2499
2492
2483
2496
2514
2519
2531
2541
2537
2526
2536
2552
2560
2572
2580
2582
2569
2576
2591
2598
2608
2619
2625
2611
2612
2628
2637
2648
2656
2665
2652
2647
2664
2674
2687
2692
2704
2689
2681
2698
2710
2721
2727
2739
2725
2714
2731
2743
2752
2761
2771
2758
2747
2765
2775
2784
2792
2799
2791
2779
2795
2806
2813
2822
2829
2823
2809
2810
2814
2813
2815
2816
2808
2794
2795
2798
2795
2799
2800
2793
2779
2780
2783
2779
2785
2785
2778
2765
2764
2768
2768
2769
2769
2763
2750
2748
2753
2753
2754
2753
2747
2734
2732
2738
2736
2738
2738
2731
2718
2721
2721
2720
2721
2719
2716
2704
2705
2705
2703
2705
2703
2700
2688
2685
2687
2687
2688
2687
2682
2670
2667
2670
2665
2670
2669
2670
2654
2649
2653
2647
2652
2651
2647
2635
2631
2635
2634
2634
2632
2629
2616
2613
2616
2615
2616
2613
2612
2600
2591
2596
2596
2598
2594
2594
2583
2577
2577
2577
2577
2575
2575
2565
2556
2558
2558
2555
2556
2553
2546
2533
2537
2538
2537
2536
2538
2528
2516
2518
2518
2515
2516
2516
2508
2496
2497
2497
2492
2496
2493
2486
2476
2476
2477
2477
2474
2473
2464
2453
2453
2455
2453
2452
2450
2443
2433
2429
2432
2429
2429
2427
2420
2411
2408
2407
2406
2405
2398
2400
2389
2386
2385
2382
2381
2378
2375
2365
2361
2361
2358
2357
2355
2350
2340
2335
2335
2331
2331
2328
2327
2315
2310
2310
2307
2305
2302
2299
2289
2283
2284
2282
2279
2275
2273
2264
2253
2256
2255
2253
2249
2247
2239
2229
2226
2222
2217
2212
2207
2200
2194
2187
2184
2179
2174
2169
2163
2155
2153
2147
2143
2139
2132
2128
2120
2115
2112
2107
2103
2100
2095
2086
2080
2076
2073
2070
2065
2062
2053
2046
2044
2038
2037
2032
2028
2019
2014
2012
2011
2005
2000
1996
1986
1983
1981
1978
1975
1970
1967
1959
1951
1950
1948
1945
1940
1937
1930
1927
1921
1919
1915
1911
1910
1903
1895
1897
1892
1890
1887
1882
1875
1869
1867
1866
1863
1861
1860
1851
1844
1843
1840
1840
1836
1834
1830
1820
1820
1819
1816
1814
1811
1805
1798
1798
1797
1797
1791
1791
1783
1774
1777
1776
1774
1774
1771
1764
1757
1756
1757
1755
1753
1753
1746
1741
1743
1739
1737
1736
1733
1731
1723
1723
1727
1722
1720
1719
1713
1707
1709
1708
1707
1707
1706
1705
1694
1694
1694
1691
1693
1692
1690
1685
1681
1683
1681
1680
1680
1680
1672
1670
1671
1671
1674
1670
1670
1662
1657
1661
1661
1662
1664
1662
1655
1649
1650
1653
1654
1654
1654
1649
1642
1647
1646
1646
1645
1645
1642
1635
1638
1643
1639
1640
1642
1634
1630
1633
1635
1635
1637
1638
1634
1627
1633
1644
1646
1660
1665
1669
1664
1664
1675
1680
1688
1695
1701
1694
1693
1703
1711
1721
1723
1730
1721
1718
1730
1738
1744
1753
1757
1749
1745
1755
1763
1770
1775
1783
1776
1769
1782
1788
1794
1800
1806
1800
1792
1803
1814
1817
1822
1829
1822
1816
1824
1833
1838
1845
1851
1851
1839
1846
1855
1857
1865
1871
1869
1862
1865
1874
1878
1883
1890
1890
1882
1884
1893
1897
1907
1907
1909
1901
1899
1910
1914
1921
1926
1928
1919
1917
1924
1931
1937
1940
1943
1935
1933
1944
1946
1952
1955
1960
1952
1946
1956
1963
1966
1969
1975
1965
1959
1968
1974
1979
1983
1989
1984
1972
1982
1987
1991
1996
2002
1996
1990
1993
2000
2003
2007
2013
2009
1999
2004
2012
2015
2023
2024
2021
2011
2014
2023
2025
2032
2038
2032
2023
2027
2032
2034
2042
2044
2045
2035
2036
2044
2046
2052
2053
2051
2046
2044
2053
2055
2061
2061
2065
2053
2053
2060
2064
2068
2069
2076
2067
2060
2068
2072
2073
2078
2084
2075
2067
2075
2079
2082
2084
2090
2081
2073
2081
2086
2088
2093
2096
2089
2080
2083
2092
2095
2099
2103
2095
2086
2084
2083
2082
2081
2079
2073
2064
2063
2065
2061
2061
2059
2053
2046
2044
2047
2043
2042
2041
2038
2026
2027
2028
2026
2026
2024
2023
2017
2009
2012
2010
2009
2009
2009
2000
1994
1996
1997
1997
1993
1997
1988
1982
1984
1985
1985
1986
1985
1977
1969
1968
1973
1973
1974
1973
1967
1959
1960
1960
1962
1962
1963
1959
1950
1953
1953
1952
1954
1953
1949
1943
1941
1946
1943
1945
1945
1943
1934
1932
1936
1936
1937
1937
1938
1928
1925
1928
1929
1927
1931
1932
1924
1919
1922
1923
1925
1923
1927
1918
1912
1917
1917
1920
1920
1922
1915
1906
1912
1913
1914
1918
1917
1912
1903
1907
1908
1910
1911
1913
1907
1899
1903
1907
1906
1908
1909
1903
1897
1898
1903
1903
1905
1907
1904
1891
1896
1900
1900
1903
1902
1903
1893
1893
1897
1896
1900
1902
1901
1895
1891
1895
1895
1898
1899
1901
1892
1888
1893
1895
1899
1898
1899
1891
1886
1891
1894
1896
1899
1900
1892
1886
1890
1893
1895
1897
1900
1892
1885
1892
1893
1894
1896
1898
1893
1885
1889
1895
1893
1896
1898
1891
1883
1887
1892
1893
1895
1899
1894
1884
1888
1893
1899
1899
1904
1907
1907
1897
1898
1905
1904
1910
1912
1911
1904
1903
1909
1913
1915
1916
1916
1905
1907
1914
1915
1920
1920
1922
1913
1909
1917
1919
1924
1924
1927
1919
1916
1920
1923
1927
1925
1932
1923
1918
1924
1927
1930
1932
1934
1928
1920
1927
1931
1934
1937
1942
1933
1925
1930
1932
1936
1939
1943
1937
1927
1932
1937
1937
1942
1944
1941
1932
1935
1941
1945
1947
1948
1945
1935
1938
1944
1944
1952
1950
1948
1940
1939
1946
1946
1951
1952
1952
1943
1945
1948
1949
1954
1953
1955
1946
1945
1952
1952
1956
1956
1955
1948
1946
1952
1956
1958
1960
1962
1952
1949
1954
1953
1960
1961
1965
1956
1950
1955
1958
1959
1964
1968
1961
1952
1959
1962
1964
1966
1969
1962
1951
1960
1964
1967
1969
1972
1965
1956
1960
1966
1968
1971
1974
1968
1960
1967
1969
1971
1973
1975
1970
1961
1967
1972
1973
1976
1979
1969
1962
1969
1973
1975
1978
1982
1980
1967
1971
1976
1975
1980
1983
1979
1970
1973
1979
1980
1981
1986
1983
1975
1976
1982
1984
1986
1988
1985
1976
1976
1984
1985
1991
1991
1990
1981
1980
1986
1987
1991
1993
1990
1981
1978
1974
1969
1966
1961
1956
1949
1944
1943
1937
1934
1930
1924
1915
1912
1908
1904
1901
1897
1895
1884
1879
1875
1870
1868
1864
1861
1856
1846
1843
1840
1835
1832
1828
1822
1815
1812
1809
1807
1801
1796
1790
1783
1780
1777
1772
1771
1764
1758
1752
1747
1744
1739
1736
1731
1726
1720
1719
1712
1707
1703
1696
1694
1687
1683
1679
1674
1670
1665
1657
1653
1649
1645
1640
1636
1632
1627
1620
1616
1612
1603
1603
1598
1594
1590
1583
1579
1574
1569
1565
1562
1556
1551
1547
1544
1537
1533
1529
1523
1515
1514
1510
1505
1504
1496
1491
1486
1482
1477
1473
1468
1464
1459
1455
1450
1445
1441
1437
1428
1427
1423
1418
1417
1410
1406
1400
1394
1391
1387
1383
1378
1374
1371
1367
1361
1356
1353
1344
1344
1341
1336
1334
1327
1323
1319
1314
1311
1307
1302
1298
1295
1291
1288
1282
1279
1275
1267
1267
1263
1259
1257
1252
1248
1244
1240
1235
1234
1230
1227
1223
1219
1218
1213
1209
1207
1202
1199
1196
1192
1190
1190
1185
1182
1178
1173
1172
1170
1166
1164
1162
1161
1156
1154
1152
1149
1144
1145
1142
1139
1143
1146
1147
1152
1154
1154
1150
1151
1156
1158
1163
1165
1165
1161
1161
1164
1169
1174
1176
1179
1172
1173
1178
1182
1183
1189
1191
1186
1187
1195
1198
1202
1204
1208
1202
1201
1208
1213
1219
1221
1227
1221
1218
1223
1232
1236
1241
1247
1243
1239
1246
1252
1257
1261
1265
1264
1259
1267
1277
1279
1285
1291
1286
1283
1290
1299
1303
1310
1316
1317
1310
1315
1324
1326
1335
1342
1344
1339
1342
1352
1356
1365
1368
1374
1368
1370
1381
1387
1398
1401
1406
1400
1399
1412
1418
1427
1434
1441
1435
1431
1443
1450
1460
1467
1477
1471
1465
1481
1487
1493
1503
1510
1509
1502
1512
1526
1531
1539
1548
1548
1541
1549
1561
1568
1579
1588
1593
1582
1587
1601
1606
1619
1626
1632
1626
1627
1641
1648
1659
1665
1670
1663
1667
1682
1690
1704
1709
1716
1709
1709
1723
1733
1745
1754
1764
1754
1751
1766
1777
1789
1798
1809
1802
1795
1813
1824
1833
1844
1854
1849
1841
1856
1872
1878
1888
1900
1898
1887
1900
1916
1924
1937
1947
1947
1938
1947
1963
1970
1984
1993
1996
1989
1993
2010
2019
2031
2041
2048
2038
2033
2034
2033
2036
2032
2032
2022
2015
2019
2019
2020
2019
2019
2011
2005
2006
2010
2011
2011
2012
2003
1997
2005
2003
2005
2006
2005
1998
1993
2000
2002
2003
2004
2006
1993
1993
1999
2000
2004
2006
2007
1998
1995
2001
2004
2006
2009
2014
2004
2000
2007
2010
2014
2014
2019
2009
2007
2014
2018
2022
2027
2027
2018
2015
2020
2027
2032
2035
2038
2028
2025
2033
2036
2043
2045
2048
2038
2037
2046
2052
2055
2058
2060
2050
2049
2058
2062
2068
2071
2072
2064
2060
2071
2076
2082
2085
2087
2077
2079
2085
2089
2095
2096
2103
2093
2090
2100
2104
2112
2114
2116
2109
2104
2114
2120
2126
2130
2139
2126
2120
2130
2135
2142
2147
2154
2146
2136
2146
2153
2156
2163
2169
2159
2153
2163
2170
2177
2180
2187
2177
2169
2179
2187
2193
2201
2203
2197
2187
2194
2204
2208
2215
2220
2216
2206
2216
2221
2224
2231
2234
2234
2223
2229
2236
2239
2248
2251
2250
2242
2242
2252
2256
2263
2266
2272
2258
2257
2266
2268
2278
2281
2286
2273
2270
2281
2284
2291
2295
2302
2291
2284
2294
2301
2306
2309
2315
2306
2293
2306
2313
2320
2323
2328
2321
2309
2317
2325
2328
2334
2339
2334
2325
2329
2336
2340
2346
2347
2348
2337
2342
2349
2351
2357
2359
2360
2349
2350
2358
2360
2368
2373
2371
2360
2360
2368
2370
2377
2380
2381
2368
2368
2376
2377
2385
2387
2389
2378
2374
2384
2390
2392
2394
2397
2384
2381
2389
2393
2397
2399
2402
2390
2385
2393
2397
2401
2403
2407
2397
2390
2397
2402
2404
2403
2412
2401
2393
2399
2404
2406
2409
2413
2403
2393
2400
2404
2406
2410
2411
2404
2393
2399
2400
2405
2408
2414
2405
2394
2396
2400
2403
2406
2408
2404
2392
2394
2402
2399
2403
2403
2399
2390
2387
2396
2394
2398
2397
2395
2382
2382
2387
2387
2390
2390
2391
2379
2375
2379
2381
2377
2380
2382
2373
2365
2369
2370
2370
2371
2374
2362
2354
2358
2360
2362
2361
2362
2352
2341
2346
2349
2349
2349
2350
2341
2330
2330
2336
2335
2335
2336
2327
2316
2323
2321
2321
2321
2319
2314
2303
2305
2307
2305
2305
2304
2295
2288
2288
2290
2288
2289
2288
2285
2272
2272
2273
2269
2273
2270
2267
2257
2253
2256
2253
2251
2252
2250
2239
2235
2236
2235
2238
2231
2230
2221
2208
2203
2194
2188
2177
2169
2161
2152
2143
2136
2127
2119
2111
2102
2096
2086
2079
2071
2062
2052
2046
2039
2033
2022
2015
2006
1997
1991
1984
1976
1968
1961
1954
1948
1939
1932
1924
1917
1909
1903
1895
1891
1881
1873
1868
1858
1853
1846
1839
1832
1825
1819
1815
1806
1798
1792
1782
1779
1772
1766
1759
1753
1747
1739
1731
1727
1721
1715
1708
1703
1697
1690
1684
1678
1671
1663
1659
1653
1648
1642
1637
1630
1624
1615
1613
1607
1601
1595
1590
1585
1579
1573
1568
1561
1553
1551
1546
1540
1535
1529
1524
1520
1512
1509
1503
1497
1493
1487
1484
1477
1473
1467
1462
1454
1452
1446
1443
1437
1432
1427
1423
1415
1413
1408
1403
1398
1393
1390
1384
1379
1374
1369
1364
1360
1355
1351
1347
1342
1337
1333
1326
1324
1320
1315
1311
1305
1303
1298
1293
1289
1284
1280
1276
1272
1269
1264
1260
1256
1252
1245
1244
1240
1236
1232
1229
1228
1222
1219
1215
1210
1207
1204
1202
1198
1199
1193
1189
1184
1181
1181
1178
1176
1173
1169
1167
1165
1162
1161
1158
1157
1154
1149
1149
1150
1145
1144
1143
1139
1136
1135
1136
1134
1134
1134
1130
1127
1124
1121
1119
1118
1115
1114
1112
1106
1103
1102
1099
1097
1096
1092
1088
1087
1087
1082
1081
1079
1074
1071
1071
1069
1067
1068
1063
1060
1056
1053
1053
1052
1051
1048
1045
1043
1040
1040
1037
1034
1033
1031
1028
1026
1028
1023
1022
1023
1016
1015
1014
1013
1011
1010
1012
1007
1004
1002
999
1001
1000
999
997
994
990
992
991
989
990
988
984
983
984
987
983
982
981
976
976
978
976
977
976
976
972
970
969
971
971
972
971
968
968
967
968
968
967
969
966
962
965
969
966
967
968
963
961
963
964
965
967
970
964
961
963
965
962
967
969
967
965
965
967
968
969
971
970
965
967
970
973
973
975
974
970
969
974
976
979
982
979
975
976
979
978
984
985
985
981
982
989
987
990
991
991
988
987
992
994
996
998
1000
994
992
999
1001
1004
1005
1008
1007
1001
1006
1008
1009
1012
1016
1011
1009
1013
1016
1019
1021
1021
1019
1016
1020
1024
1026
1031
1031
1027
1023
1025
1032
1032
1036
1040
1036
1031
1041
1051
1055
1066
1073
1073
1069
1076
1087
1092
1100
1106
1104
1102
1109
1120
1127
1133
1140
1141
1135
1141
1151
1156
1165
1170
1174
1168
1170
1181
1185
1191
1198
1203
1197
1202
1209
1214
1221
1226
1232
1225
1225
1234
1240
1247
1252
1257
1251
1249
1254
1264
1270
1274
1282
1275
1271
1279
1285
1289
1295
1301
1296
1290
1299
1308
1309
1314
1318
1314
1309
1316
1323
1327
1332
1335
1332
1326
1329
1338
1341
1345
1349
1346
1343
1344
1350
1353
1356
1360
1359
1353
1356
1361
1362
1366
1368
1363
1361
1363
1369
1370
1375
1378
1375
1369
1369
1371
1374
1378
1378
1380
1373
1372
1375
1376
1378
1380
1380
1374
1372
1375
1380
1376
1378
1378
1371
1369
1372
1373
1376
1374
1375
1369
1364
1367
1368
1368
1366
1368
1362
1359
1358
1358
1357
1355
1358
1353
1347
1350
1348
1347
1346
1344
1340
1335
1335
1334
1332
1332
1330
1326
1321
1319
1315
1316
1315
1313
1312
1303
1302
1300
1297
1296
1294
1290
1285
1282
1281
1277
1275
1272
1268
1261
1261
1258
1256
1254
1250
1246
1241
1236
1235
1231
1228
1224
1221
1218
1212
1209
1205
1200
1193
1193
1188
1184
1183
1177
1172
1168
1163
1160
1156
1152
1148
1143
1141
1136
1132
1126
1123
1116
1114
1111
1106
1105
1098
1094
1090
1086
1081
1079
1074
1072
1067
1063
1063
1055
1052
1047
1043
1039
1036
1032
1029
1026
1021
1017
1014
1008
1007
1003
999
996
993
991
985
982
979
974
971
968
965
962
960
955
951
948
941
941
938
935
931
929
929
922
920
916
912
910
907
905
902
902
896
893
890
886
885
881
878
875
874
873
867
865
862
859
855
854
852
850
849
843
840
838
835
833
830
829
824
823
822
817
815
812
809
804
805
802
801
798
795
792
790
786
782
783
779
777
775
773
774
768
766
764
759
758
756
754
752
753
747
745
742
739
738
736
733
731
729
730
725
722
720
717
716
713
711
709
710
705
703
701
700
696
695
693
691
690
690
685
683
682
679
676
676
675
673
673
669
668
665
663
661
662
659
658
656
654
653
652
650
649
644
646
644
647
656
660
665
670
673
668
673
680
685
692
697
700
697
698
704
708
716
720
726
723
724
729
734
740
743
750
746
745
753
759
766
769
774
771
768
776
782
787
792
799
801
807
812
818
822
831
838
844
851
857
860
865
870
874
878
885
890
894
902
903
908
913
916
921
927
931
937
941
947
950
955
960
964
967
972
977
978
977
975
982
984
990
994
996
992
991
998
1003
1008
1010
1014
1008
1007
1014
1018
1024
1028
1030
1025
1024
1030
1034
1038
1042
1046
1042
1040
1046
1050
1054
1057
1060
1058
1054
1060
1068
1067
1072
1077
1071
1068
1075
1079
1083
1087
1093
1088
1083
1089
1093
1096
1101
1104
1102
1100
1102
1107
1110
1113
1118
1116
1111
1115
1119
1125
1127
1130
1130
1124
1127
1132
1136
1140
1145
1144
1138
1139
1144
1147
1151
1154
1156
1151
1152
1157
1159
1163
1164
1164
1162
1160
1167
1172
1173
1176
1178
1172
1171
1176
1180
1183
1185
1189
1183
1180
1185
1188
1188
1194
1199
1193
1190
1194
1198
1200
1203
1205
1202
1196
1202
1205
1207
1213
1213
1209
1204
1198
1197
1192
1189
1187
1181
1176
1173
1170
1162
1163
1158
1155
1151
1148
1148
1141
1138
1135
1130
1127
1124
1122
1120
1118
1113
1109
1105
1100
1101
1097
1095
1093
1089
1087
1082
1080
1077
1075
1071
1070
1066
1063
1065
1059
1057
1054
1051
1048
1046
1044
1042
1040
1040
1036
1031
1029
1027
1022
1024
1022
1021
1018
1013
1012
1011
1008
1005
1006
1003
999
998
998
997
993
992
988
982
984
983
982
983
979
975
972
971
970
968
968
967
963
960
962
959
957
956
953
952
948
949
948
946
946
944
941
936
937
938
936
935
935
936
928
927
928
924
926
924
921
920
918
918
917
916
912
914
910
909
909
908
911
906
905
902
899
901
900
899
899
900
894
892
892
891
891
890
890
886
884
888
884
884
882
882
879
877
877
876
879
875
874
872
867
869
869
869
868
868
867
861
862
861
860
857
860
858
855
856
855
854
853
853
847
848
848
847
846
848
848
844
841
840
839
840
839
839
838
835
833
834
833
831
832
830
826
827
829
833
831
831
832
827
827
829
830
831
835
833
830
826
828
830
831
831
832
830
828
829
830
831
831
829
830
826
828
831
830
831
832
829
824
827
830
830
831
832
831
827
828
830
828
831
831
830
828
828
830
830
832
829
831
827
827
829
830
834
831
833
828
826
829
830
831
832
835
828
828
828
828
831
831
832
829
827
833
831
832
832
832
828
827
830
831
835
832
833
830
826
830
831
832
832
834
834
828
830
832
831
833
834
832
828
833
832
833
834
834
832
828
831
832
833
836
834
833
829
830
829
833
834
835
835
831
831
834
833
832
835
835
831
831
835
836
836
836
835
830
832
834
835
836
837
836
833
832
833
835
836
837
837
834
836
835
836
837
836
837
834
833
835
838
837
838
839
835
832
835
837
838
838
841
837
833
836
837
835
840
840
838
835
837
839
839
839
839
839
835
837
840
840
845
842
841
838
837
840
842
842
844
845
840
836
834
829
828
825
822
820
816
817
810
808
806
802
800
797
795
793
793
788
785
783
778
777
775
773
772
769
769
763
762
759
756
755
753
750
748
747
744
742
740
735
736
732
731
729
728
728
724
722
719
716
716
714
712
710
711
705
703
702
699
698
696
695
693
691
692
688
686
685
682
680
679
678
676
676
674
671
668
667
663
665
664
662
661
660
657
656
655
653
648
651
648
647
647
645
643
642
642
636
637
636
636
635
635
633
631
628
628
623
627
626
625
623
624
620
619
619
617
616
615
613
612
614
614
611
610
609
606
605
606
605
604
604
602
601
600
600
596
599
598
597
595
594
595
593
593
592
588
589
589
589
588
592
588
588
585
583
584
584
585
584
584
584
581
581
580
580
577
581
578
577
578
578
578
578
578
573
574
575
576
576
579
578
574
573
573
572
575
575
575
573
574
572
573
573
572
574
572
570
575
582
587
589
594
593
590
595
600
604
608
614
612
610
614
618
622
627
630
631
628
634
636
639
644
646
648
645
647
652
657
659
662
664
661
661
667
670
674
676
682
677
676
681
684
685
690
694
698
703
703
708
711
714
714
721
724
727
730
735
738
741
745
748
750
756
759
761
765
765
768
770
773
775
778
781
784
785
790
791
794
796
798
800
806
808
810
813
817
816
819
821
820
826
829
832
834
836
840
840
842
843
837
837
840
842
844
846
847
845
840
842
847
848
849
852
849
848
848
851
851
852
855
856
857
859
864
863
864
865
866
868
872
872
875
878
881
880
881
883
885
882
886
888
888
890
889
890
891
892
891
894
895
896
898
899
899
899
900
900
898
902
903
903
906
905
906
906
906
907
907
907
902
901
904
903
904
903
903
896
897
899
899
900
900
899
895
893
894
894
895
895
896
892
888
889
890
890
886
891
887
883
881
877
872
869
865
858
858
855
852
849
846
843
839
835
832
827
825
823
820
818
813
810
807
803
798
799
795
791
789
786
784
780
777
774
770
769
765
762
760
759
754
751
748
744
743
740
738
735
733
732
727
723
721
717
717
712
711
708
709
703
701
698
694
693
691
688
685
683
683
679
676
673
670
668
666
664
662
661
657
655
653
650
648
646
644
642
640
640
636
634
632
630
627
626
624
622
623
619
617
615
613
611
611
609
607
605
605
602
601
600
598
594
595
593
592
592
591
589
588
587
583
583
583
582
582
582
580
578
577
576
573
575
575
575
573
574
571
571
571
569
570
569
567
569
568
569
568
568
566
562
565
566
566
568
571
565
563
564
564
566
567
568
567
565
569
567
567
568
568
568
567
568
570
574
573
573
573
570
571
574
574
577
579
581
578
577
580
581
581
585
586
585
585
589
590
592
593
593
593
593
597
599
602
603
606
603
602
601
605
607
607
609
610
604
607
610
610
612
614
613
611
613
618
617
619
621
621
618
621
624
625
629
630
631
628
629
631
635
639
641
641
641
640
645
647
650
649
655
652
652
658
659
663
665
667
661
665
670
673
677
680
682
679
680
684
685
692
694
699
696
696
699
704
708
709
715
713
709
717
721
725
728
732
731
727
731
738
741
746
750
751
745
750
756
758
763
767
767
764
768
777
777
781
785
785
782
786
792
795
802
804
804
800
804
810
813
817
822
823
820
822
829
832
837
838
842
838
841
851
850
855
858
859
855
858
865
868
873
877
878
874
876
883
883
892
895
896
894
894
901
904
909
910
915
910
912
918
922
929
929
933
928
926
936
939
944
948
950
946
946
952
954
961
964
967
963
962
972
972
977
980
983
979
977
984
989
996
995
999
995
992
1000
1004
1008
1010
1014
1011
1009
1015
1018
1023
1025
1029
1024
1025
1033
1034
1039
1041
1043
1039
1040
1058
1073
1085
1097
1114
1111
1105
1118
1132
1143
1156
1167
1171
1165
1175
1191
1200
1212
1224
1230
1223
1230
1247
1257
1269
1278
1290
1298
1307
1323
1335
1347
1360
1370
1380
1392
1403
1413
1423
1434
1443
1455
1464
1478
1485
1496
1507
1516
1527
1537
1547
1559
1569
1578
1588
1597
1601
1594
1596
1610
1619
1630
1637
1645
1636
1636
1650
1657
1670
1676
1686
1680
1675
1689
1698
1706
1716
1727
1718
1714
1727
1738
1750
1754
1765
1757
1749
1764
1775
1783
1794
1801
1797
1787
1798
1812
1818
1828
1836
1832
1824
1838
1847
1854
1863
1870
1867
1859
1869
1882
1889
1897
1905
1902
1891
1902
1914
1920
1930
1937
1938
1929
1933
1946
1952
1959
1969
1972
1963
1965
1977
1984
1993
1997
2001
1993
1995
2007
2013
2024
2030
2032
2023
2023
2035
2043
2052
2057
2064
2050
2051
2065
2068
2078
2084
2090
2080
2077
2090
2100
2104
2108
2117
2106
2100
2115
2121
2131
2136
2144
2135
2124
2136
2148
2154
2160
2168
2162
2152
2165
2171
2177
2184
2187
2184
2173
2186
2193
2198
2206
2212
2206
2197
2205
2217
2219
2227
2233
2235
2221
2225
2235
2237
2247
2251
2255
2242
2242
2251
2259
2262
2272
2277
2275
2264
2268
2279
2285
2291
2294
2294
2281
2285
2295
2300
2307
2310
2313
2301
2298
2311
2315
2323
2325
2331
2319
2319
2326
2330
2338
2340
2347
2335
2330
2342
2347
2353
2356
2362
2352
2343
2355
2361
2366
2371
2378
2368
2358
2368
2374
