2230
2223
2245
2294
2326
2366
2400
2414
2402
2390
2380
2372
2359
2349
2338
2325
2318
2309
2299
2289
2279
2269
2260
2251
2241
2273
2320
2352
2395
2425
2435
2423
2412
2401
2391
2379
2369
2358
2346
2339
2328
2319
2309
2299
2292
2280
2271
2261
2293
2343
2376
2415
2449
2452
2439
2429
2418
2406
2396
2386
2376
2365
2355
2345
2334
2325
2315
2308
2296
2287
2277
2315
2362
2397
2433
2469
2467
2457
2444
2433
2422
2409
2400
2390
2383
2369
2359
2349
2337
2329
2320
2309
2300
2291
2283
2271
2263
2254
2241
2236
2226
2218
2208
2199
2191
2182
2211
2257
2287
2326
2359
2370
2358
2347
2336
2327
2316
2308
2297
2287
2277
2266
2258
2249
2239
2230
2221
2213
2202
2237
2281
2311
2350
2384
2392
2377
2367
2356
2344
2336
2325
2315
2306
2296
2289
2276
2267
2256
2248
2238
2230
2220
2260
2302
2332
2371
2406
2407
2395
2384
2375
2362
2352
2342
2329
2322
2313
2305
2293
2283
2272
2262
2254
2245
2236
2280
2321
2356
2387
2423
2414
2402
2392
2382
2370
2361
2350
2339
2330
2320
2310
2300
2290
2283
2271
2261
2252
2246
2297
2335
2371
2402
2437
2425
2414
2403
2392
2382
2371
2361
2353
2341
2331
2320
2311
2301
2293
2282
2272
2263
2266
2314
2350
2387
2415
2445
2435
2422
2410
2401
2386
2379
2369
2361
2348
2338
2327
2318
2309
2299
2289
2280
2270
2286
2329
2362
2400
2426
2454
2443
2431
2420
2409
2398
2388
2378
2368
2357
2347
2337
2328
2317
2307
2297
2288
2278
2300
2344
2376
2415
2442
2460
2448
2436
2426
2415
2405
2392
2383
2372
2359
2352
2342
2336
2322
2313
2303
2293
2284
2316
2359
2390
2429
2464
2493
2525
2555
2588
2619
2648
2674
2706
2732
2757
2787
2817
2844
2837
2823
2809
2795
2782
2769
2753
2744
2733
2721
2708
2696
2684
2674
2700
2750
2782
2822
2858
2896
2924
2960
2990
3021
3055
3089
3119
3148
3178
3206
3237
3238
3220
3204
3188
3174
3158
3144
3128
3112
3101
3087
3072
3059
3045
3030
3019
3004
2992
3032
3080
3111
3152
3185
3181
3165
3146
3135
3123
3106
3091
3077
3060
3050
3035
3022
3009
2995
2982
2969
2956
2943
2992
3037
3073
3109
3148
3139
3122
3108
3094
3079
3065
3051
3037
3026
3010
2996
2983
2969
2957
2947
2931
2919
2910
2962
3006
3043
3078
3119
3105
3090
3074
3060
3044
3030
3018
3005
2991
2977
2963
2949
2938
2925
2913
2900
2887
2884
2939
2977
3016
3049
3088
3074
3060
3044
3029
3016
3001
2988
2975
2961
2948
2935
2924
2909
2896
2883
2868
2860
2866
2915
2955
2997
3025
3064
3049
3033
3019
3005
2991
2978
2964
2951
2937
2924
2912
2899
2886
2873
2859
2849
2836
2847
2899
2936
2978
3013
3038
3022
3008
2994
2981
2967
2953
2940
2926
2913
2900
2888
2875
2863
2850
2840
2825
2814
2831
2879
2917
2961
2994
3015
3000
2984
2971
2958
2945
2930
2918
2905
2895
2879
2866
2853
2840
2829
2819
2805
2793
2820
2869
2903
2947
2981
2994
2979
2967
2951
2937
2924
2907
2896
2886
2871
2859
2847
2831
2821
2809
2797
2785
2773
2763
2750
2739
2728
2713
2707
2696
2684
2674
2663
2651
2642
2657
2709
2747
2788
2823
2849
2835
2821
2807
2796
2783
2773
2758
2746
2734
2720
2710
2698
2687
2675
2664
2656
2642
2666
2717
2748
2796
2829
2849
2833
2821
2807
2794
2782
2769
2757
2745
2733
2723
2709
2697
2685
2674
2663
2654
2640
2672
2723
2752
2797
2835
2841
2827
2814
2803
2787
2776
2762
2746
2739
2728
2715
2702
2691
2676
2667
2656
2645
2634
2676
2724
2755
2795
2832
2828
2818
2805
2791
2778
2765
2752
2741
2729
2717
2705
2692
2682
2670
2659
2647
2633
2625
2673
2717
2751
2787
2825
2816
2802
2790
2777
2764
2752
2742
2727
2715
2703
2691
2679
2670
2657
2645
2633
2620
2619
2668
2708
2743
2776
2813
2797
2784
2770
2756
2746
2732
2721
2709
2697
2685
2673
2661
2651
2639
2628
2617
2607
2607
2654
2689
2726
2756
2796
2780
2766
2753
2738
2727
2716
2704
2691
2680
2670
2656
2645
2633
2619
2611
2600
2590
2591
2636
2670
2705
2732
2766
2752
2739
2726
2715
2701
2690
2676
2666
2655
2646
2631
2620
2608
2596
2587
2576
2565
2571
2613
2650
2681
2707
2734
2716
2707
2696
2683
2670
2659
2645
2635
2623
2613
2601
2590
2580
2568
2557
2547
2535
2527
2517
2507
2497
2487
2477
2467
2458
2449
2439
2430
2421
2416
2458
2492
2521
2550
2584
2575
2560
2547
2535
2524
2514
2503
2492
2481
2471
2465
2450
2440
2429
2419
2410
2403
2398
2440
2474
2502
2533
2566
2554
2542
2530
2520
2507
2497
2486
2472
2464
2454
2444
2433
2423
2412
2403
2393
2384
2382
2424
2456
2490
2515
2547
2533
2522
2511
2502
2489
2478
2467
2453
2445
2435
2425
2414
2405
2396
2384
2375
2364
2369
2411
2447
2478
2503
2532
2517
2508
2497
2486
2475
2464
2456
2442
2432
2421
2407
2400
2391
2381
2371
2361
2351
2361
2403
2434
2469
2495
2520
2506
2495
2483
2472
2461
2451
2443
2429
2419
2408
2397
2387
2378
2368
2358
2348
2342
2355
2397
2425
2461
2489
2510
2496
2484
2473
2459
2451
2440
2429
2419
2409
2401
2388
2377
2367
2357
2348
2340
2329
2350
2393
2419
2459
2487
2501
2488
2478
2468
2455
2444
2433
2420
2412
2402
2391
2381
2371
2361
2351
2342
2331
2322
2351
2395
2425
2460
2490
2496
2485
2473
2463
2451
2441
2429
2416
2408
2397
2387
2377
2367
2359
2348
2337
2327
2313
2354
2396
2425
2459
2491
2491
2480
2469
2457
2446
2435
2425
2415
2403
2392
2382
2372
2363
2354
2343
2333
2323
2311
2304
2295
2286
2278
2269
2263
2252
2243
2234
2227
2219
2212
2239
2284
2311
2349
2382
2393
2383
2372
2361
2352
2340
2330
2320
2307
2300
2291
2282
2272
2262
2252
2243
2234
2226
2256
2300
2331
2367
2400
2405
2391
2382
2372
2364
2351
2341
2330
2319
2310
2300
2290
2281
2272
2266
2253
2244
2234
2273
2317
2349
2384
2421
2417
2405
2394
2384
2373
2363
2353
2343
2334
2322
2312
2303
2292
2283
2275
2264
2254
2244
2289
2333
2367
2401
2439
2429
2420
2407
2396
2385
2371
2364
2354
2344
2334
2323
2313
2304
2294
2285
2275
2265
2265
2312
2351
2387
2417
2455
2443
2434
2420
2410
2398
2387
2377
2367
2357
2348
2337
2328
2317
2307
2297
2288
2278
2287
2333
2370
2409
2436
2472
2459
2449
2437
2427
2419
2405
2394
2383
2373
2364
2355
2343
2333
2323
2312
2304
2294
2306
2355
2391
2434
2462
2489
2477
2462
2454
2444
2433
2422
2411
2400
2390
2380
2369
2359
2350
2339
2333
2320
2309
2325
2374
2407
2451
2481
2503
2491
2478
2468
2457
2446
2436
2425
2416
2404
2393
2382
2370
2363
2353
2343
2331
2323
2347
2396
2428
2471
2503
2521
2509
2500
2486
2475
2463
2453
2442
2433
2421
2411
2400
2388
2380
2370
2359
2350
2340
2332
2319
2310
2300
2288
2282
2273
2264
2254
2245
2234
2227
2241
2294
2334
2379
2414
2444
2432
2421
2408
2399
2388
2381
2367
2357
2347
2337
2327
2316
2307
2298
2287
2281
2268
2287
2340
2378
2424
2460
2486
2474
2462
2448
2439
2429
2418
2407
2397
2390
2376
2365
2355
2343
2336
2327
2316
2306
2333
2384
2420
2465
2501
2516
2503
2493
2481
2470
2459
2446
2437
2426
2417
2405
2395
2384
2375
2364
2356
2344
2335
2369
2421
2455
2499
2536
2546
2534
2525
2512
2500
2489
2475
2466
2456
2446
2435
2425
2416
2404
2393
2383
2369
2363
2405
2454
2489
2532
2569
2572
2559
2548
2536
2525
2514
2505
2491
2480
2469
2459
2448
2439
2427
2416
2406
2395
2386
2436
2483
2521
2560
2601
2598
2584
2570
2559
2550
2537
2528
2515
2504
2493
2482
2472
2461
2450
2440
2430
2423
2409
2461
2506
2543
2584
2625
2615
2602
2590
2577
2568
2556
2545
2532
2522
2513
2501
2490
2479
2465
2458
2447
2437
2434
2489
2529
2570
2605
2643
2630
2618
2605
2594
2581
2570
2558
2547
2536
2528
2514
2503
2492
2479
2471
2461
2450
2457
2509
2554
2592
2626
2660
2646
2634
2625
2610
2598
2587
2574
2564
2552
2541
2530
2520
2512
2498
2488
2476
2466
2455
2448
2435
2426
2415
2402
2395
2385
2375
2365
2356
2349
2336
2385
2431
2461
2506
2538
2554
2542
2531
2517
2508
2496
2486
2474
2464
2455
2442
2432
2422
2407
2400
2391
2381
2371
2403
2449
2481
2522
2557
2565
2552
2541
2529
2517
2506
2494
2483
2473
2465
2452
2442
2430
2417
2409
2400
2389
2379
2421
2469
2500
2536
2574
2566
2558
2547
2535
2523
2512
2499
2490
2479
2468
2457
2447
2437
2426
2415
2406
2392
2386
2437
2481
2515
2549
2589
2576
2565
2553
2542
2531
2519
2511
2497
2486
2474
2464
2454
2445
2433
2422
2412
2398
2401
2450
2490
2527
2560
2601
2584
2572
2560
2548
2537
2527
2514
2503
2492
2479
2471
2459
2450
2441
2429
2420
2409
2415
2463
2500
2540
2572
2606
2592
2580
2567
2556
2545
2535
2523
2512
2502
2489
2478
2468
2454
2447
2437
2426
2415
2427
2473
2509
2549
2579
2607
2594
2582
2570
2558
2546
2534
2524
2513
2504
2491
2480
2469
2457
2449
2439
2428
2417
2438
2488
2516
2556
2586
2602
2589
2579
2565
2553
2542
2529
2520
2509
2498
2488
2476
2468
2455
2444
2434
2420
2414
2445
2491
2522
2561
2593
2603
2590
2579
2567
2555
2544
2532
2521
2510
2496
2488
2478
2467
2456
2445
2434
2425
2414
2404
2394
2385
2375
2364
2353
2345
2333
2326
2316
2310
2298
2320
2368
2401
2444
2477
2493
2481
2470
2461
2448
2437
2425
2414
2405
2395
2384
2374
2364
2352
2344
2334
2324
2314
2347
2396
2427
2468
2503
2510
2500
2489
2478
2466
2455
2444
2434
2423
2413
2403
2392
2382
2371
2361
2351
2340
2332
2372
2420
2451
2489
2527
2523
2511
2500
2489
2477
2467
2459
2446
2434
2423
2414
2404
2394
2382
2372
2362
2349
2342
2392
2434
2470
2505
2545
2537
2525
2513
2499
2492
2481
2469
2459
2446
2435
2426
2415
2405
2395
2384
2375
2364
2356
2406
2446
2483
2519
2561
2547
2535
2522
2509
2500
2489
2478
2467
2457
2448
2435
2424
2414
2400
2393
2384
2372
2372
2421
2458
2497
2530
2568
2555
2543
2532
2519
2508
2497
2483
2474
2464
2456
2442
2432
2421
2410
2400
2391
2379
2388
2436
2477
2514
2546
2581
2568
2556
2546
2533
2522
2511
2497
2488
2477
2466
2456
2445
2436
2424
2413
2403
2390
2401
2451
2489
2530
2560
2590
2578
2566
2554
2542
2531
2521
2509
2497
2486
2474
2465
2454
2447
2433
2422
2412
2401
2419
2469
2504
2544
2578
2603
2587
2574
2562
2551
2540
2531
2518
2506
2495
2482
2473
2463
2453
2442
2431
2423
2410
2401
2389
2376
2370
2361
2350
2341
2331
2320
2312
2303
2293
2303
2353
2392
2432
2463
2493
2479
2469
2459
2450
2436
2425
2413
2403
2393
2383
2372
2362
2354
2342
2333
2323
2309
2330
2380
2414
2457
2488
2510
2500
2488
2478
2466
2454
2444
2433
2422
2411
2400
2391
2381
2373
2360
2350
2340
2329
2355
2405
2437
2481
2515
2533
2517
2505
2493
2482
2471
2462
2450
2439
2428
2415
2407
2397
2387
2376
2366
2358
2346
2380
2427
2458
2502
2536
2545
2532
2521
2508
2497
2486
2475
2463
2454
2443
2433
2421
2411
2399
2390
2380
2372
2360
2402
2447
2478
2521
2558
2557
2546
2535
2524
2511
2501
2489
2476
2467
2456
2446
2434
2424
2413
2403
2394
2383
2373
2422
2466
2502
2538
2578
2566
2556
2544
2534
2521
2509
2497
2487
2476
2465
2455
2444
2434
2423
2412
2402
2391
2389
2441
2485
2520
2553
2591
2575
2566
2554
2541
2532
2521
2513
2498
2487
2475
2465
2454
2446
2433
2422
2412
2399
2406
2456
2496
2536
2567
2604
2587
2575
2564
2550
2539
2531
2518
2507
2496
2483
2473
2463
2452
2442
2431
2423
2411
2421
2470
2505
2550
2581
2609
2596
2584
2571
2561
2550
2538
2527
2515
2504
2496
2482
2472
2460
2451
2440
2430
2419
2409
2398
2387
2378
2369
2358
2348
2339
2330
2319
2310
2300
2295
2346
2386
2424
2454
2492
2478
2466
2456
2444
2433
2422
2412
2404
2391
2380
2370
2360
2350
2342
2330
2321
2311
2312
2362
2400
2438
2469
2501
2491
2478
2467
2455
2441
2433
2423
2413
2402
2391
2380
2370
2360
2350
2341
2329
2322
2331
2377
2413
2451
2483
2518
2508
2493
2482
2471
2457
2448
2438
2427
2416
2406
2398
2385
2375
2364
2354
2345
2337
2340
2389
2426
2463
2495
2526
2513
2502
2490
2482
2468
2456
2445
2435
2424
2414
2403
2392
2383
2369
2362
2352
2342
2355
2404
2440
2477
2508
2532
2517
2509
2497
2485
2474
2464
2451
2442
2431
2420
2410
2399
2390
2379
2368
2358
2346
2371
2419
2454
2492
2523
2540
2528
2518
2506
2494
2483
2473
2464
2450
2439
2428
2416
2408
2399
2388
2377
2366
2354
2386
2434
2465
2505
2540
2550
2536
2524
2512
2498
2490
2481
2468
2457
2446
2433
2424
2414
2404
2394
2384
2376
2363
2403
2448
2478
2520
2555
2558
2546
2534
2521
2511
2500
2488
2478
2467
2457
2445
2435
2424
2412
2403
2393
2385
2372
2418
2462
2496
2534
2572
2566
2553
2542
2533
2519
2507
2495
2484
2474
2464
2452
2441
2431
2418
2410
2400
2389
2380
2433
2483
2523
2564
2605
2604
2592
2580
2571
2557
2545
2533
2522
2511
2500
2489
2478
2468
2457
2446
2435
2424
2415
2470
2521
2557
2598
2641
2637
2624
2612
2599
2589
2578
2569
2554
2543
2531
2521
2509
2501
2488
2477
2467
2453
2445
2500
2548
2587
2626
2672
2661
2647
2634
2623
2611
2603
2588
2577
2565
2551
2542
2532
2521
2510
2499
2490
2477
2475
2530
2575
2618
2657
2693
2680
2667
2653
2642
2631
2618
2607
2596
2586
2573
2562
2550
2540
2529
2519
2507
2496
2504
2555
2601
2643
2678
2719
2705
2695
2680
2666
2654
2642
2632
2622
2608
2597
2585
2570
2563
2553
2541
2530
2520
2530
2581
2624
2666
2698
2743
2730
2716
2703
2691
2677
2666
2655
2643
2631
2619
2609
2597
2585
2574
2561
2553
2542
2547
2601
2644
2687
2721
2759
2745
2732
2720
2708
2695
2683
2670
2658
2647
2635
2627
2613
2602
2589
2579
2568
2557
2565
2619
2661
2707
2738
2772
2756
2741
2732
2721
2706
2694
2682
2667
2659
2647
2635
2623
2613
2605
2590
2579
2567
2585
2639
2679
2721
2756
2781
2767
2754
2741
2729
2717
2705
2696
2681
2669
2657
2644
2634
2626
2611
2600
2589
2575
2601
2655
2691
2736
2773
2793
2778
2765
2752
2735
2727
2716
2703
2690
2678
2664
2655
2643
2632
2621
2610
2601
2587
2618
2671
2703
2753
2790
2800
2786
2774
2759
2748
2735
2723
2711
2699
2688
2675
2664
2652
2638
2630
2618
2607
2596
2632
2683
2719
2763
2800
2812
2798
2786
2776
2759
2747
2734
2722
2710
2701
2686
2674
2663
2649
2640
2628
2617
2606
2648
2701
2734
2778
2817
2814
2806
2794
2780
2767
2753
2740
2730
2718
2706
2693
2682
2672
2659
2648
2635
2621
2613
2663
2711
2748
2789
2829
2824
2810
2797
2784
2772
2760
2747
2735
2722
2708
2699
2687
2675
2662
2651
2638
2628
2618
2672
2719
2759
2797
2844
2828
2814
2800
2786
2775
2765
2750
2737
2725
2713
2701
2690
2678
2666
2656
2646
2632
2630
2684
2728
2771
2808
2846
2831
2818
2803
2791
2779
2766
2754
2742
2732
2717
2705
2693
2682
2670
2661
2647
2636
2642
2693
2738
2781
2816
2851
2837
2825
2810
2797
2784
2771
2759
2749
2733
2723
2711
2696
2687
2675
2663
2652
2641
2657
2708
2747
2792
2822
2855
2842
2827
2814
2800
2785
2775
2763
2751
2738
2726
2714
2702
2691
2678
2664
2656
2645
2654
2695
2723
2757
2784
2812
2798
2784
2772
2760
2746
2734
2721
2708
2697
2685
2675
2661
2650
2637
2627
2616
2605
2609
2650
2681
2717
2738
2768
2753
2740
2727
2718
2703
2690
2678
2666
2655
2643
2632
2620
2609
2602
2587
2576
2564
2570
2611
2645
2675
2700
2725
2711
2699
2686
2675
2663
2651
2642
2627
2616
2604
2593
2582
2573
2560
2549
2538
2525
2538
2580
2608
2642
2667
2688
2671
2659
2646
2631
2623
2612
2600
2588
2577
2564
2555
2544
2533
2522
2512
2503
2491
2511
2552
2575
2613
2641
2650
2637
2624
2611
2601
2589
2578
2566
2555
2546
2532
2522
2511
2496
2490
2481
2469
2459
2486
2524
2552
2586
2614
2621
2609
2598
2586
2573
2561
2547
2539
2528
2516
2505
2495
2482
2474
2463
2453
2443
2433
2469
2505
2532
2565
2593
2594
2582
2572
2558
2546
2534
2524
2513
2502
2489
2480
2470
2459
2449
2439
2427
2418
2408
2452
2486
2515
2545
2576
2578
2565
2553
2542
2530
2522
2507
2497
2486
2474
2464
2455
2443
2434
2423
2411
2403
2393
2432
2469
2498
2531
2561
2554
2543
2528
2519
2508
2497
2486
2475
2463
2454
2442
2431
2422
2412
2403
2391
2382
2372
2419
2466
2504
2541
2581
2571
2558
2548
2535
2524
2513
2502
2492
2480
2469
2458
2445
2437
2426
2419
2406
2395
2393
2445
2487
2526
2560
2599
2586
2576
2561
2548
2537
2526
2515
2505
2493
2482
2471
2459
2450
2439
2429
2418
2409
2419
2465
2506
2545
2574
2612
2600
2586
2574
2563
2548
2539
2528
2517
2506
2495
2486
2473
2463
2451
2438
2431
2421
2430
2481
2519
2558
2592
2620
2607
2594
2583
2574
2558
2548
2536
2525
2515
2504
2492
2482
2471
2458
2449
2439
2428
2446
2495
2531
2573
2604
2627
2614
2603
2593
2582
2568
2556
2544
2533
2523
2512
2500
2490
2480
2469
2458
2447
2435
2461
2511
2547
2587
2620
2635
2619
2610
2598
2586
2574
2563
2554
2540
2529
2517
2504
2496
2486
2474
2464
2453
2442
2476
2523
2557
2596
2632
2639
2626
2614
2601
2588
2578
2567
2558
2545
2532
2521
2510
2499
2489
2478
2467
2456
2449
2488
2533
2568
2606
2644
2653
2638
2625
2613
2598
2589
2578
2567
2555
2545
2536
2522
2511
2500
2486
2479
2469
2458
2499
2544
2576
2617
2654
2653
2641
2628
2618
2604
2593
2581
2566
2558
2547
2536
2525
2514
2502
2492
2482
2471
2460
2506
2552
2586
2624
2662
2653
2644
2632
2620
2608
2596
2582
2573
2561
2550
2539
2528
2518
2506
2495
2485
2471
2464
2514
2557
2592
2629
2667
2659
2646
2635
2622
2610
2599
2587
2575
2564
2551
2541
2530
2523
2508
2498
2487
2473
2473
2524
2564
2602
2637
2679
2662
2649
2637
2623
2613
2603
2591
2578
2567
2553
2544
2533
2522
2511
2501
2492
2479
2483
2532
2569
2611
2643
2677
2664
2651
2637
2627
2615
2603
2591
2580
2569
2557
2546
2534
2522
2513
2502
2491
2481
2489
2538
2577
2618
2649
2681
2667
2655
2644
2631
2618
2604
2595
2584
2572
2560
2550
2539
2527
2516
2505
2495
2484
2499
2548
2582
2623
2654
2681
2668
2658
2642
2631
2619
2606
2596
2584
2573
2562
2550
2542
2528
2517
2505
2494
2484
2502
2550
2584
2626
2653
2680
2666
2654
2642
2630
2621
2606
2595
2583
2568
2560
2549
2538
2527
2516
2504
2494
2484
2507
2555
2588
2630
2664
2677
2664
2651
2640
2628
2618
2604
2592
2580
2570
2558
2547
2536
2525
2514
2507
2492
2481
2513
2559
2593
2636
2669
2675
2662
2647
2638
2624
2613
2601
2592
2581
2567
2556
2544
2533
2523
2513
2500
2490
2479
2507
2548
2573
2605
2633
2639
2630
2614
2602
2591
2577
2567
2557
2544
2534
2522
2509
2500
2490
2479
2468
2457
2448
2479
2518
2543
2572
2604
2604
2591
2579
2568
2555
2544
2533
2522
2511
2499
2489
2478
2467
2456
2445
2435
2425
2417
2454
2491
2519
2547
2581
2573
2560
2550
2537
2528
2514
2503
2492
2480
2470
2462
2449
2439
2428
2415
2408
2398
2393
2435
2470
2504
2528
2559
2545
2533
2523
2512
2500
2490
2478
2465
2456
2445
2434
2424
2414
2407
2394
2383
2373
2375
2416
2451
2481
2507
2537
2523
2512
2501
2489
2478
2468
2457
2445
2434
2423
2413
2403
2396
2383
2373
2362
2350
2359
2401
2432
2465
2492
2530
2513
2502
2489
2479
2468
2458
2446
2436
2425
2412
2403
2392
2383
2373
2363
2357
2343
2346
2387
2420
2452
2480
2506
2494
2482
2469
2459
2449
2436
2427
2416
2409
2395
2385
2374
2365
2355
2347
2335
2326
2334
2374
2408
2442
2467
2494
2482
2473
2458
2447
2436
2425
2415
2405
2393
2383
2373
2361
2354
2343
2333
2324
2315
2329
2368
2397
2432
2454
2481
2469
2457
2447
2435
2423
2413
2403
2392
2382
2371
2363
2351
2341
2332
2320
2312
2303
2321
2370
2409
2452
2486
2516
2503
2492
2480
2469
2457
2447
2435
2423
2414
2404
2397
2383
2373
2363
2352
2342
2333
2353
2405
2442
2488
2520
2544
2531
2520
2508
2499
2485
2474
2463
2449
2441
2430
2420
2410
2400
2392
2378
2368
2358
2383
2438
2473
2518
2553
2572
2556
2548
2536
2524
2513
2502
2493
2479
2469
2457
2443
2436
2427
2415
2405
2395
2383
2418
2469
2503
2546
2584
2595
2583
2570
2558
2545
2535
2524
2512
2501
2490
2478
2468
2458
2447
2437
2425
2416
2405
2447
2496
2530
2572
2612
2615
2600
2587
2574
2561
2552
2541
2529
2517
2507
2499
2485
2474
2462
2453
2442
2433
2421
2473
2518
2555
2595
2637
2628
2615
2603
2593
2579
2568
2555
2541
2533
2523
2511
2501
2489
2476
2468
2457
2447
2444
2497
2543
2581
2616
2657
2640
2631
2618
2608
2594
2583
2569
2560
2548
2537
2526
2515
2505
2493
2482
2471
2458
2465
2518
2559
2600
2633
2669
2657
2644
2631
2620
2608
2597
2585
2573
2562
2549
2539
2529
2520
2506
2496
2484
2474
2482
2534
2574
2616
2648
2684
2668
2655
2642
2631
2619
2610
2595
2584
2571
2558
2550
2538
2528
2517
2506
2498
2484
2493
2535
2571
2603
2636
2666
2662
2649
2634
2624
2612
2601
2589
2577
2568
2555
2544
2532
2518
2510
2500
2489
2478
2467
2509
2547
2579
2609
2643
2634
2623
2609
2597
2586
2571
2563
2551
2540
2528
2517
2505
2495
2485
2474
2462
2453
2451
2492
2528
2560
2586
2620
2607
2596
2583
2571
2558
2547
2537
2525
2514
2503
2492
2484
2471
2460
2448
2437
2428
2434
2475
2507
2542
2566
2596
2584
2571
2560
2548
2538
2524
2514
2502
2491
2480
2473
2459
2448
2437
2426
2417
2406
2418
2460
2490
2529
2552
2576
2563
2549
2540
2529
2517
2505
2495
2480
2473
2461
2451
2441
2430
2420
2409
2398
2388
2398
2444
2474
2510
2536
2555
2542
2532
2519
2509
2497
2485
2476
2464
2453
2442
2430
2421
2411
2402
2391
2381
2369
2390
2432
2460
2496
2525
2537
2523
2511
2500
2486
2477
2467
2455
2445
2433
2422
2413
2403
2392
2382
2371
2362
2352
2381
2421
2447
2484
2514
2521
2506
2494
2482
2472
2461
2450
2437
2428
2417
2407
2396
2386
2375
2366
2356
2348
2336
2372
2411
2437
2473
2506
2502
2491
2480
2469
2456
2445
2435
2420
2412
2403
2392
2382
2372
2361
2352
2342
2333
2322
2314
2304
2297
2286
2276
2268
2258
2250
2243
2232
2223
2214
2242
2289
2326
2363
2393
2425
2415
2401
2390
2379
2366
2359
2349
2338
2328
2318
2308
2299
2289
2279
2270
2261
2252
2259
2305
2341
2376
2407
2438
2429
2415
2404
2392
2381
2371
2361
2351
2340
2331
2319
2311
2301
2289
2281
2272
2266
2277
2323
2355
2395
2426
2449
2436
2425
2414
2403
2392
2382
2371
2361
2351
2343
2330
2320
2311
2298
2290
2280
2272
2294
2340
2375
2412
2443
2458
2445
2435
2427
2413
2403
2391
2378
2371
2360
2351
2340
2330
2325
2310
2300
2290
2280
2310
2358
2387
2427
2460
2464
2455
2444
2433
2422
2410
2402
2390
2379
2368
2357
2348
2339
2329
2318
2308
2297
2289
2327
2371
2403
2439
2477
2471
2460
2449
2436
2426
2415
2408
2395
2384
2373
2362
2352
2342
2333
2322
2314
2303
2293
2340
2380
2416
2451
2490
2478
2466
2454
2443
2433
2421
2410
2400
2391
2379
2369
2358
2345
2338
2329
2321
2309
2307
2353
2392
2428
2460
2494
2483
2471
2459
2448
2437
2425
2415
2405
2397
2383
2373
2362
2352
2342
2332
2323
2313
2319
2366
2402
2440
2468
2498
2486
2478
2463
2453
2440
2429
2420
2409
2398
2387
2377
2370
2357
2346
2337
2326
2317
2308
2297
2287
2278
2266
2259
2250
2241
2232
2223
2218
2206
2203
2250
2288
2326
2358
2393
2381
2370
2357
2348
2338
2328
2317
2307
2300
2288
2278
2268
2255
2249
2241
2231
2221
2228
2274
2313
2350
2381
2413
2401
2393
2378
2368
2357
2343
2337
2327
2317
2307
2296
2285
2277
2267
2258
2248
2239
2251
2296
2331
2371
2397
2430
2418
2407
2397
2385
2373
2364
2353
2343
2333
2323
2313
2303
2293
2283
2271
2263
2255
2271
2318
2351
2390
2422
2444
2432
2420
2410
2399
2389
2378
2367
2354
2346
2336
2329
2316
2306
2297
2287
2276
2267
2291
2338
2371
2411
2443
2456
2443
2433
2423
2415
2400
2390
2378
2369
2359
2349
2338
2328
2319
2308
2298
2289
2277
2312
2358
2392
2429
2463
2473
2462
2450
2439
2429
2417
2407
2396
2385
2374
2362
2354
2344
2336
2324
2314
2303
2293
2332
2378
2410
2450
2487
2488
2476
2465
2451
2442
2432
2422
2410
2399
2388
2377
2368
2357
2348
2338
2328
2318
2308
2352
2394
2430
2467
2507
2500
2487
2475
2462
2454
2442
2431
2420
2411
2403
2389
2379
2368
2358
2348
2339
2328
2317
2367
2406
2445
2481
2518
2510
2498
2489
2473
2464
2452
2439
2431
2421
2409
2399
2388
2376
2368
2358
2348
2338
2328
2321
2308
2298
2289
2278
2270
2261
2251
2243
2233
2222
2215
2258
2309
2346
2389
2432
2433
2422
2410
2397
2388
2378
2367
2357
2346
2335
2327
2316
2305
2296
2287
2279
2268
2258
2307
2352
2394
2435
2479
2474
2462
2450
2439
2428
2418
2407
2396
2387
2375
2365
2355
2343
2334
2325
2317
2305
2295
2349
2396
2437
2476
2518
2510
2499
2490
2475
2464
2451
2442
2432
2423
2410
2399
2389
2376
2368
2358
2348
2338
2337
2394
2435
2476
2512
2551
2538
2529
2515
2503
2491
2480
2469
2458
2447
2437
2427
2419
2405
2395
2384
2373
2364
2373
2426
2467
2510
2542
2577
2564
2550
2540
2528
2519
2506
2495
2483
2470
2462
2451
2444
2429
2418
2408
2398
2387
2406
2458
2494
2540
2574
2601
2588
2575
2564
2552
2543
2529
2518
2506
2495
2485
2474
2463
2453
2443
2433
2421
2409
2430
2483
2519
2566
2598
2617
2604
2588
2579
2569
2556
2545
2534
2526
2511
2500
2489
2478
2468
2459
2447
2436
2425
2454
2508
2541
2585
2621
2632
2623
2607
2594
2582
2570
2559
2550
2537
2527
2515
2502
2493
2482
2471
2461
2450
2441
2475
2524
2557
2597
2637
2644
2631
2618
2606
2594
2583
2572
2560
2548
2537
2526
2515
2504
2493
2481
2472
2462
2454
2440
2430
2419
2406
2399
2389
2378
2369
2358
2352
2339
2330
2353
2398
2433
2475
2505
2530
2518
2505
2494
2483
2471
2460
2450
2440
2428
2418
2407
2394
2386
2376
2370
2356
2345
2366
2410
2444
2484
2514
2534
2522
2513
2498
2486
2474
2463
2453
2444
2432
2421
2410
2397
2389
2379
2369
2358
2349
2376
2419
2448
2488
2517
2532
2520
2511
2496
2487
2473
2463
2452
2441
2431
2419
2410
2399
2388
2378
2367
2357
2348
2383
2423
2453
2491
2524
2528
2516
2505
2492
2482
2472
2459
2449
2437
2426
2416
2407
2395
2385
2375
2362
2354
2344
2383
2426
2457
2495
2526
2522
2510
2498
2487
2477
2465
2454
2443
2431
2421
2411
2401
2390
2380
2371
2359
2349
2340
2382
2425
2459
2493
2530
2519
2507
2495
2484
2473
2462
2451
2440
2432
2419
2407
2397
2387
2377
2368
2356
2346
2345
2388
2429
2463
2494
2528
2515
2505
2492
2480
2469
2454
2447
2437
2426
2415
2404
2393
2384
2373
2362
2353
2343
2350
2395
2430
2467
2494
2526
2514
2505
2491
2479
2468
2458
2446
2435
2425
2414
2404
2393
2382
2372
2361
2352
2341
2356
2398
2432
2469
2498
2524
2512
2500
2488
2477
2469
2454
2444
2432
2422
2411
2403
2391
2380
2370
2357
2349
2339
2330
2320
2311
2304
2291
2284
2272
2261
2255
2246
2236
2227
2225
2263
2300
2326
2357
2385
2390
2379
2367
2357
2345
2332
2326
2315
2305
2295
2286
2275
2266
2256
2247
2238
2229
2222
2252
2288
2314
2341
2373
2372
2359
2349
2339
2328
2318
2308
2298
2288
2279
2269
2259
2250
2240
2229
2222
2213
2207
2242
2276
2303
2333
2364
2356
2345
2334
2324
2313
2303
2293
2280
2273
2263
2256
2245
2234
2224
2216
2207
2197
2196
2235
2269
2296
2323
2351
2338
2327
2318
2309
2297
2287
2277
2265
2257
2247
2238
2228
2219
2212
2201
2191
2181
2187
2227
2261
2289
2314
2339
2328
2317
2306
2296
2285
2278
2267
2256
2246
2235
2227
2218
2212
2199
2190
2180
2172
2183
2220
2250
2282
2308
2328
2317
2307
2293
2286
2276
2266
2255
2246
2235
2227
2218
2208
2199
2190
2182
2170
2163
2177
2213
2243
2276
2303
2317
2305
2295
2285
2275
2264
2255
2245
2236
2226
2216
2207
2197
2188
2179
2172
2161
2151
2172
2208
2237
2271
2296
2306
2294
2288
2274
2264
2254
2244
2233
2226
2215
2206
2196
2185
2178
2169
2160
2151
2143
2173
2207
2231
2265
2289
2300
2290
2279
2269
2259
2248
2239
2230
2220
2210
2201
2193
2182
2173
2165
2151
2145
2138
2132
2120
2112
2104
2097
2089
2081
2073
2065
2059
2051
2043
2063
2106
2141
2181
2214
2229
2219
2207
2198
2188
2179
2170
2161
2153
2143
2134
2124
2114
2107
2099
2091
2081
2073
2098
2142
2176
2214
2246
2260
2249
2241
2229
2218
2208
2196
2190
2181
2172
2162
2153
2143
2134
2125
2117
2108
2100
2133
2175
2206
2243
2272
2284
2273
2266
2252
2241
2232
2222
2212
2204
2194
2185
2177
2166
2157
2148
2137
2130
2122
2164
2204
2236
2272
2305
2307
2295
2285
2275
2265
2255
2245
2235
2223
2216
2207
2200
2187
2178
2170
2158
2151
2142
2188
2228
2262
2298
2332
2324
2312
2301
2291
2282
2271
2261
2251
2240
2232
2222
2213
2204
2195
2187
2176
2167
2164
2207
2249
2284
2314
2348
2337
2325
2316
2304
2294
2285
2275
2265
2255
2246
2236
2224
2217
2208
2200
2188
2179
2186
2228
2268
2303
2332
2363
2351
2344
2329
2319
2308
2299
2288
2280
2269
2259
2249
2238
2230
2221
2211
2202
2193
2204
2249
2282
2321
2345
2374
2363
2352
2341
2331
2319
2309
2299
2289
2280
2269
2260
2251
2240
2231
2221
2212
2203
2220
2264
2297
2334
2362
2385
2374
2363
2352
2340
2333
2321
2311
2300
2288
2281
2271
2264
2251
2241
2232
2221
2214
2204
2195
2187
2177
2172
2159
2151
2141
2132
2124
2117
2107
2112
2150
2180
2212
2236
2262
2251
2241
2232
2221
2211
2201
2189
2183
2173
2167
2155
2146
2136
2128
2119
2110
2102
2113
2153
2180
2214
2236
2255
2247
2237
2230
2217
2207
2197
2188
2178
2169
2160
2151
2142
2133
2124
2115
2106
2098
2115
2156
2181
2215
2241
2251
2243
2232
2222
2212
2203
2196
2184
2174
2164
2156
2147
2139
2130
2120
2112
2100
2093
2120
2158
2184
2217
2249
2250
2239
2228
2218
2208
2200
2190
2180
2171
2162
2153
2143
2134
2126
2117
2109
2099
2091
2124
2158
2189
2221
2254
2250
2240
2229
2218
2210
2199
2190
2180
2171
2162
2152
2144
2133
2125
2116
2111
2099
2091
2130
2163
2196
2225
2257
2250
2239
2231
2219
2208
2198
2190
2180
2173
2162
2152
2143
2132
2125
2116
2107
2099
2097
2142
2172
2202
2229
2259
2250
2239
2228
2218
2209
2198
2189
2180
2170
2161
2152
2145
2133
2125
2116
2104
2098
2104
2145
2176
2209
2234
2260
2249
2239
2228
2219
2210
2199
2190
2181
2169
2161
2152
2144
2134
2124
2116
2105
2098
2111
2151
2181
2215
2245
2262
2251
2240
2230
2221
2211
2201
2191
2182
2172
2163
2153
2144
2136
2126
2120
2109
2100
2092
2079
2076
2067
2061
2049
2043
2034
2027
2019
2011
2003
2012
2065
2105
2146
2179
2214
2204
2194
2187
2174
2164
2155
2143
2135
2128
2118
2109
2102
2094
2085
2075
2066
2058
2070
2122
2161
2204
2236
2267
2258
2247
2237
2227
2218
2211
2198
2188
2178
2169
2160
2152
2142
2134
2124
2114
2107
2124
2174
2212
2255
2290
2313
2301
2290
2276
2270
2259
2252
2240
2230
2220
2211
2200
2192
2182
2174
2166
2155
2145
2173
2221
2258
2301
2336
2352
2340
2329
2319
2308
2298
2288
2278
2269
2258
2249
2240
2227
2219
2211
2204
2192
2183
2217
2264
2299
2341
2377
2384
2373
2361
2350
2340
2328
2319
2309
2302
2288
2279
2269
2260
2250
2241
2231
2222
2213
2256
2302
2338
2373
2415
2414
2406
2392
2382
2370
2359
2349
2340
2329
2318
2309
2299
2289
2280
2269
2260
2251
2244
2292
2336
2372
2408
2449
2442
2430
2419
2408
2398
2386
2376
2364
2355
2345
2337
2324
2314
2304
2294
2285
2275
2269
2322
2365
2405
2438
2476
2463
2452
2440
2432
2419
2408
2397
2384
2376
2366
2356
2346
2336
2329
2316
2305
2295
2299
2351
2392
2430
2463
2497
2482
2473
2461
2450
2439
2429
2421
2407
2397
2385
2375
2365
2356
2344
2335
2325
2313
2305
2296
2286
2277
2267
2261
2248
2239
2230
2219
2212
2203
2193
2240
2282
2313
2350
2387
2378
2367
2356
2349
2335
2325
2314
2303
2294
2285
2275
2265
2256
2245
2236
2228
2218
2217
2264
2304
2339
2371
2407
2392
2383
2374
2362
2353
2341
2330
2321
2310
2301
2291
2281
2273
2262
2252
2242
2230
2238
2285
2322
2359
2389
2418
2408
2396
2385
2374
2364
2353
2343
2333
2322
2310
2302
2293
2286
2273
2263
2253
2243
2257
2304
2338
2378
2407
2436
2421
2409
2397
2387
2377
2369
2356
2346
2334
2322
2315
2305
2295
2285
2276
2271
2257
2273
2319
2349
2393
2424
2444
2433
2422
2408
2400
2389
2378
2368
2357
2350
2337
2326
2316
2303
2296
2287
2277
2268
2291
2336
2369
2410
2441
2456
2444
2434
2422
2411
2400
2386
2379
2369
2358
2347
2338
2326
2317
2307
2298
2288
2278
2312
2354
2386
2424
2455
2465
2453
2442
2430
2419
2408
2398
2388
2377
2367
2357
2347
2336
2326
2316
2303
2296
2287
2327
2370
2403
2438
2476
2474
2463
2450
2440
2430
2418
2407
2396
2383
2375
2366
2357
2344
2335
2325
2315
2305
2297
2343
2383
2418
2453
2490
2481
2468
2457
2447
2439
2425
2414
2403
2392
2383
2371
2362
2351
2342
2332
2321
2311
2300
2292
2282
2276
2263
2254
2244
2232
2226
2217
2208
2200
2191
2228
2270
2300
2334
2369
2370
2361
2348
2337
2326
2315
2307
2296
2286
2276
2267
2257
2247
2237
2227
2220
2210
2203
2245
2285
2317
2351
2388
2380
2368
2357
2347
2337
2326
2315
2303
2295
2285
2277
2265
2256
2246
2234
2227
2218
2217
2263
2300
2337
2365
2400
2388
2376
2366
2356
2345
2334
2324
2312
2304
2293
2284
2274
2265
2256
2246
2236
2226
2226
2276
2313
2352
2377
2408
2395
2385
2374
2363
2352
2342
2333
2322
2312
2301
2290
2282
2272
2265
2252
2243
2233
2245
2292
2325
2362
2391
2417
2405
2393
2382
2370
2361
2350
2343
2329
2319
2309
2296
2289
2280
2270
2260
2251
2244
2259
2304
2335
2374
2405
2423
2409
2399
2386
2373
2366
2355
2344
2334
2324
2316
2304
2294
2283
2272
2265
2257
2245
2273
2318
2343
2384
2415
2425
2412
2402
2393
2379
2369
2359
2348
2338
2329
2317
2309
2298
2285
2278
2266
2258
2249
2284
2326
2356
2393
2425
2436
2425
2416
2402
2390
2380
2368
2360
2349
2339
2328
2319
2309
2299
2289
2277
2269
2260
2297
2337
2367
2404
2435
2439
2428
2417
2405
2395
2387
2373
2363
2351
2342
2332
2323
2311
2303
2292
2279
2272
2262
2253
2244
2234
2228
2216
2207
2197
2188
2179
2173
2162
2153
2182
2233
2271
2319
2355
2376
2365
2356
2343
2332
2321
2311
2301
2293
2282
2272
2261
2249
2242
2233
2223
2214
2205
2236
2288
2323
2368
2406
2420
2411
2397
2387
2375
2362
2354
2343
2334
2323
2313
2304
2293
2283
2273
2264
2254
2247
2282
2334
2370
2413
2454
2465
2453
2442
2430
2423
2408
2398
2386
2376
2366
2358
2345
2336
2325
2312
2306
2294
2285
2330
2380
2419
2458
2498
2499
2487
2475
2466
2453
2442
2431
2417
2410
2399
2389
2378
2368
2361
2348
2338
2327
2314
2369
2418
2456
2496
2538
2530
2519
2507
2496
2485
2473
2463
2452
2441
2429
2418
2408
2397
2391
2377
2369
2357
2345
2403
2449
2487
2525
2567
2559
2543
2532
2521
2508
2498
2488
2476
2464
2454
2441
2434
2422
2412
2402
2391
2383
2381
2435
2479
2515
2555
2595
2581
2568
2556
2542
2533
2522
2511
2500
2489
2481
2467
2456
2445
2434
2425
2416
2404
2412
2465
2505
2550
2584
2620
2606
2594
2584
2570
2558
2547
2533
2524
2514
2502
2491
2480
2467
2460
2448
2438
2428
2438
2494
2532
2575
2607
2640
2626
2617
2602
2590
2577
2566
2555
2543
2532
2521
2511
2500
2489
2477
2465
2457
2447
2436
2425
2415
2404
2395
2385
2374
2365
2355
2347
2335
2326
2322
2366
2410
2443
2477
2513
2504
2491
2481
2469
2458
2447
2437
2428
2415
2405
2394
2381
2374
2364
2353
2343
2332
2327
2376
2414
2449
2481
2516
2506
2491
2480
2468
2457
2447
2437
2424
2415
2404
2391
2383
2372
2363
2353
2343
2336
2338
2383
2419
2455
2485
2518
2504
2492
2481
2467
2459
2448
2437
2426
2416
2407
2394
2384
2374
2364
2354
2345
2334
2341
2387
2420
2459
2489
2518
2505
2493
2485
2470
2459
2448
2436
2427
2418
2406
2395
2385
2371
2364
2354
2344
2334
2349
2396
2426
2464
2493
2515
2504
2494
2481
2470
2458
2444
2436
2425
2415
2405
2394
2387
2373
2363
2353
2343
2333
2356
2400
2430
2470
2497
2516
2503
2492
2481
2470
2461
2448
2436
2425
2412
2404
2395
2383
2373
2362
2351
2343
2334
2362
2406
2436
2476
2507
2514
2502
2485
2478
2467
2457
2445
2434
2420
2413
2402
2392
2382
2371
2363
2351
2342
2330
2368
2412
2444
2479
2514
2512
2497
2488
2477
2466
2454
2444
2436
2423
2410
2401
2389
2380
2371
2360
2349
2340
2328
2376
2416
2449
2483
2520
2511
2497
2485
2474
2461
2450
2442
2430
2420
2409
2396
2389
2378
2368
2357
2347
2340
2328
2318
2307
2298
2288
2281
2270
2260
2252
2239
2234
2225
2215
2255
2301
2337
2371
2407
2407
2395
2385
2375
2364
2353
2342
2329
2322
2312
2302
2293
2283
2276
2263
2254
2244
2234
2283
2326
2360
2396
2434
2428
2418
2408
2395
2385
2374
2366
2353
2344
2333
2319
2313
2304
2293
2283
2273
2261
2255
2304
2347
2381
2417
2458
2445
2433
2422
2411
2401
2392
2380
2369
2358
2344
2338
2329
2318
2307
2299
2289
2279
2278
2326
2366
2403
2438
2471
2458
2447
2435
2424
2413
2402
2392
2382
2373
2360
2351
2340
2330
2320
2312
2301
2291
2298
2347
2384
2423
2454
2487
2474
2465
2451
2440
2428
2418
2408
2400
2386
2376
2364
2355
2345
2335
2325
2315
2306
2315
2362
2399
2438
2469
2498
2488
2474
2463
2452
2438
2430
2419
2408
2397
2388
2380
2366
2356
2345
2335
2326
2318
2332
2381
2414
2452
2485
2508
2495
2484
2473
2465
2449
2439
2428
2418
2407
2399
2386
2376
2365
2350
2345
2335
2325
2350
2398
2432
2471
2503
2518
2506
2495
2485
2472
2461
2450
2437
2429
2418
2407
2396
2387
2380
2366
2355
2344
2336
2367
2415
2445
2485
2519
2523
2513
2502
2490
2479
2467
2459
2446
2435
2423
2410
2402
2393
2382
2372
2361
2350
2341
2331
2321
2312
2302
2295
2283
2273
2263
2254
2246
2237
2227
2255
2310
2345
2396
2434
2455
2442
2431
2422
2409
2397
2387
2372
2366
2357
2346
2336
2326
2313
2306
2295
2286
2276
2313
2370
2403
2451
2491
2502
2490
2480
2468
2456
2445
2432
2424
2413
2402
2391
2381
2372
2361
2351
2340
2327
2321
2362
2415
2453
2497
2536
2542
2530
2519
2507
2496
2486
2473
2462
2451
2437
2430
2420
2409
2398
2387
2376
2367
2357
2405
2457
2496
2539
2579
2579
2566
2551
2543
2532
2520
2511
2498
2485
2476
2465
2454
2444
2433
2425
2411
2401
2391
2446
2494
2536
2575
2618
2611
2595
2585
2574
2563
2550
2540
2531
2517
2506
2493
2484
2473
2465
2452
2441
2430
2424
2482
2528
2569
2606
2650
2639
2622
2611
2597
2587
2576
2567
2552
2541
2530
2517
2508
2497
2486
2475
2465
2456
2457
2512
2555
2597
2633
2674
2657
2644
2632
2620
2608
2596
2584
2574
2562
2551
2540
2529
2516
2507
2496
2488
2474
2484
2538
2580
2623
2657
2690
2677
2664
2652
2639
2628
2614
2604
2593
2582
2570
2558
2546
2536
2525
2514
2504
2493
2512
2563
2601
2645
2677
2705
2693
2679
2667
2653
2639
2630
2620
2607
2596
2585
2575
2562
2551
2540
2524
2518
2508
2497
2485
2475
2462
2454
2445
2434
2424
2414
2407
2393
2383
2386
2428
2462
2496
2521
2551
2539
2526
2515
2503
2493
2482
2471
2462
2449
2438
2427
2417
2407
2400
2386
2378
2366
2370
2413
2445
2478
2504
2531
2523
2507
2496
2483
2474
2462
2453
2440
2429
2419
2408
2398
2388
2377
2367
2358
2348
2359
2400
2428
2464
2489
2510
2496
2484
2473
2459
2451
2439
2429
2418
2409
2401
2387
2376
2365
2356
2346
2338
2326
2347
2388
2413
2450
2478
2487
2477
2465
2456
2443
2431
2421
2407
2400
2391
2379
2369
2359
2346
2338
2328
2318
2310
2337
2379
2403
2435
2465
2474
2463
2453
2440
2429
2418
2405
2397
2386
2376
2366
2356
2348
2335
2325
2315
2306
2296
2326
2363
2389
2423
2449
2455
2444
2431
2420
2410
2401
2388
2378
2368
2353
2347
2337
2327
2317
2307
2296
2287
2278
2313
2349
2376
2409
2438
2436
2425
2411
2403
2392
2381
2371
2360
2350
2340
2329
2319
2310
2300
2291
2280
2271
2261
2297
2335
2365
2395
2426
2417
2405
2395
2384
2373
2363
2353
2343
2331
2322
2312
2298
2292
2283
2273
2264
2253
2250
2290
2323
2354
2379
2409
2400
2386
2375
2365
2351
2343
2334
2323
2313
2303
2292
2283
2274
2264
2254
2245
2237
2226
2217
2208
2197
2191
2183
2174
2165
2157
2147
2139
2131
2124
2163
2200
2230
2259
2292
2284
2271
2264
2255
2244
2235
2225
2215
2206
2197
2187
2178
2169
2162
2151
2142
2133
2122
2167
2202
2235
2262
2295
2285
2275
2265
2255
2244
2235
2226
2216
2206
2197
2186
2178
2169
2164
2151
2142
2132
2130
2173
2208
2238
2266
2298
2289
2276
2266
2254
2245
2235
2227
2216
2206
2197
2184
2178
2169
2159
2151
2142
2136
2139
2181
2212
2242
2273
2305
2294
2283
2272
2261
2252
2243
2232
2223
2214
2205
2193
2185
2176
2164
2158
2148
2143
2146
2187
2217
2251
2277
2302
2290
2280
2270
2260
2249
2240
2228
2220
2210
2203
2192
2183
2173
2161
2154
2146
2137
2152
2192
2220
2254
2280
2303
2294
2283
2275
2263
2251
2242
2229
2223
2213
2203
2194
2185
2178
2167
2158
2148
2138
2154
2196
2223
2258
2285
2303
2292
2281
2271
2261
2252
2242
2232
2221
2212
2199
2194
2184
2177
2166
2156
2147
2138
2159
2200
2226
2262
2290
2301
2289
2279
2267
2258
2247
2241
2228
2219
2209
2197
2190
2180
2172
2163
2154
2146
2135
2164
2202
2231
2265
2297
2300
2291
2278
2266
2259
2249
2239
2229
2220
2212
2200
2191
2180
2172
2163
2155
2145
2135
2127
2116
2110
2101
2093
2085
2077
2073
2061
2053
2045
2037
2061
2108
2140
2181
2212
2227
2217
2207
2197
2188
2178
2171
2159
2150
2140
2129
2123
2114
2105
2096
2087
2078
2070
2103
2148
2180
2219
2256
2263
2252
2242
2228
2222
2212
2202
2193
2183
2173
2165
2156
2146
2138
2129
2123
2111
2102
2140
2181
2217
2256
2291
2293
2282
2271
2261
2251
2242
2232
2222
2214
2203
2194
2184
2171
2166
2156
2148
2140
2129
2171
2215
2248
2285
2321
2319
2311
2297
2287
2277
2264
2257
2247
2237
2228
2218
2208
2199
2189
2180
2171
2162
2155
2202
2243
2278
2310
2351
2345
2334
2322
2311
2301
2291
2282
2271
2262
2252
2244
2232
2223
2213
2200
2195
2186
2179
2226
2266
2300
2335
2372
2361
2352
2341
2331
2320
2309
2299
2288
2279
2270
2263
2250
2240
2230
2221
2211
2203
2202
2249
2289
2323
2355
2386
2372
2363
2353
2343
2332
2321
2310
2301
2290
2281
2271
2261
2253
2242
2232
2222
2210
2221
2268
2303
2340
2369
2397
2386
2375
2364
2353
2344
2335
2323
2312
2302
2290
2283
2273
2263
2254
2244
2233
2225
2238
2284
2315
2355
2384
2408
2397
2386
2371
2364
2353
2343
2333
2322
2310
2303
2292
2282
2273
2263
2256
2244
2234
2225
2212
2206
2197
2188
2178
2168
2160
2152
2143
2134
2126
2124
2175
2211
2248
2281
2314
2306
2296
2285
2274
2264
2253
2244
2234
2225
2215
2206
2198
2186
2178
2168
2156
2150
2155
2202
2239
2277
2306
2340
2329
2318
2307
2297
2288
2277
2267
2257
2245
2237
2228
2221
2210
2199
2190
2180
2171
2180
2230
2265
2304
2334
2364
2353
2341
2332
2321
2313
2300
2290
2280
2270
2260
2251
2240
2232
2223
2212
2203
2193
2201
2252
2290
2332
2359
2385
2374
2362
2352
2341
2333
2321
2310
2300
2290
2280
2268
2261
2251
2244
2232
2223
2212
2230
2280
2315
2356
2388
2413
2401
2389
2378
2366
2357
2346
2339
2326
2316
2305
2296
2286
2275
2266
2256
2249
2237
2262
2311
2341
2387
2421
2436
2424
2412
2400
2391
2381
2369
2359
2349
2340
2329
2318
2307
2296
2288
2278
2271
2259
2294
2341
2375
2416
2452
2458
2446
2435
2424
2412
2402
2390
2381
2370
2363
2349
2339
2329
2317
2309
2299
2289
2280
2324
2373
2405
2444
2481
2481
2469
2460
2446
2435
2424
2410
2403
2392
2383
2371
2361
2355
2341
2331
2321
2311
2301
2353
2395
2431
2468
2504
2501
2489
2477
2466
2454
2446
2432
2421
2411
2400
2391
2381
2369
2360
2348
2336
2330
2319
2309
2299
2290
2281
2271
2261
2250
2242
2233
2227
2215
2206
2240
2288
2331
2371
2405
2445
2434
2424
2410
2399
2388
2378
2368
2359
2347
2338
2326
2313
2306
2296
2287
2277
2268
2275
2323
2363
2403
2436
2469
2460
2446
2434
2424
2410
2402
2391
2381
2369
2360
2354
2340
2329
2319
2309
2300
2291
2307
2356
2393
2432
2468
2491
2479
2467
2456
2447
2433
2423
2412
2398
2391
2381
2370
2360
2350
2338
2329
2320
2309
2339
2387
2421
2462
2496
2509
2494
2485
2475
2463
2452
2440
2429
2419
2408
2398
2387
2376
2369
2358
2347
2335
2323
2363
2411
2446
2485
2521
2526
2515
2503
2492
2481
2470
2460
2447
2436
2425
2412
2405
2395
2385
2374
2363
2352
2343
2387
2433
2467
2505
2543
2539
2527
2515
2502
2492
2482
2470
2459
2448
2437
2427
2416
2406
2396
2385
2376
2364
2354
2405
2446
2485
2522
2563
2549
2538
2525
2514
2503
2492
2482
2469
2459
2448
2437
2425
2414
2405
2395
2386
2375
2375
2423
2462
2502
2533
2567
2554
2543
2533
2517
2508
2495
2484
2474
2466
2452
2442
2430
2420
2410
2400
2389
2379
2389
2436
2474
2513
2541
2570
2558
2548
2534
2522
2511
2500
2489
2477
2467
2457
2446
2435
2425
2413
2402
2393
2383
2375
2363
2353
2342
2332
2324
2313
2304
2295
2285
2276
2266
2265
2315
2356
2394
2431
2466
2453
2442
2429
2420
2408
2398
2387
2377
2369
2356
2345
2335
2326
2316
2309
2296
2286
2290
2340
2379
2418
2449
2484
2472
2459
2449
2438
2424
2416
2405
2394
2383
2373
2363
2352
2342
2333
2323
2312
2303
2311
2359
2395
2433
2464
2497
2486
2472
2460
2448
2434
2427
2416
2405
2395
2385
2377
2363
2353
2342
2333
2324
2314
2328
2377
2411
2448
2482
2508
2495
2483
2472
2464
2450
2439
2428
2417
2407
2397
2386
2375
2364
2352
2345
2335
2325
2343
2391
2428
2466
2497
2515
2503
2492
2482
2469
2458
2447
2433
2425
2415
2404
2393
2383
2376
2362
2352
2341
2332
2359
2410
2441
2484
2517
2530
2521
2509
2497
2485
2475
2467
2452
2442
2430
2420
2409
2401
2389
2378
2367
2355
2347
2383
2431
2462
2503
2543
2542
2530
2518
2506
2496
2486
2473
2462
2451
2437
2429
2418
2408
2398
2388
2381
2367
2358
2400
2447
2482
2522
2560
2556
2543
2529
2521
2509
2498
2487
2475
2464
2453
2442
2431
2418
2411
2402
2391
2380
2371
2420
2464
2499
2536
2575
2564
2553
2540
2529
2517
2503
2494
2484
2473
2461
2450
2439
2429
2419
2408
2398
2387
2378
2366
2357
2347
2334
2327
2318
2307
2299
2289
2279
2270
2260
2302
2347
2381
2421
2458
2455
2443
2429
2421
2411
2401
2388
2379
2367
2357
2346
2337
2326
2316
2308
2297
2287
2278
2326
2371
2408
2444
2483
2476
2463
2452
2441
2430
2419
2409
2399
2387
2376
2365
2354
2345
2334
2326
2315
2305
2303
2354
2395
2433
2466
2503
2491
2478
2467
2455
2441
2433
2424
2412
2401
2391
2379
2370
2360
2349
2339
2329
2322
2326
2375
2413
2450
2485
2517
2504
2492
2480
2468
2458
2447
2436
2426
2415
2407
2393
2383
2373
2359
2352
2343
2332
2346
2395
2430
2471
2503
2527
2514
2503
2493
2479
2469
2457
2443
2436
2426
2415
2404
2394
2380
2373
2362
2352
2342
2367
2418
2447
2489
2521
2535
2523
2513
2500
2488
2478
2463
2455
2445
2434
2423
2413
2406
2391
2381
2371
2360
2350
2386
2430
2463
2503
2536
2544
2532
2521
2509
2498
2489
2475
2464
2452
2442
2431
2423
2410
2401
2389
2376
2369
2359
2401
2446
2479
2520
2554
2550
2536
2525
2514
2504
2492
2480
2469
2455
2447
2436
2425
2415
2405
2398
2384
2374
2363
2412
2455
2493
2526
2565
2557
2543
2533
2521
2510
2498
2488
2480
2465
2455
2444
2433
2423
2413
2402
2391
2381
2368
2360
2351
2341
2331
2321
2315
2302
2292
2282
2272
2264
2255
2283
2325
2352
2386
2418
2428
2416
2405
2393
2386
2372
2361
2351
2341
2331
2322
2310
2301
2291
2278
2272
2261
2252
2283
2324
2355
2389
2420
2425
2410
2403
2392
2381
2370
2359
2347
2339
2328
2318
2308
2299
2291
2278
2269
2259
2247
2288
2329
2359
2391
2426
2425
2414
2403
2392
2381
2371
2362
2350
2340
2329
2316
2309
2300
2289
2279
2270
2260
2251
2293
2332
2364
2397
2432
2426
2414
2403
2390
2381
2371
2361
2350
2339
2329
2319
2310
2299
2289
2280
2271
2260
2250
2296
2334
2366
2398
2436
2422
2411
2400
2388
2379
2368
2357
2347
2336
2328
2316
2306
2295
2286
2277
2269
2257
2256
2300
2334
2370
2400
2434
2422
2410
2404
2389
2378
2367
2353
2345
2336
2326
2316
2305
2294
2285
2276
2265
2256
2261
2307
2339
2374
2402
2428
2419
2409
2397
2386
2375
2363
2354
2344
2334
2323
2313
2305
2293
2283
2274
2260
2255
2263
2307
2340
2377
2402
2431
2419
2408
2396
2385
2377
2364
2353
2343
2330
2323
2314
2303
2293
2283
2272
2262
2254
2268
2312
2344
2381
2408
2429
2417
2403
2395
2384
2373
2362
2352
2340
2331
2321
2311
2301
2291
2283
2271
2262
2252
2238
2234
2225
2215
2206
2197
2187
2179
2171
2162
2153
2145
2153
2201
2241
2279
2309
2352
2339
2329
2317
2307
2296
2287
2276
2267
2257
2248
2239
2227
2219
2209
2197
2191
2182
2186
2234
2273
2312
2345
2381
2368
2357
2347
2338
2326
2315
2305
2294
2284
2276
2265
2255
2246
2234
2226
2217
2207
2217
2266
2307
2344
2375
2415
2400
2391
2381
2370
2358
2348
2335
2327
2318
2307
2297
2287
2281
2268
2258
2247
2239
2247
2297
2334
2374
2405
2434
2425
2413
2403
2392
2381
2373
2360
2349
2338
2328
2319
2311
2298
2288
2277
2266
2259
2272
2322
2358
2400
2434
2457
2444
2432
2421
2411
2402
2389
2378
2368
2357
2348
2337
2326
2316
2307
2296
2287
2277
2298
2348
2382
2428
2457
2478
2466
2454
2443
2432
2421
2410
2400
2393
2378
2368
2357
2347
2337
2329
2317
2307
2298
2321
2373
2406
2449
2483
2498
2489
2474
2463
2451
2441
2430
2421
2409
2398
2387
2374
2366
2356
2345
2336
2326
2319
2350
2397
2429
2471
2507
2518
2504
2493
2481
2467
2459
2448
2437
2425
2416
2408
2394
2384
2373
2361
2354
2344
2333
2373
2419
2452
2494
2531
2534
2522
2510
2501
2487
2476
2464
2453
2443
2433
2421
2411
2400
2389
2380
2371
2360
2349
2339
2329
2319
2309
2297
2290
2280
2274
2261
2252
2242
2233
2259
2309
2343
2386
2421
2437
2425
2413
2402
2391
2381
2372
2359
2349
2339
2326
2319
2308
2300
2289
2280
2272
2260
2293
2342
2375
2418
2456
2464
2454
2442
2428
2419
2409
2398
2387
2376
2369
2355
2345
2334
2325
2314
2307
2295
2286
2326
2370
2408
2447
2485
2487
2475
2467
2452
2440
2429
2418
2408
2400
2386
2376
2366
2353
2345
2335
2325
2315
2305
2354
2398
2434
2471
2510
2505
2494
2481
2470
2459
2444
2436
2427
2415
2405
2392
2386
2373
2362
2352
2342
2332
2324
2374
2419
2455
2490
2532
2521
2508
2498
2487
2478
2464
2453
2441
2431
2420
2411
2399
2388
2378
2366
2358
2348
2347
2398
2440
2481
2511
2547
2535
2518
2511
2500
2488
2477
2465
2453
2444
2433
2423
2412
2401
2392
2380
2371
2359
2365
2418
2457
2497
2528
2558
2544
2533
2522
2510
2499
2488
2478
2466
2454
2444
2429
2422
2412
2402
2391
2381
2370
2388
2438
2472
2515
2546
2569
2555
2541
2532
2517
2508
2497
2486
2475
2464
2452
2441
2432
2421
2411
2400
2391
2380
2406
2455
2483
2529
2562
2574
2561
2549
2536
2525
2514
2503
2492
2481
2470
2459
2448
2437
2425
2416
2406
2399
2385
2375
2364
2354
2345
2333
2326
2315
2306
2296
2286
2277
2266
2285
2336
2376
2416
2449
2474
2462
2450
2439
2428
2418
2406
2398
2385
2376
2363
2354
2343
2337
2324
2313
2303
2291
2319
2370
2404
2448
2483
2500
2487
2475
2463
2453
2442
2433
2420
2409
2398
2387
2377
2367
2357
2347
2337
2327
2317
2352
2400
2434
2477
2517
2520
2507
2495
2483
2473
2460
2450
2440
2429
2422
2407
2397
2386
2376
2367
2358
2345
2335
2380
2424
2462
2502
2540
2538
2527
2517
2502
2491
2479
2469
2458
2449
2437
2425
2415
2402
2394
2384
2373
2363
2353
2407
2448
2486
2523
2560
2555
2544
2531
2520
2508
2495
2486
2475
2464
2453
2442
2433
2421
2411
2399
2387
2379
2375
2429
2469
2508
2544
2585
2572
2559
2548
2537
2526
2513
2502
2490
2476
2469
2459
2447
2437
2426
2414
2405
2395
2395
2446
2487
2528
2561
2598
2584
2570
2560
2549
2540
2525
2515
2503
2492
2481
2470
2459
2448
2438
2428
2417
2406
2414
2465
2505
2549
2579
2610
2596
2583
2572
2561
2549
2538
2527
2515
2504
2492
2481
2471
2461
2453
2439
2428
2417
2433
2485
2520
2563
2596
2622
2608
2596
2584
2570
2560
2550
2538
2526
2515
2503
2493
2483
2472
2461
2450
2440
2429
2419
2409
2395
2388
2378
2370
2358
2347
2337
2328
2318
2309
2307
2348
2383
2412
2440
2473
2458
2449
2437
2430
2415
2405
2395
2383
2373
2363
2352
2343
2334
2324
2312
2302
2292
2292
2332
2369
2396
2423
2452
2439
2429
2418
2407
2396
2386
2376
2365
2354
2343
2334
2324
2315
2304
2294
2284
2271
2280
2321
2353
2386
2412
2442
2427
2415
2403
2393
2383
2374
2362
2351
2341
2328
2321
2310
2300
2290
2282
2273
2262
2271
2311
2342
2376
2404
2424
2412
2400
2386
2379
2367
2357
2347
2337
2330
2317
2306
2296
2287
2276
2268
2257
2248
2262
2299
2331
2366
2392
2408
2397
2388
2375
2364
2354
2340
2333
2323
2316
2302
2292
2282
2273
2263
2254
2244
2235
2258
2296
2323
2359
2384
2401
2388
2380
2367
2356
2345
2335
2324
2314
2304
2294
2285
2275
2265
2255
2243
2236
2227
2257
2293
2320
2356
2384
2393
2381
2371
2359
2349
2339
2328
2319
2306
2298
2288
2280
2267
2257
2248
2239
2229
2220
2249
2288
2317
2349
2380
2383
2368
2359
2350
2340
2328
2318
2309
2298
2288
2278
2268
2258
2250
2239
2230
2220
2208
2248
2286
2318
2347
2379
2374
2362
2352
2342
2331
2320
2311
2300
2290
2280
2269
2260
2251
2244
2232
2222
2213
2203
2195
2186
2177
2168
2161
2151
2143
2135
2123
2118
2109
2104
2129
2168
2195
2230
2258
2267
2255
2245
2236
2226
2216
2206
2193
2188
2178
2173
2160
2151
2141
2133
2124
2115
2107
2138
2178
2204
2238
2268
2271
2262
2252
2245
2231
2222
2212
2202
2193
2184
2174
2165
2156
2147
2138
2129
2118
2112
2148
2188
2215
2246
2278
2282
2271
2261
2251
2241
2232
2220
2211
2202
2190
2183
2173
2168
2155
2146
2137
2128
2121
2157
2194
2223
2255
2286
2281
2270
2257
2251
2241
2231
2220
2211
2200
2192
2183
2173
2164
2155
2147
2137
2128
2119
2160
2199
2230
2262
2293
2282
2271
2261
2251
2241
2231
2222
2213
2202
2192
2183
2172
2165
2155
2149
2137
2129
2128
2171
2205
2238
2266
2302
2290
2279
2269
2258
2246
2238
2229
2222
2209
2200
2190
2179
2172
2162
2153
2144
2136
2136
2178
2212
2242
2272
2302
2294
2280
2270
2260
2246
2240
2231
2220
2210
2202
2194
2182
2173
2163
2154
2145
2138
2144
2185
2218
2249
2278
2309
2298
2287
2276
2270
2256
2246
2235
2226
2217
2208
2198
2188
2179
2167
2160
2152
2142
2149
2191
2226
2257
2283
2309
2298
2287
2279
2267
2257
2247
2235
2227
2217
2208
2198
2189
2183
2171
2161
2152
2143
2135
2126
2116
2107
2099
2089
2083
2074
2067
2058
2051
2046
2041
2098
2145
2188
2228
2276
2263
2252
2242
2231
2222
2212
2203
2194
2183
2177
2165
2155
2144
2134
2128
2120
2111
2114
2171
2216
2261
2299
2341
2328
2318
2309
2296
2286
2276
2262
2256
2247
2238
2227
2218
2207
2199
2189
2180
2170
2180
2238
2281
2327
2362
2391
2382
2371
2362
2349
2338
2328
2318
2308
2298
2288
2278
2268
2258
2249
2239
2226
2220
2241
2300
2336
2383
2419
2442
2430
2419
2408
2398
2386
2379
2365
2354
2343
2334
2324
2315
2304
2294
2284
2271
2264
2295
2350
2386
2434
2473
2485
2472
2461
2446
2438
2428
2416
2406
2395
2383
2375
2364
2354
2343
2333
2325
2313
2303
2343
2394
2433
2478
2518
2522
2510
2497
2486
2475
2464
2453
2442
2433
2420
2410
2399
2386
2378
2369
2358
2349
2338
2386
2437
2476
2518
2559
2556
2546
2533
2521
2510
2495
2486
2477
2466
2454
2444
2432
2423
2412
