voltage_trace: voltage_traces/voltage_trace2.txt
Fixed time simulation start ######################################
hazard_threshold_val;time;shtdwn_counter;clk_counter;trace_rom_addr;executed_batches;I_layer1_pwr_apprx_values_idle_state;I_layer1_pwr_apprx_compute_state;I_layer1_pwr_apprx_values_save_state;I_layer1_pwr_apprx_values_rec_state;nv_reg1_pwr_apprx_values_poweron_state;nv_reg1_pwr_apprx_values_rec_state;nv_reg1_pwr_apprx_values_save_state;I_layer2_pwr_apprx_values_idle_state;I_layer2_pwr_apprx_compute_state;I_layer2_pwr_apprx_values_save_state;I_layer2_pwr_apprx_values_rec_state;nv_reg2_pwr_apprx_values_poweron_state;nv_reg2_pwr_apprx_values_rec_state;nv_reg2_pwr_apprx_values_save_state;I_layer3_pwr_apprx_values_idle_state;I_layer3_pwr_apprx_compute_state;I_layer3_pwr_apprx_values_save_state;I_layer3_pwr_apprx_values_rec_state;nv_reg3_pwr_apprx_values_poweron_state;nv_reg3_pwr_apprx_values_rec_state;nv_reg3_pwr_apprx_values_save_state;I_layer4_pwr_apprx_values_idle_state;I_layer4_pwr_apprx_compute_state;I_layer4_pwr_apprx_values_save_state;I_layer4_pwr_apprx_values_rec_state;nv_reg4_pwr_apprx_values_poweron_state;nv_reg4_pwr_apprx_values_rec_state;nv_reg4_pwr_apprx_values_save_state;
2550;3 ms;97;48271;0;27;16015;22045;7000;3114;48174;7278;4568;35221;2839;7000;3114;48174;446;356;36899;1161;7000;3114;48174;776;608;36899;1161;7000;3114;48174;500;338;
2590;3 ms;97;48271;0;26;16186;21035;8147;2806;48174;6532;4432;34543;2678;8147;2806;48174;718;396;36103;1118;8147;2806;48174;728;480;36103;1118;8147;2806;48174;524;440;
2630;3 ms;97;48271;0;24;16129;19149;10847;2049;48174;8782;6892;32806;2472;10847;2049;48174;672;600;34246;1032;10847;2049;48174;332;260;34246;1032;10847;2049;48174;326;254;
2670;3 ms;97;48271;0;23;16178;18290;11580;2126;48174;6372;4892;32099;2369;11580;2126;48174;914;848;33479;989;11580;2126;48174;1418;1352;33479;989;11580;2126;48174;998;932;
2710;3 ms;97;48271;0;22;16402;18101;12269;1402;48174;6942;5872;32225;2278;12269;1402;48174;1182;888;33557;946;12269;1402;48174;1142;836;33557;946;12269;1402;48174;224;164;
2750;3 ms;97;48271;0;21;16147;17314;12946;1767;48174;6526;5456;31195;2266;12946;1767;48174;1218;1080;32554;907;12946;1767;48174;738;596;32558;903;12946;1767;48174;236;176;
2790;3 ms;97;48271;0;20;16066;16527;13886;1695;48174;3500;2640;30430;2163;13886;1695;48174;918;616;31690;903;13886;1695;48174;1072;852;31690;903;13886;1695;48174;1624;1352;
2830;3 ms;97;48271;0;19;15942;15684;13956;2592;48174;5870;4400;29669;1957;13956;2592;48174;434;292;30809;817;13956;2592;48174;184;124;30809;817;13956;2592;48174;184;124;
2870;3 ms;97;48271;0;18;15772;14788;15000;2614;48174;5437;3764;28706;1854;15000;2614;48174;152;92;29786;774;15000;2614;48174;152;92;29786;774;15000;2614;48174;152;92;
2910;3 ms;97;48271;0;18;16532;14412;11666;5564;48174;4217;2756;29090;1854;11666;5564;48174;318;264;30170;774;11666;5564;48174;406;352;30170;774;11666;5564;48174;302;248;
2950;3 ms;97;48271;0;17;17009;14166;12350;4649;48174;3791;2748;29347;1828;12350;4649;48174;490;360;30444;731;12350;4649;48174;156;108;30444;731;12350;4649;48174;434;318;
2990;3 ms;97;48271;0;16;20606;13379;13064;1125;48174;3784;2928;32234;1751;13064;1125;48174;208;160;33254;731;13064;1125;48174;282;156;33254;731;13064;1125;48174;270;150;
3030;3 ms;97;48271;0;16;20298;13197;13608;1071;48174;3357;2532;31847;1648;13608;1071;48174;530;404;32807;688;13608;1071;48174;550;420;32807;688;13608;1071;48174;270;154;
3070;3 ms;97;48271;0;16;20364;12624;14026;1160;48174;2970;1916;31340;1648;14026;1160;48174;466;336;32300;688;14026;1160;48174;460;412;32300;688;14026;1160;48174;358;310;
3110;3 ms;97;48271;0;15;20126;12155;14560;1333;48174;4325;3116;30736;1545;14560;1333;48174;362;232;31636;645;14560;1333;48174;112;64;31636;645;14560;1333;48174;250;134;
3150;3 ms;97;48271;0;14;19940;11805;15204;1225;48174;3994;2936;30200;1545;15204;1225;48174;286;160;31100;645;15204;1225;48174;294;164;31122;623;15204;1225;48174;128;80;
3190;3 ms;97;48271;0;14;20059;11041;15892;1182;48174;3570;2516;29658;1442;15892;1182;48174;462;332;30498;602;15892;1182;48174;128;80;30498;602;15892;1182;48174;198;150;
3230;3 ms;97;48271;0;13;19827;10280;16774;1293;48174;4831;3552;28768;1339;16774;1293;48174;380;332;29548;559;16774;1293;48174;304;256;29548;559;16774;1293;48174;136;88;
3270;3 ms;97;48271;0;12;19829;10231;16830;1284;48174;4196;2936;28721;1339;16830;1284;48174;216;168;29501;559;16830;1284;48174;292;244;29501;559;16830;1284;48174;280;232;
3310;3 ms;97;48271;0;12;19658;10016;17224;1276;48174;4607;3344;28438;1236;17224;1276;48174;378;248;29158;516;17224;1276;48174;296;248;29158;516;17224;1276;48174;206;158;
3350;3 ms;97;48271;0;11;19564;9412;16666;2532;48174;4183;2928;27843;1133;16666;2532;48174;203;160;28503;473;16666;2532;48174;119;76;28503;473;16666;2532;48174;189;146;
3390;3 ms;97;48271;0;11;19768;8658;17845;1903;48174;3378;2532;27293;1133;17845;1903;48174;384;260;27953;473;17845;1903;48174;134;92;27953;473;17845;1903;48174;344;302;
3430;3 ms;97;48271;0;10;19404;8280;18108;2382;48174;4396;3344;26654;1030;18108;2382;48174;202;160;27254;430;18108;2382;48174;206;164;27254;430;18108;2382;48174;330;220;
3470;3 ms;97;48271;0;9;19164;7870;18652;2488;48174;4588;3544;26004;1030;18652;2488;48174;618;412;26622;412;18652;2488;48174;374;332;26647;387;18652;2488;48174;200;158;
3510;3 ms;97;48271;0;9;19160;7870;18672;2472;48174;4366;3120;26047;983;18672;2472;48174;618;412;26643;387;18672;2472;48174;118;76;26643;387;18672;2472;48174;188;146;
3550;3 ms;97;48271;0;8;20688;7083;19312;1091;48174;4590;3544;26844;927;19312;1091;48174;200;164;27384;387;19312;1091;48174;196;160;27384;387;19312;1091;48174;190;154;
3590;3 ms;97;48271;0;8;20575;7083;18794;1722;48174;3768;2924;26808;850;18794;1722;48174;272;236;27314;344;18794;1722;48174;272;236;27314;344;18794;1722;48174;182;146;
3630;3 ms;97;48271;0;8;20747;6359;18916;2152;48174;4386;3340;26282;824;18916;2152;48174;112;76;26762;344;18916;2152;48174;112;76;26762;344;18916;2152;48174;112;76;
3670;3 ms;97;48271;0;7;20519;5909;16772;4974;48174;4366;3328;25707;721;16772;4974;48174;440;240;26127;301;16772;4974;48174;108;72;26127;301;16772;4974;48174;178;142;
3710;3 ms;97;48271;0;6;20454;5509;17200;5011;48174;4382;3336;25242;721;17200;5011;48174;196;160;25662;301;17200;5011;48174;112;76;25662;301;17200;5011;48174;182;146;
3750;3 ms;97;48271;0;6;20286;5509;15898;6481;48174;4374;3328;25106;689;15898;6481;48174;268;232;25537;258;15898;6481;48174;188;152;25537;258;15898;6481;48174;104;68;
3790;3 ms;97;48271;0;6;20375;5318;16124;6357;48174;4578;3532;25075;618;16124;6357;48174;188;152;25435;258;16124;6357;48174;104;68;25435;258;16124;6357;48174;104;68;
3830;3 ms;97;48271;0;6;21824;5232;16386;4732;48174;2746;2312;26438;618;16386;4732;48174;98;68;26798;258;16386;4732;48174;98;68;26798;258;16386;4732;48174;98;68;
3870;3 ms;97;48271;0;5;24921;4722;17064;1467;48174;4146;3516;29037;606;17064;1467;48174;680;656;29428;215;17064;1467;48174;96;72;29428;215;17064;1467;48174;96;72;
3910;3 ms;97;48271;0;5;24861;4360;17486;1467;48174;4166;3536;28706;515;17486;1467;48174;180;156;29006;215;17486;1467;48174;176;152;29006;215;17486;1467;48174;170;146;
3950;3 ms;97;48271;0;5;27516;4231;15874;553;48174;3534;3112;31232;515;15874;553;48174;246;228;31532;215;15874;553;48174;78;60;31532;215;15874;553;48174;78;60;
3990;3 ms;97;48271;0;4;27450;3935;16606;183;48174;2738;2720;30870;515;16606;183;48174;86;68;31170;215;16606;183;48174;166;148;31170;215;16606;183;48174;160;142;
4030;3 ms;97;48271;0;4;27305;3935;16680;254;48174;2932;2716;30725;515;16680;254;48174;420;320;31025;215;16680;254;48174;254;236;31065;175;16680;254;48174;164;146;
4070;3 ms;97;48271;0;4;27325;3465;17120;264;48174;3140;2920;30378;412;17120;264;48174;82;64;30618;172;17120;264;48174;82;64;30618;172;17120;264;48174;82;64;
4110;3 ms;97;48271;0;3;27039;3148;17434;553;48174;2120;1900;29775;412;17434;553;48174;408;312;30050;137;17434;553;48174;420;320;30058;129;17434;553;48174;156;138;
4150;3 ms;97;48271;0;3;26955;2812;18000;407;48174;2936;2716;29458;309;18000;407;48174;258;240;29638;129;18000;407;48174;90;72;29638;129;18000;407;48174;160;142;
4190;3 ms;97;48271;0;3;26988;2754;17843;589;48174;2524;2304;29433;309;17843;589;48174;254;236;29613;129;17843;589;48174;246;228;29613;129;17843;589;48174;234;216;
4230;3 ms;97;48271;0;2;26674;2361;18410;729;48174;3742;3320;28743;292;18410;729;48174;250;232;28949;86;18410;729;48174;82;64;28949;86;18410;729;48174;82;64;
4270;3 ms;97;48271;0;2;27138;2007;16424;2605;48174;3958;3536;28939;206;16424;2605;48174;86;68;29059;86;16424;2605;48174;86;68;29059;86;16424;2605;48174;86;68;
4310;3 ms;97;48271;0;2;27174;1836;16300;2864;48174;3338;2916;28804;206;16300;2864;48174;78;60;28924;86;16300;2864;48174;78;60;28924;86;16300;2864;48174;78;60;
4350;3 ms;97;48271;0;2;27512;1693;16422;2547;48174;2528;2308;28999;206;16422;2547;48174;82;64;29119;86;16422;2547;48174;82;64;29119;86;16422;2547;48174;152;134;
4390;3 ms;97;48271;0;1;27244;1506;16654;2770;48174;3754;3332;28647;103;16654;2770;48174;86;68;28707;43;16654;2770;48174;86;68;28707;43;16654;2770;48174;86;68;
4430;3 ms;97;48271;0;1;29778;1441;16310;645;48174;2722;2300;31116;103;16310;645;48174;74;56;31176;43;16310;645;48174;234;216;31176;43;16310;645;48174;222;204;
4470;3 ms;97;48271;0;1;29804;1372;16194;804;48174;2302;1880;31073;103;16194;804;48174;62;44;31133;43;16194;804;48174;142;124;31133;43;16194;804;48174;136;118;
4510;3 ms;97;48271;0;1;30430;1244;16072;428;48174;2094;1672;31571;103;16072;428;48174;138;120;31631;43;16072;428;48174;142;124;31631;43;16072;428;48174;58;40;
4550;3 ms;97;48271;0;1;30628;1112;16006;428;48174;2298;1876;31637;103;16006;428;48174;146;128;31697;43;16006;428;48174;62;44;31697;43;16006;428;48174;132;114;
4590;3 ms;97;48271;0;1;30666;955;15958;595;48174;2090;1668;31518;103;15958;595;48174;142;124;31578;43;15958;595;48174;58;40;31578;43;15958;595;48174;128;110;
4630;3 ms;97;48271;0;0;30777;787;16217;393;48174;1276;1056;31461;103;16217;393;48174;310;292;31521;43;16217;393;48174;146;128;31521;43;16217;393;48174;202;184;
4670;3 ms;97;48271;0;0;30660;682;16286;546;48174;2502;2080;31342;0;16286;546;48174;58;40;31342;0;16286;546;48174;58;40;31342;0;16286;546;48174;58;40;
Fixed time simulation end ########################################

