voltage_trace: voltage_traces/voltage_trace2.txt
Fixed time simulation start ######################################
hazard_threshold_val;time;shtdwn_counter;clk_counter;trace_rom_addr;executed_batches;I_layer1_pwr_apprx_values_idle_state;I_layer1_pwr_apprx_compute_state;I_layer1_pwr_apprx_values_save_state;I_layer1_pwr_apprx_values_rec_state;nv_reg1_pwr_apprx_values_poweron_state;nv_reg1_pwr_apprx_values_rec_state;nv_reg1_pwr_apprx_values_save_state;I_layer2_pwr_apprx_values_idle_state;I_layer2_pwr_apprx_compute_state;I_layer2_pwr_apprx_values_save_state;I_layer2_pwr_apprx_values_rec_state;nv_reg2_pwr_apprx_values_poweron_state;nv_reg2_pwr_apprx_values_rec_state;nv_reg2_pwr_apprx_values_save_state;I_layer3_pwr_apprx_values_idle_state;I_layer3_pwr_apprx_compute_state;I_layer3_pwr_apprx_values_save_state;I_layer3_pwr_apprx_values_rec_state;nv_reg3_pwr_apprx_values_poweron_state;nv_reg3_pwr_apprx_values_rec_state;nv_reg3_pwr_apprx_values_save_state;I_layer4_pwr_apprx_values_idle_state;I_layer4_pwr_apprx_compute_state;I_layer4_pwr_apprx_values_save_state;I_layer4_pwr_apprx_values_rec_state;nv_reg4_pwr_apprx_values_poweron_state;nv_reg4_pwr_apprx_values_rec_state;nv_reg4_pwr_apprx_values_save_state;I_layer5_pwr_apprx_values_idle_state;I_layer5_pwr_apprx_compute_state;I_layer5_pwr_apprx_values_save_state;I_layer5_pwr_apprx_values_rec_state;nv_reg5_pwr_apprx_values_poweron_state;nv_reg5_pwr_apprx_values_rec_state;nv_reg5_pwr_apprx_values_save_state;I_layer6_pwr_apprx_values_idle_state;I_layer6_pwr_apprx_compute_state;I_layer6_pwr_apprx_values_save_state;I_layer6_pwr_apprx_values_rec_state;nv_reg6_pwr_apprx_values_poweron_state;nv_reg6_pwr_apprx_values_rec_state;nv_reg6_pwr_apprx_values_save_state;I_layer7_pwr_apprx_values_idle_state;I_layer7_pwr_apprx_compute_state;I_layer7_pwr_apprx_values_save_state;I_layer7_pwr_apprx_values_rec_state;nv_reg7_pwr_apprx_values_poweron_state;nv_reg7_pwr_apprx_values_rec_state;nv_reg7_pwr_apprx_values_save_state;I_layer8_pwr_apprx_values_idle_state;I_layer8_pwr_apprx_compute_state;I_layer8_pwr_apprx_values_save_state;I_layer8_pwr_apprx_values_rec_state;nv_reg8_pwr_apprx_values_poweron_state;nv_reg8_pwr_apprx_values_rec_state;nv_reg8_pwr_apprx_values_save_state;
2500;3 ms;97;48271;0;34;12575;27572;6180;1847;48174;5822;4268;38005;2142;6180;1847;48174;246;156;38345;1802;6180;1847;48174;246;156;39025;1122;6180;1847;48174;246;156;39025;1122;6180;1847;48174;346;256;39195;952;6180;1847;48174;452;324;39365;782;6180;1847;48174;346;224;39535;612;6180;1847;48174;254;164;
2519;3 ms;97;48271;0;34;12821;26941;6874;1538;48174;3596;2656;37620;2142;6874;1538;48174;1414;1120;37960;1802;6874;1538;48174;778;688;38640;1122;6874;1538;48174;1082;876;38640;1122;6874;1538;48174;1014;820;38810;952;6874;1538;48174;824;620;38980;782;6874;1538;48174;578;392;39150;612;6874;1538;48174;352;244;
2538;3 ms;97;48271;0;33;12923;26380;6998;1873;48174;5314;4004;37224;2079;6998;1873;48174;548;360;37554;1749;6998;1873;48174;558;348;38214;1089;6998;1873;48174;554;344;38214;1089;6998;1873;48174;406;264;38379;924;6998;1873;48174;372;244;38544;759;6998;1873;48174;316;194;38709;594;6998;1873;48174;258;168;
2557;3 ms;97;48271;0;32;12885;25832;7528;1929;48174;6140;4608;36701;2016;7528;1929;48174;750;460;37021;1696;7528;1929;48174;486;276;37661;1056;7528;1929;48174;368;216;37661;1056;7528;1929;48174;242;152;37821;896;7528;1929;48174;242;152;37981;736;7528;1929;48174;242;152;38141;576;7528;1929;48174;242;152;
2576;3 ms;97;48271;0;32;13096;25339;7720;2019;48174;5276;3876;36419;2016;7720;2019;48174;1168;776;36739;1696;7720;2019;48174;686;476;37379;1056;7720;2019;48174;438;348;37379;1056;7720;2019;48174;412;322;37539;896;7720;2019;48174;338;248;37699;736;7720;2019;48174;318;228;37859;576;7720;2019;48174;278;188;
2595;3 ms;97;48271;0;31;13255;24575;8236;2108;48174;5670;4488;35877;1953;8236;2108;48174;1168;888;36187;1643;8236;2108;48174;564;356;36807;1023;8236;2108;48174;376;292;36807;1023;8236;2108;48174;502;322;36962;868;8236;2108;48174;424;256;37117;713;8236;2108;48174;282;198;37272;558;8236;2108;48174;276;192;
2614;3 ms;97;48271;0;30;13471;24179;8534;1990;48174;5800;4508;35760;1890;8534;1990;48174;754;584;36060;1590;8534;1990;48174;312;240;36660;990;8534;1990;48174;308;236;36660;990;8534;1990;48174;402;330;36810;840;8534;1990;48174;456;384;36960;690;8534;1990;48174;380;308;37110;540;8534;1990;48174;272;200;
2633;3 ms;97;48271;0;28;13393;22823;10184;1774;48174;6326;5156;34389;1827;10184;1774;48174;476;404;34679;1537;10184;1774;48174;574;444;35259;957;10184;1774;48174;586;452;35259;957;10184;1774;48174;376;304;35413;803;10184;1774;48174;434;324;35572;644;10184;1774;48174;372;268;35712;504;10184;1774;48174;272;200;
2652;3 ms;97;48271;0;28;13387;22362;10580;1845;48174;6296;5008;33985;1764;10580;1845;48174;1292;1020;34265;1484;10580;1845;48174;518;384;34825;924;10580;1845;48174;512;440;34825;924;10580;1845;48174;480;408;34965;784;10580;1845;48174;352;280;35105;644;10580;1845;48174;332;260;35245;504;10580;1845;48174;302;230;
2671;3 ms;97;48271;0;27;13531;22036;10910;1697;48174;6546;5264;33803;1764;10910;1697;48174;872;704;34083;1484;10910;1697;48174;446;380;34644;923;10910;1697;48174;382;316;34676;891;10910;1697;48174;412;346;34811;756;10910;1697;48174;302;236;34946;621;10910;1697;48174;288;222;35081;486;10910;1697;48174;282;216;
2690;3 ms;97;48271;0;27;13414;21653;11438;1669;48174;6556;5396;33366;1701;11438;1669;48174;978;712;33636;1431;11438;1669;48174;576;448;34176;891;11438;1669;48174;454;388;34176;891;11438;1669;48174;420;354;34311;756;11438;1669;48174;394;328;34446;621;11438;1669;48174;300;234;34581;486;11438;1669;48174;266;200;
2709;3 ms;97;48271;0;26;13906;21249;11720;1299;48174;6794;5636;33454;1701;11720;1299;48174;556;496;33724;1431;11720;1299;48174;312;252;34293;862;11720;1299;48174;248;188;34297;858;11720;1299;48174;248;188;34427;728;11720;1299;48174;288;228;34557;598;11720;1299;48174;312;252;34687;468;11720;1299;48174;272;212;
2728;3 ms;97;48271;0;26;13824;21027;12090;1233;48174;5818;4904;33213;1638;12090;1233;48174;352;292;33473;1378;12090;1233;48174;434;316;33993;858;12090;1233;48174;558;436;33993;858;12090;1233;48174;662;554;34123;728;12090;1233;48174;470;368;34253;598;12090;1233;48174;282;222;34383;468;12090;1233;48174;276;216;
2766;3 ms;97;48271;0;25;13791;19807;12886;1690;48174;5434;4528;32023;1575;12886;1690;48174;650;492;32273;1325;12886;1690;48174;566;444;32773;825;12886;1690;48174;674;556;32773;825;12886;1690;48174;624;512;32898;700;12886;1690;48174;336;276;33023;575;12886;1690;48174;286;226;33148;450;12886;1690;48174;252;192;
2785;3 ms;97;48271;0;24;13596;19675;13266;1637;48174;4932;3896;31717;1554;13266;1637;48174;544;484;31999;1272;13266;1637;48174;488;428;32479;792;13266;1637;48174;428;368;32479;792;13266;1637;48174;444;384;32599;672;13266;1637;48174;452;392;32719;552;13266;1637;48174;398;338;32839;432;13266;1637;48174;320;260;
2804;3 ms;97;48271;0;24;13760;19072;13088;2254;48174;5532;4496;31320;1512;13088;2254;48174;416;356;31560;1272;13088;2254;48174;344;284;32040;792;13088;2254;48174;216;156;32040;792;13088;2254;48174;216;156;32160;672;13088;2254;48174;334;236;32280;552;13088;2254;48174;316;224;32400;432;13088;2254;48174;216;156;
2823;3 ms;97;48271;0;23;13836;18651;13412;2275;48174;3562;2648;31038;1449;13412;2275;48174;932;676;31268;1219;13412;2275;48174;732;548;31728;759;13412;2275;48174;780;720;31728;759;13412;2275;48174;706;646;31843;644;13412;2275;48174;484;424;31958;529;13412;2275;48174;424;364;32073;414;13412;2275;48174;304;244;
2842;3 ms;97;48271;0;23;13955;18122;13924;2173;48174;3888;3100;30628;1449;13924;2173;48174;790;432;30858;1219;13924;2173;48174;678;436;31318;759;13924;2173;48174;562;440;31318;759;13924;2173;48174;296;236;31433;644;13924;2173;48174;188;128;31548;529;13924;2173;48174;218;158;31663;414;13924;2173;48174;212;152;
2861;3 ms;97;48271;0;22;13712;18003;14284;2175;48174;3862;2952;30329;1386;14284;2175;48174;686;524;30549;1166;14284;2175;48174;296;236;30989;726;14284;2175;48174;356;296;30989;726;14284;2175;48174;426;270;31099;616;14284;2175;48174;300;156;31209;506;14284;2175;48174;172;112;31319;396;14284;2175;48174;172;112;
2880;3 ms;97;48271;0;22;13848;17652;14484;2190;48174;3738;2828;30114;1386;14484;2190;48174;578;416;30334;1166;14484;2190;48174;408;232;30774;726;14484;2190;48174;356;172;30774;726;14484;2190;48174;168;108;30884;616;14484;2190;48174;248;188;30994;506;14484;2190;48174;202;142;31104;396;14484;2190;48174;168;108;
2899;3 ms;97;48271;0;22;14487;17362;14772;1553;48174;2736;2076;30463;1386;14772;1553;48174;1376;1024;30683;1166;14772;1553;48174;606;428;31123;726;14772;1553;48174;400;288;31123;726;14772;1553;48174;526;420;31233;616;14772;1553;48174;294;240;31343;506;14772;1553;48174;162;108;31453;396;14772;1553;48174;162;108;
2918;3 ms;97;48271;0;22;14341;17253;11524;5056;48174;3362;2580;30271;1323;11524;5056;48174;580;424;30481;1113;11524;5056;48174;344;232;30901;693;11524;5056;48174;476;360;30901;693;11524;5056;48174;274;220;31006;588;11524;5056;48174;246;192;31111;483;11524;5056;48174;264;210;31216;378;11524;5056;48174;208;136;
2937;3 ms;97;48271;0;21;15039;16872;11822;4441;48174;3742;3084;30588;1323;11822;4441;48174;462;316;30798;1113;11822;4441;48174;286;176;31218;693;11822;4441;48174;160;112;31218;693;11822;4441;48174;160;112;31323;588;11822;4441;48174;240;192;31428;483;11822;4441;48174;286;210;31533;378;11822;4441;48174;206;136;
2956;3 ms;97;48271;0;22;15141;16607;12143;4283;48174;3313;2659;30425;1323;12143;4283;48174;362;212;30635;1113;12143;4283;48174;156;108;31055;693;12143;4283;48174;156;108;31055;693;12143;4283;48174;206;158;31160;588;12143;4283;48174;318;232;31265;483;12143;4283;48174;316;236;31370;378;12143;4283;48174;223;157;
2975;3 ms;97;48271;0;20;18589;16455;12350;780;48174;2994;2336;33784;1260;12350;780;48174;152;104;33984;1060;12350;780;48174;212;164;34384;660;12350;780;48174;334;228;34384;660;12350;780;48174;406;258;34484;560;12350;780;48174;322;232;34584;460;12350;780;48174;216;168;34684;360;12350;780;48174;186;138;
2994;3 ms;97;48271;0;20;18620;16057;12574;923;48174;2596;1816;33417;1260;12574;923;48174;428;380;33617;1060;12574;923;48174;380;332;34017;660;12574;923;48174;192;144;34017;660;12574;923;48174;276;180;34117;560;12574;923;48174;258;168;34217;460;12574;923;48174;128;80;34317;360;12574;923;48174;128;80;
3013;3 ms;97;48271;0;19;18385;15706;13160;923;48174;3466;2564;32894;1197;13160;923;48174;240;192;33084;1007;13160;923;48174;196;148;33464;627;13160;923;48174;200;152;33464;627;13160;923;48174;136;88;33559;532;13160;923;48174;136;88;33654;437;13160;923;48174;166;118;33749;342;13160;923;48174;160;112;
3032;3 ms;97;48271;0;19;18425;15490;13340;919;48174;3218;2316;32718;1197;13340;919;48174;440;392;32908;1007;13340;919;48174;324;276;33288;627;13340;919;48174;260;212;33288;627;13340;919;48174;190;142;33383;532;13340;919;48174;136;88;33478;437;13340;919;48174;136;88;33573;342;13340;919;48174;136;88;
3051;3 ms;97;48271;0;19;18459;15168;13636;911;48174;3454;2560;32430;1197;13636;911;48174;656;404;32620;1007;13636;911;48174;140;92;33000;627;13636;911;48174;200;152;33000;627;13636;911;48174;194;146;33095;532;13636;911;48174;180;132;33190;437;13636;911;48174;204;156;33285;342;13636;911;48174;164;116;
3070;3 ms;97;48271;0;18;18461;14953;13860;900;48174;2972;2192;32217;1197;13860;900;48174;540;492;32407;1007;13860;900;48174;328;280;32787;627;13860;900;48174;196;148;32787;627;13860;900;48174;288;192;32882;532;13860;900;48174;222;132;32977;437;13860;900;48174;136;88;33080;334;13860;900;48174;136;88;
3089;3 ms;97;48271;0;18;18250;14786;14220;918;48174;3462;2560;31902;1134;14220;918;48174;128;80;32082;954;14220;918;48174;128;80;32442;594;14220;918;48174;128;80;32442;594;14220;918;48174;128;80;32532;504;14220;918;48174;128;80;32622;414;14220;918;48174;128;80;32712;324;14220;918;48174;128;80;
3108;3 ms;97;48271;0;18;18426;14240;14748;760;48174;2612;2076;31532;1134;14748;760;48174;446;300;31712;954;14748;760;48174;448;280;32072;594;14748;760;48174;454;344;32072;594;14748;760;48174;450;354;32162;504;14748;760;48174;318;228;32252;414;14748;760;48174;144;96;32342;324;14748;760;48174;144;96;
3127;3 ms;97;48271;0;17;18194;14166;14920;894;48174;3096;2316;31287;1073;14920;894;48174;754;608;31459;901;14920;894;48174;334;224;31799;561;14920;894;48174;144;96;31799;561;14920;894;48174;194;146;31884;476;14920;894;48174;144;96;31969;391;14920;894;48174;174;126;32054;306;14920;894;48174;168;120;
3146;3 ms;97;48271;0;17;18225;14054;15016;879;48174;2972;2192;31208;1071;15016;879;48174;348;300;31378;901;15016;879;48174;318;212;31718;561;15016;879;48174;390;280;31718;561;15016;879;48174;194;146;31803;476;15016;879;48174;180;132;31888;391;15016;879;48174;234;186;31973;306;15016;879;48174;188;140;
3165;3 ms;97;48271;0;17;18245;13649;15332;948;48174;2960;2180;30823;1071;15332;948;48174;426;280;30993;901;15332;948;48174;250;140;31333;561;15332;948;48174;124;76;31333;561;15332;948;48174;124;76;31418;476;15332;948;48174;164;116;31503;391;15332;948;48174;158;110;31588;306;15332;948;48174;124;76;
3184;3 ms;97;48271;0;16;18240;13379;15634;921;48174;2342;1688;30548;1071;15634;921;48174;930;584;30722;897;15634;921;48174;628;456;31091;528;15634;921;48174;256;208;31091;528;15634;921;48174;178;130;31171;448;15634;921;48174;172;124;31251;368;15634;921;48174;128;80;31331;288;15634;921;48174;128;80;
3203;3 ms;97;48271;0;16;18272;13100;15960;842;48174;3223;2424;30364;1008;15960;842;48174;644;392;30524;848;15960;842;48174;188;140;30844;528;15960;842;48174;192;144;30844;528;15960;842;48174;128;80;30924;448;15960;842;48174;128;80;31004;368;15960;842;48174;128;80;31084;288;15960;842;48174;128;80;
3222;3 ms;97;48271;0;16;18296;12744;16296;838;48174;3255;2452;30032;1008;16296;838;48174;144;96;30192;848;16296;838;48174;144;96;30512;528;16296;838;48174;144;96;30512;528;16296;838;48174;144;96;30592;448;16296;838;48174;264;216;30672;368;16296;838;48174;246;198;30752;288;16296;838;48174;154;106;
3241;3 ms;97;48271;0;15;18297;12592;16410;875;48174;2366;1708;29881;1008;16410;875;48174;363;296;30057;832;16410;875;48174;291;224;30394;495;16410;875;48174;204;156;30394;495;16410;875;48174;496;400;30469;420;16410;875;48174;362;272;30544;345;16410;875;48174;204;156;30619;270;16410;875;48174;200;152;
3260;3 ms;97;48271;0;15;18351;12375;16622;826;48174;2967;2172;29781;945;16622;826;48174;536;488;29931;795;16622;826;48174;188;140;30231;495;16622;826;48174;124;76;30231;495;16622;826;48174;174;126;30306;420;16622;826;48174;168;120;30381;345;16622;826;48174;124;76;30456;270;16622;826;48174;124;76;
3279;3 ms;97;48271;0;15;18387;12229;16740;818;48174;3095;2304;29671;945;16740;818;48174;228;180;29821;795;16740;818;48174;184;136;30121;495;16740;818;48174;188;140;30121;495;16740;818;48174;124;76;30196;420;16740;818;48174;124;76;30271;345;16740;818;48174;124;76;30346;270;16740;818;48174;124;76;
3298;3 ms;97;48271;0;15;18415;11871;17070;818;48174;3219;2432;29341;945;17070;818;48174;124;76;29491;795;17070;818;48174;124;76;29791;495;17070;818;48174;124;76;29791;495;17070;818;48174;124;76;29866;420;17070;818;48174;124;76;29941;345;17070;818;48174;124;76;30016;270;17070;818;48174;124;76;
3317;3 ms;97;48271;0;14;18192;11603;17664;715;48174;2983;2444;28913;882;17664;715;48174;442;296;29053;742;17664;715;48174;266;156;29333;462;17664;715;48174;140;92;29333;462;17664;715;48174;140;92;29403;392;17664;715;48174;258;172;29473;322;17664;715;48174;240;160;29543;252;17664;715;48174;141;93;
3336;3 ms;97;48271;0;14;18345;11237;17794;798;48174;2835;2064;28700;882;17794;798;48174;863;612;28840;742;17794;798;48174;267;220;29120;462;17794;798;48174;327;280;29120;462;17794;798;48174;301;254;29190;392;17794;798;48174;187;140;29260;322;17794;798;48174;173;126;29330;252;17794;798;48174;175;128;
3355;3 ms;97;48271;0;14;18522;11086;17442;1124;48174;2589;1936;28726;882;17442;1124;48174;527;484;28866;742;17442;1124;48174;433;332;29146;462;17442;1124;48174;249;144;29146;462;17442;1124;48174;173;130;29216;392;17442;1124;48174;167;124;29286;322;17442;1124;48174;123;80;29356;252;17442;1124;48174;123;80;
3374;3 ms;97;48271;0;13;18427;10472;18096;1179;48174;3582;2812;28080;819;18096;1179;48174;336;192;28210;689;18096;1179;48174;130;88;28470;429;18096;1179;48174;130;88;28470;429;18096;1179;48174;130;88;28535;364;18096;1179;48174;130;88;28600;299;18096;1179;48174;130;88;28665;234;18096;1179;48174;130;88;
3393;3 ms;97;48271;0;13;18459;10244;18292;1179;48174;3338;2564;27884;819;18292;1179;48174;450;408;28014;689;18292;1179;48174;318;276;28274;429;18292;1179;48174;330;288;28274;429;18292;1179;48174;138;96;28339;364;18292;1179;48174;138;96;28404;299;18292;1179;48174;168;126;28469;234;18292;1179;48174;162;120;
3412;3 ms;97;48271;0;12;18228;10089;17660;2197;48174;3220;2568;27561;756;17660;2197;48174;328;188;27681;636;17660;2197;48174;316;212;27921;396;17660;2197;48174;194;152;27921;396;17660;2197;48174;130;88;27981;336;17660;2197;48174;130;88;28041;276;17660;2197;48174;130;88;28101;216;17660;2197;48174;130;88;
3431;3 ms;97;48271;0;12;18262;9933;17786;2193;48174;3214;2440;27439;756;17786;2193;48174;226;184;27559;636;17786;2193;48174;190;148;27799;396;17786;2193;48174;126;84;27799;396;17786;2193;48174;176;134;27859;336;17786;2193;48174;170;128;27919;276;17786;2193;48174;126;84;27979;216;17786;2193;48174;126;84;
3450;3 ms;97;48271;0;12;18279;9698;17992;2205;48174;2840;2188;27221;756;17992;2205;48174;330;288;27341;636;17992;2205;48174;190;148;27581;396;17992;2205;48174;126;84;27581;396;17992;2205;48174;224;134;27641;336;17992;2205;48174;212;128;27701;276;17992;2205;48174;156;114;27761;216;17992;2205;48174;160;118;
3469;3 ms;97;48271;0;12;18316;9569;18088;2201;48174;2836;2184;27129;756;18088;2201;48174;424;284;27249;636;18088;2201;48174;248;144;27489;396;18088;2201;48174;122;80;27489;396;18088;2201;48174;222;180;27549;336;18088;2201;48174;210;168;27609;276;18088;2201;48174;122;80;27669;216;18088;2201;48174;122;80;
3488;3 ms;97;48271;0;12;18350;9461;18170;2193;48174;2834;2060;27055;756;18170;2193;48174;118;76;27175;636;18170;2193;48174;178;136;27415;396;18170;2193;48174;182;140;27415;396;18170;2193;48174;118;76;27475;336;18170;2193;48174;198;156;27535;276;18170;2193;48174;186;144;27595;216;18170;2193;48174;118;76;
3507;3 ms;97;48271;0;11;18179;9444;18370;2181;48174;2946;2172;26872;751;18370;2181;48174;538;496;27040;583;18370;2181;48174;122;80;27260;363;18370;2181;48174;182;140;27260;363;18370;2181;48174;176;134;27315;308;18370;2181;48174;162;120;27370;253;18370;2181;48174;186;144;27425;198;18370;2181;48174;146;104;
3526;3 ms;97;48271;0;11;18679;9185;18522;1788;48174;2958;2184;27171;693;18522;1788;48174;318;276;27281;583;18522;1788;48174;246;204;27501;363;18522;1788;48174;118;76;27501;363;18522;1788;48174;118;76;27556;308;18522;1788;48174;118;76;27611;253;18522;1788;48174;118;76;27666;198;18522;1788;48174;118;76;
3545;3 ms;97;48271;0;11;19812;8932;18838;592;48174;2346;1944;28051;693;18838;592;48174;120;84;28161;583;18838;592;48174;180;144;28381;363;18838;592;48174;304;268;28381;363;18838;592;48174;326;242;28436;308;18838;592;48174;324;208;28491;253;18838;592;48174;220;152;28546;198;18838;592;48174;120;84;
3564;3 ms;97;48271;0;11;19834;8751;19076;513;48174;2090;1692;27892;693;19076;513;48174;326;188;28002;583;19076;513;48174;180;144;28222;363;19076;513;48174;244;208;28222;363;19076;513;48174;372;288;28277;308;19076;513;48174;294;216;28332;253;19076;513;48174;208;144;28387;198;19076;513;48174;190;132;
3583;3 ms;97;48271;0;10;19775;8657;19150;592;48174;1602;1200;27739;693;19150;592;48174;626;492;27849;583;19150;592;48174;438;340;28069;363;19150;592;48174;546;452;28083;349;19150;592;48174;546;458;28152;280;19150;592;48174;292;256;28202;230;19150;592;48174;192;156;28252;180;19150;592;48174;124;88;
3602;3 ms;97;48271;0;10;19901;8099;19500;674;48174;2848;2324;27370;630;19500;674;48174;426;292;27470;530;19500;674;48174;318;220;27670;330;19500;674;48174;128;92;27670;330;19500;674;48174;178;142;27720;280;19500;674;48174;252;216;27770;230;19500;674;48174;196;160;27820;180;19500;674;48174;128;92;
3621;3 ms;97;48271;0;10;19929;7904;19744;597;48174;2832;2312;27203;630;19744;597;48174;326;188;27303;530;19744;597;48174;180;144;27503;330;19744;597;48174;184;148;27503;330;19744;597;48174;170;134;27553;280;19744;597;48174;242;168;27603;230;19744;597;48174;186;118;27653;180;19744;597;48174;120;84;
3640;3 ms;97;48271;0;9;19696;7853;19930;695;48174;3078;2436;26982;567;19930;695;48174;638;500;27072;477;19930;695;48174;188;152;27252;297;19930;695;48174;184;148;27252;297;19930;695;48174;178;142;27297;252;19930;695;48174;124;88;27342;207;19930;695;48174;124;88;27387;162;19930;695;48174;124;88;
3659;3 ms;97;48271;0;9;19730;7470;19932;1042;48174;3206;2560;26633;567;19932;1042;48174;224;188;26723;477;19932;1042;48174;180;144;26903;297;19932;1042;48174;184;148;26903;297;19932;1042;48174;120;84;26948;252;19932;1042;48174;120;84;26993;207;19932;1042;48174;120;84;27038;162;19932;1042;48174;120;84;
3678;3 ms;97;48271;0;9;19900;7235;17196;3843;48174;2710;2064;26568;567;17196;3843;48174;216;180;26658;477;17196;3843;48174;180;144;26838;297;17196;3843;48174;116;80;26838;297;17196;3843;48174;216;180;26883;252;17196;3843;48174;204;168;26928;207;17196;3843;48174;146;110;26973;162;17196;3843;48174;140;104;
3697;3 ms;97;48271;0;9;19926;7165;17244;3839;48174;2706;2060;26524;567;17244;3839;48174;212;176;26614;477;17244;3839;48174;176;140;26794;297;17244;3839;48174;112;76;26794;297;17244;3839;48174;212;176;26839;252;17244;3839;48174;200;164;26884;207;17244;3839;48174;112;76;26929;162;17244;3839;48174;112;76;
3716;3 ms;97;48271;0;8;19704;7083;17557;3830;48174;2706;2060;26265;522;17557;3830;48174;428;392;26363;424;17557;3830;48174;184;148;26523;264;17557;3830;48174;240;204;26523;264;17557;3830;48174;228;192;26563;224;17557;3830;48174;120;84;26603;184;17557;3830;48174;150;114;26643;144;17557;3830;48174;152;116;
3735;3 ms;97;48271;0;8;19723;7038;20918;495;48174;2218;1816;26257;504;20918;495;48174;424;388;26337;424;20918;495;48174;308;272;26497;264;20918;495;48174;184;148;26497;264;20918;495;48174;170;134;26537;224;20918;495;48174;320;208;26577;184;20918;495;48174;282;182;26617;144;20918;495;48174;144;108;
3754;3 ms;97;48271;0;8;19747;6838;16866;4723;48174;2826;2180;26081;504;16866;4723;48174;316;280;26161;424;16866;4723;48174;236;200;26321;264;16866;4723;48174;176;140;26321;264;16866;4723;48174;112;76;26361;224;16866;4723;48174;112;76;26401;184;16866;4723;48174;112;76;26441;144;16866;4723;48174;112;76;
3773;3 ms;97;48271;0;8;19779;6662;17014;4719;48174;3070;2424;25937;504;17014;4719;48174;320;284;26017;424;17014;4719;48174;112;76;26177;264;17014;4719;48174;112;76;26177;264;17014;4719;48174;112;76;26217;224;17014;4719;48174;112;76;26257;184;17014;4719;48174;112;76;26297;144;17014;4719;48174;112;76;
3792;3 ms;97;48271;0;8;19905;6447;15620;6202;48174;2826;2180;25848;504;15620;6202;48174;108;72;25928;424;15620;6202;48174;108;72;26088;264;15620;6202;48174;108;72;26088;264;15620;6202;48174;158;122;26128;224;15620;6202;48174;152;116;26168;184;15620;6202;48174;108;72;26208;144;15620;6202;48174;108;72;
3811;3 ms;97;48271;0;8;19935;6407;15994;5838;48174;2572;2048;25838;504;15994;5838;48174;208;172;25918;424;15994;5838;48174;104;68;26078;264;15994;5838;48174;104;68;26078;264;15994;5838;48174;154;118;26118;224;15994;5838;48174;148;112;26158;184;15994;5838;48174;104;68;26198;144;15994;5838;48174;104;68;
3830;3 ms;97;48271;0;7;21090;6296;16216;4572;48174;2442;1924;26942;444;16216;4572;48174;410;380;27015;371;16216;4572;48174;226;196;27155;231;16216;4572;48174;226;196;27155;231;16216;4572;48174;156;126;27190;196;16216;4572;48174;102;72;27225;161;16216;4572;48174;102;72;27260;126;16216;4572;48174;102;72;
3849;3 ms;97;48271;0;7;21104;6198;16304;4568;48174;1954;1680;26861;441;16304;4568;48174;406;376;26931;371;16304;4568;48174;230;200;27071;231;16304;4568;48174;102;72;27071;231;16304;4568;48174;102;72;27106;196;16304;4568;48174;142;112;27141;161;16304;4568;48174;222;136;27176;126;16304;4568;48174;170;96;
3868;3 ms;97;48271;0;7;21261;5787;16558;4568;48174;2814;2296;26607;441;16558;4568;48174;518;488;26677;371;16558;4568;48174;170;140;26817;231;16558;4568;48174;106;76;26817;231;16558;4568;48174;106;76;26852;196;16558;4568;48174;106;76;26887;161;16558;4568;48174;106;76;26922;126;16558;4568;48174;106;76;
3887;3 ms;97;48271;0;7;24538;5621;16712;1303;48174;2822;2432;29718;441;16712;1303;48174;100;76;29788;371;16712;1303;48174;100;76;29928;231;16712;1303;48174;100;76;29928;231;16712;1303;48174;100;76;29963;196;16712;1303;48174;100;76;29998;161;16712;1303;48174;100;76;30033;126;16712;1303;48174;100;76;
3906;3 ms;97;48271;0;7;24550;5635;16682;1307;48174;2442;2052;29744;441;16682;1307;48174;92;68;29814;371;16682;1307;48174;92;68;29954;231;16682;1307;48174;92;68;29954;231;16682;1307;48174;92;68;29989;196;16682;1307;48174;92;68;30024;161;16682;1307;48174;122;98;30059;126;16682;1307;48174;116;92;
3925;3 ms;97;48271;0;7;25596;5542;15170;1866;48174;2196;1928;30697;441;15170;1866;48174;92;68;30767;371;15170;1866;48174;152;128;30907;231;15170;1866;48174;156;132;30907;231;15170;1866;48174;92;68;30942;196;15170;1866;48174;92;68;30977;161;15170;1866;48174;92;68;31012;126;15170;1866;48174;100;76;
3944;3 ms;97;48271;0;6;26942;5479;15476;277;48174;2186;1924;32043;378;15476;277;48174;182;164;32103;318;15476;277;48174;146;128;32223;198;15476;277;48174;82;64;32223;198;15476;277;48174;82;64;32253;168;15476;277;48174;82;64;32283;138;15476;277;48174;82;64;32313;108;15476;277;48174;82;64;
3963;3 ms;97;48271;0;6;26954;5201;15738;281;48174;2310;2048;31777;378;15738;281;48174;82;64;31837;318;15738;281;48174;82;64;31957;198;15738;281;48174;82;64;31957;198;15738;281;48174;82;64;31987;168;15738;281;48174;82;64;32017;138;15738;281;48174;82;64;32047;108;15738;281;48174;82;64;
3982;3 ms;97;48271;0;6;26974;4925;15998;277;48174;2196;2056;31521;378;15998;277;48174;288;172;31581;318;15998;277;48174;216;136;31701;198;15998;277;48174;90;72;31701;198;15998;277;48174;90;72;31731;168;15998;277;48174;130;112;31761;138;15998;277;48174;124;106;31791;108;15998;277;48174;90;72;
4001;3 ms;97;48271;0;6;26984;4793;16116;281;48174;2190;1928;31399;378;16116;281;48174;86;68;31459;318;16116;281;48174;146;128;31579;198;16116;281;48174;150;132;31579;198;16116;281;48174;86;68;31609;168;16116;281;48174;86;68;31639;138;16116;281;48174;86;68;31669;108;16116;281;48174;86;68;

Fixed time simulation end ########################################

